607.0 615.9347821341071
1003.0 959.6281498921453
729.0 757.7735338092316
1897.0 2186.9309571839403
584.0 534.3239463682403
571.0 544.59576906031
723.0 721.9821076528169
1238.0 1640.3671520204953
130.0 131.99924808513606
225.0 211.0046690144227
247.0 281.17513256293023
127.0 357.2311295098043
503.0 525.474059800501
638.0 639.002972768154
656.0 711.9969951356761
1150.0 1099.3706632717895
6060.0 6306.224082667002
4246.0 6209.082297878209
3099.0 7224.643091539954
534.0 534.3239463682403
501.0 502.005306197505
1730.0 1242.4434048826806
414.0 438.00228113773846
2093.0 1672.5581041304104
4297.0 2285.6073290275235
3284.0 3620.8321941790637
2561.0 3869.3493071993853
2696.0 4828.587277626246
3108.0 3109.4230193333606
2192.0 1766.0559460831719
442.0 372.2853190063033
447.0 416.04735730215907
564.0 710.8635261496529
874.0 740.687132952804
631.0 403.13565202086465
267.0 281.17513256293023
299.0 286.003919839859
220.0 199.9966318034567
380.0 416.08747569875413
4525.0 3066.8937633767637
3303.0 4096.990934318863
3268.0 2108.5817126603233
1035.0 414.8120764042833
1182.0 477.657964582555
315.0 339.094265871041
647.0 677.3714370862581
1153.0 1104.3804782587176
1390.0 1278.211556746348
6371.0 6393.350317893812
5675.0 5382.728080319939
4726.0 4555.4198980229085
1785.0 2129.9581001756596
2241.0 2171.953479132586
1419.0 1422.1522318285715
10409.0 10521.981368019711
2341.0 2663.65144651226
2928.0 1230.7356518734596
4991.0 9046.67880404645
5003.0 6871.564834441775
3544.0 3244.2512135137804
6191.0 5747.597752876347
10943.0 10675.483573781297
12329.0 22000.655367710166
11641.0 16899.05790988136
13364.0 14947.064465761432
19441.0 23114.332193115937
20202.0 20515.71697912512
27261.0 27464.787417340198
9248.0 15366.9913824752
13849.0 9285.976260529082
12914.0 8330.800043220872
11703.0 15001.467899718293
7315.0 8255.430839773966
9942.0 13641.820104494516
11802.0 10140.394678176148
1984.0 1998.9523975525517
3170.0 3189.0018126575114
4174.0 3813.640791851649
2662.0 2883.6251395055733
5280.0 5312.197075452888
4993.0 5493.183743099275
1673.0 1670.0058368678
7254.0 6392.0083619179095
14879.0 5572.097458761265
5506.0 12048.228353229933
12990.0 12079.802498694526
8254.0 11552.508551384672
20968.0 15089.071482121246
8079.0 6089.982361131653
5357.0 6966.282382385572
4834.0 4134.556770448806
7770.0 11558.682007168187
15280.0 9248.336222130049
12006.0 5466.990542906979
8880.0 9605.468561842205
632.0 572.3135650146287
8776.0 8183.488629395841
13701.0 11569.951002026048
1461.0 1553.31404699618
3662.0 4533.588083229821
3589.0 3735.6503494957287
1089.0 1104.0016870063264
1641.0 1612.983906893991
1500.0 1565.9927283814177
1353.0 2924.452154195751
1941.0 1899.9367866559187
2133.0 2195.0080227966537
2703.0 2705.9962239633314
3887.0 2692.019588387957
5077.0 8314.713336078814
44219.0 35568.48138361045
9294.0 11056.241436287528
8323.0 11103.61586910177
15414.0 12640.793746738404
17747.0 13804.902193108865
3409.0 4811.24550530361
10186.0 8982.947818260509
11694.0 16445.911005889648
21151.0 12739.814332270296
20068.0 36170.721067830535
4851.0 6779.467814315896
9009.0 9894.551097495714
3846.0 4289.313089062227
7717.0 7835.0993225434795
6488.0 6479.444548743104
7290.0 6168.090564305196
12160.0 10215.997259421718
15972.0 12487.233565857488
1186.0 1212.4133846374461
20014.0 14652.034605518013
9020.0 9514.815731839393
4065.0 3438.119166567747
6863.0 5455.987907470204
8993.0 10281.910330762705
2267.0 2328.213131053315
2802.0 2454.3852371275425
4603.0 7064.820877109283
6154.0 7011.9133620255525
3055.0 4013.8300424455665
4264.0 3269.736348767954
11698.0 9907.722494473172
11211.0 4532.812443783041
7321.0 8543.189026768545
3910.0 5877.77499177499
2139.0 3613.1233328715607
2327.0 2331.5936329275137
4484.0 4485.041264943933
1312.0 1332.972457844764
1441.0 1423.1703519420698
1465.0 1355.0510401166975
585.0 630.1674438532209
405.0 408.9941928963526
466.0 437.00624553626403
3143.0 3085.0369270280935
2334.0 2047.0251213773154
15673.0 20066.91133677157
6094.0 5149.166126306402
3228.0 3235.923901653383
4757.0 4398.889691842272
6404.0 7277.1777159954545
10950.0 17012.32300679112
1407.0 1393.8906144665089
1627.0 1188.2036239169538
1534.0 1475.9935969850048
10920.0 11594.67251171096
22492.0 12122.436209015548
9756.0 10165.303818608052
15915.0 10404.408602985786
28015.0 25685.789175152575
3796.0 4128.000759753224
1749.0 1797.837270200369
3038.0 2477.574934362434
2121.0 2494.38865795359
2530.0 2725.732548097614
3885.0 3922.4541049816817
4116.0 4038.9351517559135
5581.0 3777.1569099402986
456.0 463.9855184328044
692.0 686.0122189127869
4387.0 4447.756502621225
7754.0 8306.506073080469
17162.0 7984.0742168177685
1677.0 1526.8688185763313
2695.0 3173.048898118548
3703.0 4131.301663783914
4385.0 4374.320211579841
1051.0 1096.4530421558302
860.0 897.2715637371875
1118.0 1165.8295683560427
1226.0 1365.7915246165358
985.0 1286.9693045886233
1788.0 1804.382252978292
451.0 443.00603606383083
857.0 852.9816115048561
4167.0 5902.584292425614
3188.0 2165.8002098092693
876.0 923.4256552864099
790.0 502.4624631884508
2442.0 -168.49716343992623
252.0 291.86883578135166
5614.0 4205.653907167594
4978.0 7685.894700032921
4288.0 3594.9619845442357
3919.0 4416.721260859449
375.0 356.0005877080839
920.0 959.4807969660615
1351.0 1294.974093642726
652.0 669.9941713460721
964.0 2071.5926139707663
1374.0 1356.3049283717555
6824.0 6309.3734496156685
12521.0 17134.34864209777
11429.0 20600.89655564929
11986.0 23090.49401477303
41744.0 39177.838295195805
18577.0 17683.825822423907
18663.0 16192.612415080002
14363.0 20867.963858747622
8619.0 7049.419192598201
1341.0 1644.0180934350938
2206.0 1994.701521020579
2139.0 2012.0790153566559
9660.0 9582.964832616468
9283.0 10274.192999300067
6437.0 3639.927626482793
3422.0 5606.618621835369
2591.0 2815.885667074006
2480.0 2625.4659742824733
5974.0 8612.196286175618
3014.0 2000.5717009970977
891.0 853.996480004047
889.0 959.4807969660615
621.0 676.9985034214333
622.0 620.9839474186301
4947.0 5048.318585538305
5152.0 5415.455948845483
17544.0 8094.745944236172
24949.0 14856.564385964279
2647.0 3493.800262917299
1799.0 1676.0742696057532
799.0 651.4511392036802
1960.0 2071.7330556968227
1792.0 2215.00261758361
1805.0 1543.0748949376866
377.0 326.31522109464277
991.0 1008.2384853349649
890.0 3330.3671783203026
11346.0 8169.092679834692
5569.0 8575.858209378217
4729.0 8457.984431165707
1125.0 1416.2989984347369
1647.0 2788.5302203344763
1613.0 1680.027513020672
5632.0 5766.774095498295
957.0 918.531966517694
1141.0 1369.4213101424975
10556.0 11219.987741036268
7331.0 7046.929034048213
1818.0 2116.8674518057087
2065.0 2094.0019536409527
2249.0 2336.980005804915
6582.0 6880.241750819841
1780.0 1895.257111464627
3193.0 3301.207857983216
4072.0 4844.624592309468
5656.0 9636.78527254422
9218.0 11093.452779875399
56421.0 31451.59982822532
30297.0 27232.67131523472
28391.0 27995.467374259777
32721.0 27362.415826453027
14419.0 6063.998495015167
26072.0 12753.751891591266
11047.0 10197.879056698377
19112.0 19962.88654390807
4252.0 3631.1114906697912
7307.0 7753.874512381168
4384.0 4445.426443567034
8403.0 7967.264881303534
26996.0 25399.239658801886
16246.0 27262.75309790017
20692.0 18751.00798819051
16067.0 17150.771549427358
18587.0 11536.506403435247
6954.0 6880.241750819841
4810.0 4638.816181552681
11518.0 13802.80825166573
8897.0 9277.23083081143
7664.0 11823.438853529049
3531.0 3684.8953161643003
4343.0 3813.6754034985615
6205.0 5696.797007033092
2293.0 2159.47558473947
2222.0 2153.502177579212
4766.0 6686.660376427812
9326.0 8424.228593439508
19474.0 13345.225819449042
14247.0 12581.68954225746
2621.0 4318.018048944563
6256.0 6494.920714168227
5646.0 3597.2740377895534
5582.0 6373.345730363624
3691.0 2904.491451094993
4611.0 4506.854736762674
6148.0 2825.7660360815917
4963.0 10511.52115928039
28726.0 32523.041126284654
61008.0 42085.31504314384
13110.0 6265.87576528661
17324.0 30206.980671460573
60651.0 45574.41979535279
56284.0 62869.405210633995
69383.0 58402.789442142035
44154.0 61884.5700242501
39970.0 12558.802851232369
45460.0 30782.80580453169
9348.0 24485.194692784557
23695.0 33961.00335928098
48913.0 46464.97886248775
12687.0 40644.664651042025
52868.0 56009.624178097394
38650.0 39874.281871064624
38536.0 24260.980213743023
57923.0 40867.63428207279
59857.0 48651.1024235517
16108.0 21018.830714223663
22866.0 19501.40315823359
20938.0 23466.13885609068
13523.0 6223.752580625298
12024.0 14654.905882342604
24960.0 18952.629778644085
11449.0 25291.744375167225
16455.0 32880.372991921286
40086.0 31798.240060021122
5891.0 5937.798125664936
5883.0 7443.842576871924
8252.0 7297.771967441011
4763.0 8378.45016677395
5725.0 6319.481916506358
17528.0 17140.69454694318
15536.0 13412.683950511666
25458.0 23165.198957844696
23782.0 21647.677312850778
14249.0 14146.086643292045
12280.0 11117.612338339677
11272.0 13609.786039865889
25376.0 33757.594032161054
76418.0 46312.01552360034
26532.0 30316.995847783266
37025.0 38665.59854112706
38857.0 40704.4051892769
36997.0 42340.067591000115
43955.0 38940.32611535296
19360.0 18124.738031529356
72796.0 77340.41766374385
40008.0 37523.259702079784
27487.0 30206.124474254117
53187.0 42431.62326020055
42959.0 42969.243480620826
34968.0 47096.03726728711
15670.0 12850.88698215298
8339.0 11673.721845638107
12764.0 15062.559488619847
14232.0 19034.367678822786
29667.0 43560.41239137893
17718.0 19696.645275000163
21811.0 21793.43048033263
29568.0 25364.11070259416
20607.0 27963.599562095478
11889.0 26813.447262161877
11965.0 12374.668572590846
10521.0 15458.979338957346
47862.0 42036.44197642433
31764.0 30851.829545109846
34459.0 62147.15151306277
31047.0 26233.487379166552
23720.0 27015.385055001258
16041.0 22218.849064558322
34055.0 27603.938212784356
27417.0 25961.162581353296
20308.0 21610.367171499092
23283.0 22166.922016780933
13253.0 13233.108876400045
28861.0 30404.715939010697
11224.0 12682.091307066046
13488.0 11078.344877363037
5878.0 2741.783246589359
15919.0 11730.207594462205
5924.0 5945.076888721931
6314.0 6480.165578373242
3671.0 3670.3711698786356
12336.0 10948.024225367375
28541.0 35977.52293298536
41206.0 42829.690566975405
31014.0 30027.633933335048
36952.0 51958.295514516816
76091.0 54144.640096178206
67524.0 48737.859902406235
15353.0 24382.994993151104
39628.0 26058.87718410493
28665.0 15674.806390418671
12741.0 12506.903081752134
10994.0 7796.758688597358
23777.0 41685.990040176664
32590.0 31433.145596728937
4310.0 4880.962631554343
12720.0 7204.2317527968835
12587.0 11007.913414270079
11187.0 22620.845260256803
14507.0 16077.578852220584
5503.0 9360.222737487988
5051.0 6101.705047715906
4707.0 9627.948600866488
7579.0 7352.765928247947
12211.0 15045.298810659751
48362.0 25681.34153193755
20393.0 16637.0324481746
7928.0 15458.70559091447
1820.0 2236.88690858896
2535.0 3287.479370328132
2196.0 1900.769468031358
4013.0 3932.360484580491
5156.0 5782.869720810395
20540.0 17042.401075891936
14900.0 15498.948481357625
6216.0 10921.504575057283
5124.0 15617.621602452411
14319.0 14607.828334738593
27737.0 30806.60401591468
21103.0 31867.484684645886
12684.0 21540.99393523678
17397.0 15460.332425773231
27846.0 28149.195322782332
39812.0 23236.100070264736
13587.0 16051.841076306919
12987.0 10566.779090410797
20904.0 18320.16725344525
18486.0 17042.401075891936
44110.0 40506.617087307095
62661.0 66890.51322573825
20668.0 20654.96364248403
18751.0 14714.72263809036
9930.0 9088.921376072802
18106.0 16835.04162585916
11252.0 13060.329610244084
11708.0 11674.9657083372
20038.0 11676.732420030574
10045.0 12761.760935159655
15441.0 11906.773791976877
7337.0 8086.006488575935
6005.0 12774.409595698993
12482.0 18171.50214753051
24829.0 24646.093621208565
27387.0 17209.84826818417
8868.0 6584.376979636771
7115.0 6793.033748231108
529.0 540.0888625339721
752.0 731.7527908128686
1271.0 1292.1788490646395
1242.0 1138.8791664172022
9683.0 8709.221144183539
14251.0 11007.827803579461
2184.0 2638.231133987545
6831.0 6823.312382172335
1355.0 1340.0001152311452
1101.0 1054.874757909216
1647.0 1913.012846965874
2422.0 2706.9726756342097
2403.0 1168.2016015333356
9342.0 8709.221144183539
9278.0 11949.13249469793
30482.0 26428.13390875881
20192.0 35360.15585018428
8447.0 13579.575296668918
14983.0 14961.88625103503
14446.0 14396.029686143622
11814.0 13482.062807370545
4139.0 4597.899111506471
2931.0 2914.7826576181033
3106.0 3303.0670208699084
3556.0 4480.000568386873
5305.0 5615.579399566988
13868.0 12072.754165418912
34386.0 30991.565988671333
5304.0 5275.454097749665
9034.0 8865.46211284888
7935.0 10532.49043289671
3895.0 4058.6528895022348
3734.0 4941.938717399724
6167.0 5239.507921484765
9596.0 9989.524678257541
8716.0 8533.74570230148
1245.0 1279.1486249365844
2400.0 2251.398897399242
2667.0 2539.9945274776946
6089.0 5890.565105773625
5739.0 6363.614378355909
7007.0 6197.801317186095
1682.0 1664.382691291743
2684.0 2426.1019759487244
2157.0 2358.657262278255
1950.0 2022.2939170203172
3949.0 4844.3199897908635
4217.0 4445.6014871103125
4149.0 3859.403115735806
4364.0 4310.2424245010225
2320.0 1455.5498993360088
3600.0 3391.985536362976
2413.0 2371.964740884192
9103.0 11142.066326218526
3290.0 3755.4510682964756
6144.0 3541.269411595
2513.0 2674.7356436841947
3587.0 3810.097857524175
24071.0 29828.917088852813
17698.0 17506.99849015083
6667.0 10984.76310334052
9223.0 9900.974498092313
34374.0 31370.557448932683
71277.0 42511.379420968515
66050.0 67025.88197825591
51181.0 45313.34897947154
53691.0 50189.89854178756
17955.0 38280.84082909799
46313.0 46820.77896683452
58808.0 42543.93211716482
44284.0 60852.4103950925
9767.0 13490.315888074489
19781.0 11820.821098143046
23026.0 20384.79358216352
28087.0 19465.827841881597
33874.0 38437.50677373867
35623.0 18436.82348305102
27083.0 31866.37860817503
28260.0 32582.66097826406
33523.0 34317.27547338605
49151.0 52990.64356767023
7024.0 13514.590071326122
33034.0 59691.01610710177
63084.0 60084.65026844697
11853.0 20928.963146282767
14675.0 19305.399061471457
32520.0 22634.575622992823
15844.0 19337.252393612638
14824.0 10923.356753654254
18777.0 23936.08372872864
15683.0 19174.305072238567
13428.0 13464.164515951852
22513.0 22278.015791975195
22208.0 21738.94160386594
1994.0 2448.888135309797
17342.0 13130.445531588499
16079.0 17340.528446371332
10663.0 14121.106555383652
22407.0 20999.796391292417
8306.0 8936.655701994241
14800.0 9482.975137350146
6110.0 5440.996975445712
6483.0 6185.780632108392
4344.0 7343.8140216469765
7147.0 7626.9977285084315
5924.0 11249.578642827517
7763.0 8492.099138415651
12619.0 11959.825766562832
20069.0 21095.104617368568
37677.0 32779.97600977279
30486.0 39320.62946266629
30010.0 43568.58901252352
9352.0 12428.826368526788
39766.0 33580.85520568564
26671.0 34312.337481891795
33487.0 39014.171467053966
44828.0 30684.872115896316
25691.0 24258.203351909408
24209.0 22840.120014101543
25911.0 26211.165666635465
15128.0 14113.900401207662
15305.0 13338.81270728272
14041.0 20658.792632155702
14214.0 27413.985234933614
5367.0 9247.213837331976
4096.0 4892.529435398203
6244.0 4435.649514546589
7299.0 7613.236795542762
22624.0 27036.320093498696
11918.0 10950.425451642455
12033.0 11809.433289203094
10108.0 11036.713220599351
966.0 914.2553980635712
1623.0 1580.783362406306
1533.0 1533.8525830116123
3573.0 3982.228593439504
12361.0 8943.066196178876
2374.0 2322.0038160135155
1863.0 1897.4087875708938
2749.0 2866.9665612378158
4204.0 4047.829231704891
3929.0 3898.7473556406603
4835.0 4321.212434167974
3689.0 3997.81480079412
5975.0 3267.3589591849595
5384.0 5997.465352116684
4903.0 10106.066507901822
44357.0 36657.91723799052
3094.0 3120.151657263981
15406.0 15828.58221183598
7161.0 7704.513794219412
13385.0 14230.141641856317
11306.0 14256.189141585724
2940.0 2938.737675392069
2176.0 2479.4050566894
24818.0 20406.632722793613
30029.0 24875.393107954897
9894.0 10718.80091490288
10002.0 11486.684206912487
5032.0 5143.282111364184
4666.0 4681.158115456068
6325.0 6341.473835687023
7418.0 5904.282389219501
6409.0 3690.061452897731
17937.0 19338.85011612471
29655.0 23795.074274432714
50142.0 37399.01792039392
2770.0 2025.584372553334
1139.0 1106.7646356236073
1228.0 2057.9962104338338
3229.0 2461.9223687262274
4798.0 5494.359895374626
7140.0 7178.555961262551
22582.0 18864.09834401842
21030.0 21081.087025966775
21950.0 38883.27007987595
15368.0 22896.785408203352
18836.0 24323.662467003152
6384.0 5072.521869204007
17775.0 11250.978316206601
10739.0 13866.389414486446
13329.0 9388.611333730834
11580.0 11580.761149815604
2967.0 2461.9223687262274
19592.0 32519.20568513086
7668.0 11386.711258280004
9661.0 8760.429810426664
5668.0 9233.833349414723
9581.0 9410.878360297342
6601.0 6528.405486237491
6632.0 6730.306686658412
7797.0 12466.687018645142
7176.0 16281.744254610836
3746.0 4872.092130107398
5989.0 5887.9269646328175
16165.0 19280.376537528093
6163.0 7963.06217889933
9277.0 9250.640227246447
6509.0 6924.12183005549
10143.0 9413.948534377036
9763.0 7740.0810465830145
11589.0 14563.952356601018
4598.0 9874.729879555409
374.0 301.06046310838065
1947.0 1992.8957818023919
1952.0 2418.908947664313
3397.0 3287.012986652049
1068.0 1036.5865953153698
1529.0 1427.999390766956
1570.0 1556.0012734644115
2280.0 2265.479884800887
2485.0 2359.954862870196
531.0 553.9000657652505
684.0 714.0127899457802
623.0 667.0035358924652
1141.0 1193.989911591063
2469.0 2277.0577182938287
2059.0 2172.351020579459
2210.0 2021.2834918852895
3367.0 3260.7670352803543
9219.0 8517.113181432775
22726.0 24186.610646456124
19299.0 25352.268073594703
18882.0 16806.3415630417
12623.0 10624.017302850552
23380.0 12341.043471101788
3602.0 2479.9943217391847
4779.0 5129.590117112966
8742.0 7616.310596702679
3970.0 5825.261571885785
6104.0 6538.160321932402
13905.0 9763.489928839961
1498.0 1443.7505773669109
1583.0 1447.00798973348
16824.0 17830.584621488815
13149.0 12917.201892382232
6153.0 4185.046590590035
4139.0 8658.010085035134
3064.0 3147.844598497264
2046.0 2246.719635424204
4571.0 4511.74667371398
496.0 553.9000657652505
5320.0 5860.714070033253
7917.0 7609.367837356535
2298.0 2306.7276343166595
1731.0 1884.419904964103
2644.0 3038.0842577777803
1189.0 1188.8423252895009
823.0 973.1197808810975
1370.0 1635.7057233196683
1150.0 1128.828852165956
1481.0 1571.8637948083997
498.0 510.9763430899475
639.0 600.0009583337232
769.0 734.988911242981
776.0 789.0055298142652
6878.0 5159.60504744215
4062.0 3921.240532097174
8823.0 14611.175949496901
5963.0 11239.377266713205
10892.0 13104.133186594085
5175.0 8337.274513727105
1315.0 1164.7951344409375
1084.0 1120.1594669218175
953.0 1323.105989692267
1397.0 1397.1539368820377
1825.0 1853.8463306025587
2979.0 2261.898094372824
4729.0 2162.478157814963
2363.0 2145.46370299055
10998.0 10939.174133418968
10473.0 12296.917331963305
13381.0 15072.516105517652
23576.0 25904.953833247768
24461.0 16167.661901687046
9281.0 8255.521129168017
14472.0 16626.21698057092
3688.0 3629.025433945004
5964.0 5731.41468287225
4058.0 4176.371033805088
6958.0 8382.644662408697
13091.0 22474.43079455444
20665.0 20166.34997949491
20921.0 21760.48351992386
16269.0 21680.230581862033
22572.0 24353.345266252712
12379.0 11079.242898433236
28568.0 30130.870039664
42224.0 50792.01098962775
49986.0 53225.39577790209
31315.0 40327.87996537372
14066.0 10319.000974198105
12409.0 17733.10564740173
19558.0 23378.550577630987
4712.0 4816.973132720217
8119.0 8150.770836577285
26318.0 18675.194631923223
11091.0 17772.953188907224
14049.0 22814.14135244617
10537.0 12805.603231664863
13796.0 15117.284935790394
45588.0 32418.906609592115
31202.0 45838.894837514956
28312.0 24176.915273637867
20209.0 19513.82811965073
9811.0 9866.463955620173
7363.0 12401.701545978009
12265.0 6722.158622351475
9180.0 10039.067914567015
9176.0 11288.644069042872
2082.0 2001.0481699333177
2782.0 2623.194111640949
6270.0 5212.883131118673
18168.0 13568.96938629169
36254.0 39218.28146750637
38869.0 34451.738036331546
13797.0 14037.496810146957
21054.0 20003.406688567367
24814.0 25103.30632980406
30608.0 25247.26742502782
23754.0 22966.059097401623
21441.0 22024.057095844488
17979.0 18363.446015390102
5907.0 6076.294008692086
12766.0 9833.591189385625
16993.0 14314.978156309824
19031.0 13300.473911216692
2539.0 2455.6195797743276
2727.0 2893.9782086801715
2878.0 2623.194111640949
3892.0 3981.9926730728293
4489.0 4359.03255302752
27479.0 25651.989393488737
4011.0 4121.740089151601
5079.0 4258.708349961322
4550.0 4705.110920376459
6681.0 6220.242465731217
8582.0 8015.84004806749
4014.0 3852.9719842690974
10120.0 8100.413325609843
9757.0 8933.433411212463
8367.0 8463.041040984292
4900.0 7063.839361786086
489.0 333.1357567133382
2625.0 2536.539931614592
3471.0 3370.167857262073
6379.0 6159.180842761592
6612.0 6982.16286647922
2656.0 2684.574328079412
4119.0 3032.349441931583
2833.0 2847.025426115375
2797.0 2977.9945832085796
895.0 849.9166867276654
840.0 820.6252934650984
2768.0 2917.577587568201
941.0 941.0180584373884
1434.0 1531.9720488702878
1271.0 1373.5976169279857
4554.0 4628.588571608168
1631.0 1491.3443018846228
1565.0 1512.9728081219291
4445.0 4277.403478680702
3637.0 3281.3213663033675
19742.0 31339.70744470606
5463.0 5473.429323513978
21785.0 16955.62414569524
8706.0 9805.428870728265
11380.0 8511.32591627902
7860.0 7371.85035980781
10638.0 15204.477887764877
2353.0 2038.6111291761626
2254.0 2429.989362162538
2192.0 2405.0152814572793
4313.0 3032.349441931583
3728.0 3676.4225379938507
4483.0 4121.639023782962
25608.0 13438.927888868013
26079.0 23534.164577452233
25248.0 14588.278669795254
11768.0 12233.852304958506
11351.0 13296.980679135537
7434.0 7006.148934972036
5299.0 7892.692173672607
10202.0 9637.267345866032
1210.0 1243.404825142019
1224.0 1354.4209513341048
8134.0 7358.743695963873
6554.0 6353.420109445113
19314.0 19963.60950195574
4469.0 4335.625552097452
5066.0 4910.814454461215
5138.0 4777.0999735649675
6580.0 5752.104614017105
6550.0 7050.983439513705
2259.0 2197.478384249349
1628.0 1651.2537466876674
2446.0 2304.0676934782596
2098.0 2274.9440111673903
3531.0 3922.9667540957
859.0 861.3186091052485
950.0 937.0099597577937
1358.0 1402.1711937239015
4819.0 4722.722227957547
1568.0 1575.3411616256017
14355.0 14963.776022095706
11419.0 12577.10596306203
7938.0 6799.339898165315
5180.0 4812.097218990621
1663.0 1477.448856990086
2455.0 3184.0811035949737
1910.0 1692.1895769760013
3304.0 3195.0734278646923
468.0 446.1233972227201
602.0 626.7906192848459
8470.0 5140.614611844416
4865.0 8384.190776370486
1335.0 1356.9894771595136
1406.0 1611.9749342866708
1504.0 1607.988489246818
1878.0 7442.4610339473875
4785.0 6748.204466930045
5641.0 5478.509343702928
8491.0 5558.529310033075
18952.0 24520.103386642375
45558.0 24885.341255233536
18714.0 25209.905167730714
6249.0 6155.7411918594735
9062.0 8516.9650538055
13146.0 9566.14798621157
11405.0 12454.39767602086
2324.0 2052.0905134893255
5783.0 5665.981609755545
4410.0 4479.526610668749
2449.0 2456.984191621188
4168.0 3886.8453423283063
41820.0 38241.16204284894
10924.0 10739.462142108241
7813.0 7068.108687323576
6602.0 6282.693929812493
4268.0 4715.829187123571
817.0 826.0029315663269
869.0 828.3776597087272
1607.0 1828.9556995718522
1701.0 1683.9975951507367
5669.0 6744.977235906015
11249.0 9918.79551941741
11410.0 7980.959345072965
13047.0 4368.721618498317
5215.0 4826.348038076889
4992.0 7563.055725988001
5578.0 4352.805937870871
6900.0 6585.531794491533
12452.0 6245.969566352593
1610.0 1790.4147304095095
2184.0 1818.2200874572736
2602.0 2881.3960680189866
2866.0 2547.415520772405
7954.0 7447.841459796415
3244.0 7553.020084390417
2282.0 2542.2023174585775
2576.0 13068.761914744126
1328.0 1763.7210243974114
1306.0 1991.0103960873676
1344.0 1338.0145113342442
8488.0 8756.323606653226
1967.0 1237.7631612471523
17839.0 11013.347832370433
11516.0 7016.227601923136
8148.0 7353.965968021759
27853.0 10128.587060960737
5586.0 2552.5639628753997
3240.0 6796.489924658381
164.0 165.00442290568026
705.0 639.6927109844983
528.0 484.38604478940397
2242.0 2181.0028555796016
1077.0 883.8609517709701
441.0 478.2582754646428
641.0 619.0148686529137
548.0 536.1847174856812
426.0 177.66409086954081
13296.0 18161.14224373642
12639.0 8635.566653458753
14326.0 16478.006392839015
4822.0 5586.99088209744
1149.0 1594.8083592344774
15064.0 18434.52823461045
15293.0 19573.151178143802
13346.0 13396.108446642582
16771.0 18502.689151861425
6813.0 6058.18420507398
3685.0 6860.71668304858
3809.0 4015.7819553571753
6791.0 5086.632998915258
3305.0 2833.432777467766
4489.0 6569.199876525294
1084.0 1091.999694111386
2870.0 5647.891202654093
3463.0 4778.850928664571
3904.0 2924.307997648604
2728.0 1218.6249745909008
890.0 847.9151111685787
1950.0 1798.5576887720563
1128.0 2499.3541974537075
1017.0 2871.5303450641222
4736.0 4286.962007199414
1871.0 3583.193938757635
12772.0 6325.150880672263
4319.0 4155.928996367613
2996.0 2839.9922328787798
1517.0 1578.0452782076172
2180.0 4022.646837646833
6454.0 5304.4075012748945
6443.0 4906.625681788428
4102.0 9833.067229339256
1048.0 1757.850985317491
3935.0 2739.239329709206
5348.0 1929.2976512387395
2686.0 4160.677000174153
7147.0 5160.608835702151
7758.0 3259.522733145859
2582.0 3431.5263629357796
3789.0 3737.746938939519
4451.0 4304.730462365948
13613.0 13905.764401933047
6098.0 4942.3833618960925
21218.0 14047.716555865656
11474.0 7420.376049032551
12410.0 11049.61518817785
3798.0 4611.04254034569
7182.0 10007.340142034576
6513.0 7583.382320900919
8322.0 5815.333996067173
13568.0 16402.511749730464
10793.0 18712.43700115201
14552.0 31808.02917460445
54425.0 35130.131555561115
34801.0 38009.847921011184
25196.0 29477.61030862295
42743.0 38947.10397277442
22348.0 31165.460400127115
26933.0 19736.72404687375
16220.0 13819.581191129531
16487.0 16725.97585151589
20947.0 26471.826900422653
25526.0 22365.366090131574
16978.0 20296.47694818233
19689.0 16884.826267203083
35481.0 20643.471201000597
11450.0 19975.452723822356
31664.0 23532.785074112857
6362.0 6524.9892498475965
7667.0 12049.800665563904
12729.0 23056.043529813178
8825.0 8063.045375822163
9583.0 9651.122179461257
15968.0 17852.89631792737
19015.0 14372.264088208125
24999.0 20107.26842006306
18838.0 22204.123393665068
32167.0 23791.4722469548
40187.0 20607.57723767628
24573.0 12336.089773849133
18145.0 9342.812597975004
25828.0 16800.513354135823
17777.0 14427.619011593455
2376.0 1998.824207773665
11399.0 10388.004133043753
14266.0 15282.25665254971
12142.0 6376.176910100505
4698.0 4166.8198017661925
11938.0 6987.295833266107
10799.0 11749.657033809177
7469.0 13475.315755145682
8102.0 15386.709416396647
48809.0 48451.17107453455
19443.0 20897.995066680043
14344.0 14717.372414915008
14998.0 13626.461759158934
11569.0 12576.23713181945
11045.0 11040.21310050576
19540.0 9185.951515176654
4318.0 4514.08915551519
3851.0 4472.837129494685
35903.0 35422.72964848164
6498.0 7218.924742933363
11945.0 12247.179340174422
8602.0 10628.912413102342
15866.0 6549.180185535806
8038.0 7586.149664961267
9721.0 8752.513697909424
11836.0 10146.527319308509
8959.0 12177.372380625922
5868.0 5850.795292757
5250.0 6534.1000958934455
593.0 598.3044512013148
832.0 985.2212461696231
3140.0 9129.963878128603
4888.0 6995.201309425378
10073.0 9347.667606903095
2271.0 2040.5000077270088
2835.0 2853.9970521065407
4754.0 4537.660449776333
828.0 785.44327458099
1071.0 972.3937183795497
953.0 913.0161196743138
1632.0 1702.8355880645104
2016.0 3355.7658314325454
9082.0 9334.303952201852
45461.0 27644.071650307043
23496.0 22793.192214756717
27011.0 24059.092799756916
21980.0 25816.41065858732
5599.0 5697.4318280916195
13545.0 13162.069350001868
18543.0 15254.95671653816
3855.0 3470.0195950408524
4186.0 4243.0117519575215
12787.0 15761.261765833246
31767.0 28800.688016110325
6997.0 7866.645981071517
7182.0 11019.20393993182
9292.0 14751.833810490323
874.0 901.8725192030543
1230.0 1233.0708069163957
17487.0 12071.081688778024
6132.0 10361.983992359135
12531.0 12713.73299138225
14194.0 5933.241190314443
4733.0 4509.204304702114
10820.0 12133.315044851333
1761.0 1774.6073214290664
2594.0 2868.588992409763
3094.0 2570.5248670784295
3272.0 2187.967173156794
5931.0 18556.0324402852
1551.0 -416.56676449772203
7516.0 7371.645299355732
1547.0 1468.8437919020653
2194.0 4333.100032430026
3146.0 9660.81687687189
6529.0 8145.072354969161
2306.0 5125.738195505517
12119.0 7772.2117056946445
4571.0 -863.9151768616115
457.0 1167.9661537754
1058.0 872.7579331165362
6138.0 7897.060450905119
9350.0 19631.372141056032
3086.0 5231.991624756047
6958.0 9063.63180162487
4626.0 4631.441200472938
1300.0 1359.7026664851583
2148.0 3613.6959390018383
11372.0 2467.2718127331173
5767.0 79.67203784087906
3677.0 2741.306254614843
1489.0 1345.4539629877545
6026.0 5933.5104865411195
9433.0 16269.023919602987
21866.0 11463.120191599366
11769.0 10067.803710538254
4721.0 4583.460340093821
19907.0 17571.005277172168
8269.0 8510.694057768676
3950.0 9409.880227102345
16186.0 5280.981887413509
7095.0 7516.309090835435
16387.0 10122.812573046729
26412.0 19664.93328224369
1199.0 1151.0146720794146
36711.0 14914.978150217747
14450.0 21189.076104069725
23299.0 21322.205911147284
5062.0 3244.328785317426
13608.0 8810.481647077439
9506.0 22186.1878072049
1372.0 2761.1663965214975
2538.0 5265.278542848748
8120.0 8230.446148431685
2869.0 7855.162312242988
5301.0 911.6440010138685
20286.0 13537.988370881016
1485.0 1361.7906192191876
2332.0 2281.70464799201
21585.0 15985.14486719505
24951.0 13393.447143083322
14964.0 16574.53957157198
7666.0 19173.42801357917
9133.0 19999.010248584065
2336.0 9686.930589581782
9394.0 5355.711710545846
