607.0 1310.26025390625
1003.0 2122.853271484375
729.0 1467.834228515625
1897.0 2699.529541015625
584.0 1668.1824951171875
571.0 1408.1790771484375
723.0 -214.709228515625
1238.0 1783.42822265625
130.0 831.980712890625
225.0 -305.4365234375
247.0 214.389892578125
127.0 -1145.5068359375
503.0 1420.546630859375
638.0 1121.935791015625
656.0 1663.84375
1150.0 2460.383056640625
6060.0 6577.8388671875
4246.0 4795.0859375
3099.0 5239.126953125
534.0 1668.1824951171875
501.0 2092.1939697265625
1730.0 1023.1572265625
414.0 1165.9970703125
2093.0 3367.644775390625
4297.0 3203.576171875
3284.0 3347.33447265625
2561.0 3852.464599609375
2696.0 6543.86767578125
3108.0 4318.652587890625
2192.0 2619.62841796875
442.0 140.6611328125
447.0 -1055.0625
564.0 2530.809326171875
874.0 2235.740234375
631.0 1406.477783203125
267.0 214.389892578125
299.0 1075.71630859375
220.0 -321.7578125
380.0 7.424560546875
4525.0 5506.973388671875
3303.0 2853.20556640625
3268.0 4942.956787109375
1035.0 1949.201416015625
1182.0 2311.835693359375
315.0 78.994873046875
647.0 -1199.61767578125
1153.0 -108.451171875
1390.0 1047.872802734375
6371.0 9938.727294921875
5675.0 6226.117431640625
4726.0 5177.73095703125
1785.0 1938.50634765625
2241.0 1985.559814453125
1419.0 500.992919921875
10409.0 5895.66357421875
2341.0 3722.483154296875
2928.0 3508.412841796875
4991.0 7943.193359375
5003.0 7764.110107421875
3544.0 1990.765869140625
6191.0 7913.330810546875
10943.0 8188.212158203125
12329.0 20498.929931640625
11641.0 14590.021240234375
13364.0 15446.423095703125
19441.0 18565.162353515625
20202.0 20998.89892578125
27261.0 31806.609130859375
9248.0 10712.552001953125
13849.0 11542.48681640625
12914.0 9656.919189453125
11703.0 16338.395751953125
7315.0 6044.544921875
9942.0 14576.837890625
11802.0 15688.17822265625
1984.0 1708.133056640625
3170.0 683.650634765625
4174.0 4421.17724609375
2662.0 3314.8681640625
5280.0 5745.651123046875
4993.0 5523.483154296875
1673.0 -463.01904296875
7254.0 3272.872314453125
14879.0 6972.627685546875
5506.0 1578.701171875
12990.0 14398.564697265625
8254.0 9230.76611328125
20968.0 14393.326171875
8079.0 7146.566650390625
5357.0 9812.166259765625
4834.0 5266.551513671875
7770.0 10338.62109375
15280.0 13852.750732421875
12006.0 10105.176025390625
8880.0 13499.41552734375
632.0 1435.93359375
8776.0 8095.760498046875
13701.0 11306.6474609375
1461.0 2106.87109375
3662.0 4358.291748046875
3589.0 3211.8935546875
1089.0 1277.380126953125
1641.0 1913.9755859375
1500.0 2878.180419921875
1353.0 716.579345703125
1941.0 915.044677734375
2133.0 3155.5498046875
2703.0 2151.83935546875
3887.0 3076.5107421875
5077.0 7344.8896484375
44219.0 37092.80517578125
9294.0 9653.808349609375
8323.0 4746.118896484375
15414.0 17161.666748046875
17747.0 19742.420654296875
3409.0 4528.70556640625
10186.0 9568.1669921875
11694.0 12825.306884765625
21151.0 14883.919677734375
20068.0 32354.158447265625
4851.0 3744.327880859375
9009.0 8119.6728515625
3846.0 2029.97607421875
7717.0 8912.242919921875
6488.0 7645.0693359375
7290.0 6154.0517578125
12160.0 8066.963134765625
15972.0 10002.355224609375
1186.0 1904.51708984375
20014.0 12196.125732421875
9020.0 10331.927734375
4065.0 4871.201171875
6863.0 4510.615478515625
8993.0 7818.30712890625
2267.0 1049.498046875
2802.0 3208.122314453125
4603.0 5215.990478515625
6154.0 6519.323486328125
3055.0 999.75390625
4264.0 2880.9169921875
11698.0 13362.1748046875
11211.0 5667.13037109375
7321.0 7805.53662109375
3910.0 3860.040771484375
2139.0 2188.003173828125
2327.0 3109.365234375
4484.0 4463.154052734375
1312.0 1644.30859375
1441.0 1925.69140625
1465.0 2341.4755859375
585.0 314.375244140625
405.0 402.80078125
466.0 213.2724609375
3143.0 3580.119873046875
2334.0 3169.556396484375
15673.0 25439.8828125
6094.0 2500.874267578125
3228.0 2974.42919921875
4757.0 1699.57080078125
6404.0 6926.207275390625
10950.0 13128.35205078125
1407.0 1735.7138671875
1627.0 1275.8603515625
1534.0 2439.536865234375
10920.0 13529.18896484375
22492.0 15487.63134765625
9756.0 8709.506103515625
15915.0 14455.2314453125
28015.0 30387.69775390625
3796.0 5425.659912109375
1749.0 2961.58935546875
3038.0 1822.57763671875
2121.0 2856.10107421875
2530.0 4791.29931640625
3885.0 2918.79443359375
4116.0 5375.2177734375
5581.0 6773.626953125
456.0 -130.4306640625
692.0 727.6669921875
4387.0 4219.378662109375
7754.0 10543.771728515625
17162.0 8257.701904296875
1677.0 2419.6689453125
2695.0 2091.4775390625
3703.0 3751.5947265625
4385.0 5455.34130859375
1051.0 826.99267578125
860.0 117.66455078125
1118.0 261.771484375
1226.0 1923.84814453125
985.0 1374.46142578125
1788.0 2210.724609375
451.0 -1048.267578125
857.0 -676.400634765625
4167.0 7151.478271484375
3188.0 3899.690673828125
876.0 547.905517578125
790.0 1097.3857421875
2442.0 696.943359375
252.0 -1222.969970703125
5614.0 5233.6953125
4978.0 5239.944580078125
4288.0 5205.238037109375
3919.0 4366.048828125
375.0 893.014404296875
920.0 1689.410888671875
1351.0 581.169921875
652.0 796.95556640625
964.0 1219.890380859375
1374.0 1143.465087890625
6824.0 6565.679931640625
12521.0 9291.633056640625
11429.0 7450.223388671875
11986.0 19356.998291015625
41744.0 31635.28125
18577.0 27668.839111328125
18663.0 14986.96826171875
14363.0 21593.625
8619.0 6538.69189453125
1341.0 1617.149658203125
2206.0 3596.894775390625
2139.0 2534.51953125
9660.0 6222.66796875
9283.0 10035.58544921875
6437.0 3268.870361328125
3422.0 4041.094970703125
2591.0 1842.22900390625
2480.0 1797.311279296875
5974.0 5440.21484375
3014.0 3946.669677734375
891.0 -482.401611328125
889.0 1689.410888671875
621.0 620.5947265625
622.0 1769.5537109375
4947.0 2001.769775390625
5152.0 9103.1279296875
17544.0 8153.09814453125
24949.0 11324.435302734375
2647.0 3899.84130859375
1799.0 404.55126953125
799.0 1454.448486328125
1960.0 2023.396728515625
1792.0 3466.8349609375
1805.0 3755.44287109375
377.0 -790.994873046875
991.0 548.4677734375
890.0 1118.225830078125
11346.0 10051.017822265625
5569.0 6516.516357421875
4729.0 7975.33642578125
1125.0 2012.96728515625
1647.0 3561.6005859375
1613.0 2756.511474609375
5632.0 7114.39111328125
957.0 -813.79248046875
1141.0 1445.47119140625
10556.0 12684.708740234375
7331.0 6433.271484375
1818.0 1972.92578125
2065.0 2224.637939453125
2249.0 2203.131103515625
6582.0 6793.76220703125
1780.0 905.287841796875
3193.0 3474.01513671875
4072.0 3158.611328125
5656.0 6192.57861328125
9218.0 10751.56201171875
56421.0 38592.915283203125
30297.0 47549.061279296875
28391.0 29736.38330078125
32721.0 30291.724365234375
14419.0 5554.625
26072.0 15797.05517578125
11047.0 13336.455810546875
19112.0 19761.354736328125
4252.0 3942.455810546875
7307.0 6639.76611328125
4384.0 5156.389404296875
8403.0 8281.840087890625
26996.0 18220.79443359375
16246.0 19758.3642578125
20692.0 17062.69287109375
16067.0 12705.406494140625
18587.0 13914.25048828125
6954.0 6793.76220703125
4810.0 6949.209228515625
11518.0 7630.912109375
8897.0 8988.62109375
7664.0 9527.7666015625
3531.0 3232.243896484375
4343.0 3756.733642578125
6205.0 5381.380615234375
2293.0 3675.485595703125
2222.0 2312.47900390625
4766.0 6952.44677734375
9326.0 11340.297119140625
19474.0 16461.8369140625
14247.0 11311.21435546875
2621.0 2602.7734375
6256.0 5930.300537109375
5646.0 6370.115966796875
5582.0 5997.54833984375
3691.0 2724.6279296875
4611.0 3479.64599609375
6148.0 5032.765869140625
4963.0 13003.3759765625
28726.0 35257.43994140625
61008.0 47750.72607421875
13110.0 19360.95458984375
17324.0 24785.90771484375
60651.0 39827.3740234375
56284.0 58440.5703125
69383.0 57169.11181640625
44154.0 60398.18017578125
39970.0 48592.454345703125
45460.0 43769.477294921875
9348.0 16192.347412109375
23695.0 23137.250244140625
48913.0 37537.304443359375
12687.0 30380.748291015625
52868.0 49904.111083984375
38650.0 33164.757080078125
38536.0 42428.970947265625
57923.0 42004.704345703125
59857.0 47903.33740234375
16108.0 18180.49072265625
22866.0 19499.01025390625
20938.0 24727.557373046875
13523.0 19452.903564453125
12024.0 19528.306884765625
24960.0 38845.44482421875
11449.0 15348.715087890625
16455.0 20649.743408203125
40086.0 38150.763916015625
5891.0 7468.924072265625
5883.0 7716.025390625
8252.0 7681.6875
4763.0 9097.964111328125
5725.0 8034.883056640625
17528.0 14111.16259765625
15536.0 15573.886962890625
25458.0 22285.417724609375
23782.0 21504.916015625
14249.0 19527.365478515625
12280.0 10405.38916015625
11272.0 15644.664794921875
25376.0 25518.8271484375
76418.0 80574.86547851562
26532.0 20458.050048828125
37025.0 32958.704833984375
38857.0 41084.57421875
36997.0 45277.677001953125
43955.0 41283.057861328125
19360.0 23289.192138671875
72796.0 69122.51220703125
40008.0 33362.870361328125
27487.0 34558.74072265625
53187.0 40742.040283203125
42959.0 39633.036376953125
34968.0 35676.560791015625
15670.0 20425.85595703125
8339.0 9405.96240234375
12764.0 17421.07421875
14232.0 14351.387939453125
29667.0 35571.95458984375
17718.0 15205.013427734375
21811.0 20745.114990234375
29568.0 23915.33642578125
20607.0 27695.51708984375
11889.0 21125.576904296875
11965.0 12631.11328125
10521.0 12418.484619140625
47862.0 43664.7626953125
31764.0 35372.99755859375
34459.0 49729.616943359375
31047.0 31850.697021484375
23720.0 25335.282470703125
16041.0 22923.67431640625
34055.0 27142.8232421875
27417.0 25848.271240234375
20308.0 27059.611328125
23283.0 27440.21728515625
13253.0 11411.931640625
28861.0 23025.16064453125
11224.0 11667.904052734375
13488.0 11952.01904296875
5878.0 6959.74658203125
15919.0 14533.728515625
5924.0 6344.103759765625
6314.0 7653.19580078125
3671.0 2886.224365234375
12336.0 13533.18798828125
28541.0 31093.88232421875
41206.0 52921.091552734375
31014.0 35518.913818359375
36952.0 43733.331787109375
76091.0 63925.0908203125
67524.0 66879.02978515625
15353.0 18425.597900390625
39628.0 27975.785888671875
28665.0 28013.508544921875
12741.0 16226.0693359375
10994.0 8814.3935546875
23777.0 40381.486083984375
32590.0 25891.26611328125
4310.0 5342.242431640625
12720.0 8664.92236328125
12587.0 14085.427490234375
11187.0 19475.5009765625
14507.0 10233.536865234375
5503.0 8818.04345703125
5051.0 4124.6328125
4707.0 9098.69287109375
7579.0 9562.679931640625
12211.0 12972.771728515625
48362.0 34602.265380859375
20393.0 16483.678955078125
7928.0 16997.852294921875
1820.0 1091.322998046875
2535.0 2495.921142578125
2196.0 1290.42529296875
4013.0 3668.365966796875
5156.0 7195.28271484375
20540.0 19510.391357421875
14900.0 9445.1572265625
6216.0 9605.81884765625
5124.0 11163.9404296875
14319.0 14990.80322265625
27737.0 30151.915283203125
21103.0 32891.60400390625
12684.0 21399.53955078125
17397.0 14714.87353515625
27846.0 22973.31494140625
39812.0 28721.929443359375
13587.0 11700.436279296875
12987.0 18456.795166015625
20904.0 14592.854248046875
18486.0 19510.391357421875
44110.0 32887.238037109375
62661.0 63796.871337890625
20668.0 22775.40478515625
18751.0 21335.41943359375
9930.0 4992.732666015625
18106.0 13070.778564453125
11252.0 9592.228759765625
11708.0 9283.566650390625
20038.0 9864.138427734375
10045.0 14139.6201171875
15441.0 20052.407470703125
7337.0 8879.8349609375
6005.0 10312.70654296875
12482.0 20575.9716796875
24829.0 20485.5595703125
27387.0 20990.07861328125
8868.0 9949.27587890625
7115.0 7841.79541015625
529.0 191.3834228515625
752.0 1291.34765625
1271.0 2457.213134765625
1242.0 1253.0225830078125
9683.0 5228.82958984375
14251.0 10806.234619140625
2184.0 2674.259033203125
6831.0 4675.19677734375
1355.0 957.090576171875
1101.0 2058.274658203125
1647.0 2292.665283203125
2422.0 3426.801513671875
2403.0 3047.810791015625
9342.0 5228.82958984375
9278.0 9459.849365234375
30482.0 16024.13232421875
20192.0 28371.01318359375
8447.0 9868.052978515625
14983.0 13617.4912109375
14446.0 11927.075439453125
11814.0 11933.67724609375
4139.0 4330.461669921875
2931.0 4406.407958984375
3106.0 4110.701171875
3556.0 4238.0458984375
5305.0 6154.77880859375
13868.0 13569.05517578125
34386.0 30036.39111328125
5304.0 8719.43798828125
9034.0 6265.815185546875
7935.0 8419.60107421875
3895.0 3716.51416015625
3734.0 4346.76220703125
6167.0 5663.52001953125
9596.0 12010.224365234375
8716.0 12801.052734375
1245.0 1959.81884765625
2400.0 2391.530517578125
2667.0 2494.158203125
6089.0 3826.610595703125
5739.0 6744.537109375
7007.0 7255.610107421875
1682.0 2680.97900390625
2684.0 1596.515380859375
2157.0 1998.019287109375
1950.0 2577.4326171875
3949.0 2518.20361328125
4217.0 2025.909423828125
4149.0 4182.317138671875
4364.0 3952.100830078125
2320.0 -187.56787109375
3600.0 4212.641845703125
2413.0 2080.05029296875
9103.0 9054.4326171875
3290.0 2004.075439453125
6144.0 4553.9931640625
2513.0 3156.76708984375
3587.0 2737.912841796875
24071.0 23641.032958984375
17698.0 18260.624267578125
6667.0 9441.603271484375
9223.0 12263.893310546875
34374.0 26936.046142578125
71277.0 57323.497802734375
66050.0 64810.429931640625
51181.0 48861.183837890625
53691.0 41663.0927734375
17955.0 35735.042236328125
46313.0 44801.620849609375
58808.0 53677.160888671875
44284.0 47363.019287109375
9767.0 12809.7607421875
19781.0 16162.7021484375
23026.0 16530.171875
28087.0 23925.73193359375
33874.0 40238.671142578125
35623.0 24476.273681640625
27083.0 25083.65771484375
28260.0 24387.74365234375
33523.0 36480.129638671875
49151.0 40069.6953125
7024.0 12833.664794921875
33034.0 56699.423095703125
63084.0 52455.795654296875
11853.0 17862.961669921875
14675.0 18331.47119140625
32520.0 25591.348388671875
15844.0 25740.0751953125
14824.0 14499.2197265625
18777.0 21249.64453125
15683.0 15124.441162109375
13428.0 13886.43994140625
22513.0 21992.578369140625
22208.0 21599.479736328125
1994.0 846.961669921875
17342.0 14551.655517578125
16079.0 19282.5078125
10663.0 11704.42431640625
22407.0 25059.938232421875
8306.0 8329.782958984375
14800.0 15530.692138671875
6110.0 6447.67333984375
6483.0 4903.28125
4344.0 4720.596923828125
7147.0 7802.7470703125
5924.0 5174.60009765625
7763.0 5717.90478515625
12619.0 16849.001708984375
20069.0 26781.87646484375
37677.0 40831.63671875
30486.0 25316.0791015625
30010.0 41836.750244140625
9352.0 12178.29541015625
39766.0 30847.588134765625
26671.0 39161.070556640625
33487.0 43353.900146484375
44828.0 44909.037353515625
25691.0 25804.73876953125
24209.0 23898.36669921875
25911.0 30558.087158203125
15128.0 17340.077880859375
15305.0 15047.06884765625
14041.0 17105.244873046875
14214.0 24163.658203125
5367.0 8177.380615234375
4096.0 6887.953369140625
6244.0 8021.17431640625
7299.0 8882.901123046875
22624.0 25156.5830078125
11918.0 7143.2705078125
12033.0 9010.327880859375
10108.0 14218.80078125
966.0 1713.87548828125
1623.0 2462.239501953125
1533.0 2493.147705078125
3573.0 4087.74462890625
12361.0 8690.01171875
2374.0 3673.01171875
1863.0 1992.65283203125
2749.0 2555.367919921875
4204.0 2208.84228515625
3929.0 5131.456787109375
4835.0 5216.062255859375
3689.0 3321.65673828125
5975.0 5216.6552734375
5384.0 8297.9345703125
4903.0 9629.09912109375
44357.0 40138.559814453125
3094.0 3049.238525390625
15406.0 13438.01123046875
7161.0 9971.717041015625
13385.0 13691.14892578125
11306.0 13693.911376953125
2940.0 3503.259033203125
2176.0 3202.42529296875
24818.0 22897.10205078125
30029.0 35554.8671875
9894.0 12013.38232421875
10002.0 12077.85302734375
5032.0 4833.105712890625
4666.0 2349.16552734375
6325.0 6125.81298828125
7418.0 5926.78955078125
6409.0 5642.86669921875
17937.0 19942.94189453125
29655.0 24343.358154296875
50142.0 39583.703125
2770.0 3432.857666015625
1139.0 1054.51904296875
1228.0 401.201416015625
3229.0 2558.41943359375
4798.0 4135.943359375
7140.0 7176.82568359375
22582.0 20928.66259765625
21030.0 16479.683837890625
21950.0 34617.32861328125
15368.0 25890.54931640625
18836.0 19537.357177734375
6384.0 5870.5126953125
17775.0 16535.169921875
10739.0 12010.02685546875
13329.0 8206.00634765625
11580.0 12439.46337890625
2967.0 2558.41943359375
19592.0 29750.37255859375
7668.0 9664.6845703125
9661.0 7409.71142578125
5668.0 6311.16552734375
9581.0 8538.809326171875
6601.0 7036.05810546875
6632.0 7486.8525390625
7797.0 7859.156005859375
7176.0 10045.668212890625
3746.0 5283.027587890625
5989.0 7994.656005859375
16165.0 25247.222412109375
6163.0 3779.655029296875
9277.0 15455.155029296875
6509.0 6104.12353515625
10143.0 8614.27880859375
9763.0 10284.464111328125
11589.0 11964.740966796875
4598.0 7416.99853515625
374.0 1038.499267578125
1947.0 2175.442626953125
1952.0 1506.43115234375
3397.0 4208.517822265625
1068.0 1497.466796875
1529.0 1895.63232421875
1570.0 1641.678955078125
2280.0 2965.788818359375
2485.0 2598.885986328125
531.0 117.480224609375
684.0 948.255859375
623.0 87.119140625
1141.0 1219.719482421875
2469.0 2891.188232421875
2059.0 1632.8896484375
2210.0 1592.245361328125
3367.0 3666.528076171875
9219.0 2423.1328125
22726.0 22205.967041015625
19299.0 32300.640380859375
18882.0 17571.011474609375
12623.0 8375.37255859375
23380.0 18157.746826171875
3602.0 -631.5927734375
4779.0 7115.291015625
8742.0 6293.306396484375
3970.0 7108.58642578125
6104.0 9024.974365234375
13905.0 6781.42919921875
1498.0 1127.375732421875
1583.0 2369.69287109375
16824.0 18799.747802734375
13149.0 7739.484130859375
6153.0 5701.9169921875
4139.0 4664.50390625
3064.0 2665.1572265625
2046.0 2043.1025390625
4571.0 2086.1181640625
496.0 117.480224609375
5320.0 1943.13134765625
7917.0 7601.8525390625
2298.0 1236.741455078125
1731.0 2840.9296875
2644.0 2948.123779296875
1189.0 359.072265625
823.0 728.72412109375
1370.0 1682.51953125
1150.0 234.239501953125
1481.0 1981.6162109375
498.0 -579.70703125
639.0 801.163818359375
769.0 1150.297607421875
776.0 -593.820556640625
6878.0 4650.284423828125
4062.0 6825.91064453125
8823.0 10896.724853515625
5963.0 4942.38037109375
10892.0 15487.74072265625
5175.0 5328.908203125
1315.0 1899.599365234375
1084.0 -493.725830078125
953.0 451.142822265625
1397.0 2666.35302734375
1825.0 1675.00048828125
2979.0 6237.888916015625
4729.0 1639.640380859375
2363.0 -816.414306640625
10998.0 11225.99853515625
10473.0 9620.691650390625
13381.0 18581.7568359375
23576.0 22676.890869140625
24461.0 17306.8681640625
9281.0 7726.40283203125
14472.0 12545.287353515625
3688.0 2835.359619140625
5964.0 6619.881103515625
4058.0 5242.643798828125
6958.0 3389.626953125
13091.0 17521.41650390625
20665.0 20903.862060546875
20921.0 14696.460693359375
16269.0 17706.0654296875
22572.0 19299.53759765625
12379.0 11743.983154296875
28568.0 31147.020751953125
42224.0 47035.397216796875
49986.0 47444.1474609375
31315.0 42582.0009765625
14066.0 11745.07666015625
12409.0 24227.7568359375
19558.0 28413.0458984375
4712.0 5074.05859375
8119.0 6627.23095703125
26318.0 23940.530517578125
11091.0 16224.639892578125
14049.0 26585.738037109375
10537.0 9121.6640625
13796.0 15247.2060546875
45588.0 30840.804443359375
31202.0 50687.13818359375
28312.0 19872.36669921875
20209.0 18225.326904296875
9811.0 7734.8564453125
7363.0 6057.833251953125
12265.0 8094.07763671875
9180.0 7759.060791015625
9176.0 10783.06005859375
2082.0 3509.386962890625
2782.0 3118.289794921875
6270.0 5570.46337890625
18168.0 13486.1005859375
36254.0 52934.933349609375
38869.0 39795.412109375
13797.0 14627.48828125
21054.0 21174.3544921875
24814.0 25929.970947265625
30608.0 26241.945556640625
23754.0 24628.814208984375
21441.0 25548.43798828125
17979.0 19216.83935546875
5907.0 9505.954345703125
12766.0 10274.582275390625
16993.0 14581.21337890625
19031.0 15558.54541015625
2539.0 3428.34765625
2727.0 2261.042724609375
2878.0 3118.289794921875
3892.0 4349.345458984375
4489.0 5643.623779296875
27479.0 24984.083740234375
4011.0 5562.11376953125
5079.0 3656.204345703125
4550.0 2345.865966796875
6681.0 3804.185791015625
8582.0 6664.395263671875
4014.0 3259.906005859375
10120.0 6896.719970703125
9757.0 15569.977294921875
8367.0 9699.258544921875
4900.0 7744.73388671875
489.0 1139.787353515625
2625.0 4150.9130859375
3471.0 2133.900146484375
6379.0 5174.330322265625
6612.0 7413.613525390625
2656.0 4118.04150390625
4119.0 3313.20263671875
2833.0 2385.95458984375
2797.0 3141.18359375
895.0 196.27197265625
840.0 172.54931640625
2768.0 1045.271484375
941.0 1442.975341796875
1434.0 1796.92919921875
1271.0 1078.21826171875
4554.0 4171.978271484375
1631.0 1135.16259765625
1565.0 829.650146484375
4445.0 4587.16259765625
3637.0 1957.76220703125
19742.0 30444.689453125
5463.0 3615.395263671875
21785.0 15714.918701171875
8706.0 5722.05615234375
11380.0 9654.26806640625
7860.0 6940.5029296875
10638.0 10986.44287109375
2353.0 1561.7744140625
2254.0 3444.2138671875
2192.0 3555.294921875
4313.0 3313.20263671875
3728.0 3097.7353515625
4483.0 5066.93896484375
25608.0 18407.958984375
26079.0 24142.978759765625
25248.0 21794.52490234375
11768.0 10254.4501953125
11351.0 12210.859375
7434.0 2499.01806640625
5299.0 6218.501220703125
10202.0 11815.506591796875
1210.0 -231.70751953125
1224.0 360.701171875
8134.0 10157.290283203125
6554.0 6680.68212890625
19314.0 20536.37744140625
4469.0 4191.5009765625
5066.0 3536.169921875
5138.0 4820.554931640625
6580.0 5405.76611328125
6550.0 6894.787353515625
2259.0 2422.8916015625
1628.0 -992.17431640625
2446.0 -1600.228515625
2098.0 2475.4892578125
3531.0 5262.830810546875
859.0 1229.2490234375
950.0 880.819580078125
1358.0 1104.577880859375
4819.0 4353.632080078125
1568.0 815.7890625
14355.0 8337.103759765625
11419.0 9768.948486328125
7938.0 3503.346923828125
5180.0 7988.66845703125
1663.0 3175.63330078125
2455.0 3957.948486328125
1910.0 1496.041748046875
3304.0 3710.426025390625
468.0 1143.804443359375
602.0 987.7548828125
8470.0 9421.894287109375
4865.0 6399.305908203125
1335.0 1475.02783203125
1406.0 2876.771240234375
1504.0 769.8935546875
1878.0 4343.14892578125
4785.0 6489.55078125
5641.0 4953.676513671875
8491.0 6763.485595703125
18952.0 26154.83935546875
45558.0 32179.055419921875
18714.0 25709.5986328125
6249.0 5045.71826171875
9062.0 11710.252685546875
13146.0 13668.54931640625
11405.0 8943.1396484375
2324.0 888.649658203125
5783.0 4349.276123046875
4410.0 3759.68701171875
2449.0 3112.100830078125
4168.0 4907.291748046875
41820.0 39798.889892578125
10924.0 12758.608642578125
7813.0 7710.308349609375
6602.0 5789.050537109375
4268.0 7100.516845703125
817.0 1288.825439453125
869.0 1542.132080078125
1607.0 1582.42919921875
1701.0 2417.769287109375
5669.0 5977.03662109375
11249.0 13817.73681640625
11410.0 15346.453369140625
13047.0 15548.440185546875
5215.0 4969.6220703125
4992.0 4458.7841796875
5578.0 5458.145751953125
6900.0 8464.790283203125
12452.0 10420.529541015625
1610.0 4764.5498046875
2184.0 3464.915283203125
2602.0 1439.897216796875
2866.0 3004.752197265625
7954.0 7188.587158203125
3244.0 3861.411865234375
2282.0 5961.652099609375
2576.0 6672.5556640625
1328.0 1430.205810546875
1306.0 1026.594970703125
1344.0 1654.775390625
8488.0 6828.962158203125
1967.0 592.46240234375
17839.0 11610.037841796875
11516.0 11051.164306640625
8148.0 10497.063720703125
27853.0 16043.700439453125
5586.0 6909.419189453125
3240.0 6904.743408203125
164.0 -294.741943359375
705.0 124.620849609375
528.0 938.31005859375
2242.0 4318.10400390625
1077.0 2197.244140625
441.0 1693.142333984375
641.0 1771.09326171875
548.0 100.405517578125
426.0 -520.482666015625
13296.0 11338.994384765625
12639.0 11135.448486328125
14326.0 12056.0830078125
4822.0 2684.730712890625
1149.0 1756.875732421875
15064.0 13617.5517578125
15293.0 19924.13134765625
13346.0 18379.135009765625
16771.0 15487.649658203125
6813.0 7731.979736328125
3685.0 6206.9931640625
3809.0 5081.367919921875
6791.0 7104.2587890625
3305.0 2214.808837890625
4489.0 7087.349609375
1084.0 1469.302734375
2870.0 1838.586669921875
3463.0 3597.025634765625
3904.0 3638.45263671875
2728.0 1348.153076171875
890.0 356.949462890625
1950.0 3124.4599609375
1128.0 688.281005859375
1017.0 1250.099365234375
4736.0 3417.533447265625
1871.0 6538.059326171875
12772.0 5541.598388671875
4319.0 3773.294677734375
2996.0 2204.001953125
1517.0 1622.676513671875
2180.0 1825.433837890625
6454.0 8171.04833984375
6443.0 4665.733154296875
4102.0 7752.284912109375
1048.0 925.173583984375
3935.0 3560.46923828125
5348.0 1733.793212890625
2686.0 3055.62255859375
7147.0 7199.734619140625
7758.0 4999.205322265625
2582.0 5726.10693359375
3789.0 3495.752197265625
4451.0 4914.236572265625
13613.0 17204.5478515625
6098.0 7803.65869140625
21218.0 13755.275146484375
11474.0 11469.826416015625
12410.0 14230.47509765625
3798.0 4009.58642578125
7182.0 8288.656982421875
6513.0 6220.905517578125
8322.0 8639.64111328125
13568.0 13407.154296875
10793.0 11738.431640625
14552.0 29200.619140625
54425.0 40735.80615234375
34801.0 31196.921875
25196.0 33921.05126953125
42743.0 42598.0595703125
22348.0 25203.83984375
26933.0 27114.15771484375
16220.0 15325.322998046875
16487.0 18050.127685546875
20947.0 23553.20703125
25526.0 27820.30078125
16978.0 25506.975341796875
19689.0 17690.7041015625
35481.0 27637.45263671875
11450.0 15343.19775390625
31664.0 30712.83642578125
6362.0 8306.03125
7667.0 15309.59375
12729.0 17672.00341796875
8825.0 5551.170166015625
9583.0 11710.65087890625
15968.0 21136.55224609375
19015.0 14671.234375
24999.0 22046.861572265625
18838.0 16922.266357421875
32167.0 23503.235595703125
40187.0 30314.893798828125
24573.0 13493.674560546875
18145.0 14582.351806640625
25828.0 11421.8935546875
17777.0 22314.169677734375
2376.0 3643.214599609375
11399.0 12367.393310546875
14266.0 17368.46044921875
12142.0 5903.837158203125
4698.0 4532.82470703125
11938.0 9489.353759765625
10799.0 14859.71923828125
7469.0 11482.091796875
8102.0 13722.159423828125
48809.0 43789.105224609375
19443.0 14776.2158203125
14344.0 12863.40234375
14998.0 12197.1787109375
11569.0 12275.848388671875
11045.0 13250.87744140625
19540.0 12182.49462890625
4318.0 3443.23828125
3851.0 4338.66455078125
35903.0 35114.28759765625
6498.0 10339.6201171875
11945.0 10674.165283203125
8602.0 12759.077880859375
15866.0 9350.194580078125
8038.0 4937.552734375
9721.0 9479.514404296875
11836.0 13232.1015625
8959.0 8209.10986328125
5868.0 4039.95458984375
5250.0 3484.660888671875
593.0 903.20751953125
832.0 388.38525390625
3140.0 3385.017578125
4888.0 9401.152587890625
10073.0 10687.51513671875
2271.0 977.884765625
2835.0 3092.4736328125
4754.0 3143.34228515625
828.0 -77.67529296875
1071.0 1032.73779296875
953.0 1314.800048828125
1632.0 1778.690185546875
2016.0 5172.302001953125
9082.0 8386.16259765625
45461.0 17757.948486328125
23496.0 27797.38525390625
27011.0 27549.274658203125
21980.0 30836.885498046875
5599.0 3974.11376953125
13545.0 10455.63232421875
18543.0 19465.985107421875
3855.0 3865.033203125
4186.0 4491.791748046875
12787.0 14214.101806640625
31767.0 28844.95751953125
6997.0 5478.891357421875
7182.0 9147.515380859375
9292.0 6732.7373046875
874.0 1022.162353515625
1230.0 1304.4345703125
17487.0 13003.90869140625
6132.0 8928.1884765625
12531.0 10579.90771484375
14194.0 10140.770751953125
4733.0 5275.00927734375
10820.0 10789.15625
1761.0 1303.193115234375
2594.0 1564.1357421875
3094.0 2944.7841796875
3272.0 3509.294189453125
5931.0 7287.9521484375
1551.0 3428.89306640625
7516.0 7116.32861328125
1547.0 5532.87646484375
2194.0 3097.9091796875
3146.0 4644.6396484375
6529.0 10219.20556640625
2306.0 1689.01171875
12119.0 8117.3212890625
4571.0 7988.7783203125
457.0 3557.17578125
1058.0 1142.4501953125
6138.0 9858.49755859375
9350.0 13971.225341796875
3086.0 2228.714111328125
6958.0 8110.41796875
4626.0 5595.77734375
1300.0 1900.19189453125
2148.0 865.872802734375
11372.0 4732.865478515625
5767.0 909.55419921875
3677.0 4782.853515625
1489.0 2074.896484375
6026.0 4960.3349609375
9433.0 12836.2548828125
21866.0 22820.268798828125
11769.0 7041.05908203125
4721.0 3828.7216796875
19907.0 29811.225830078125
8269.0 9956.853271484375
3950.0 6922.488037109375
16186.0 7075.4921875
7095.0 7386.0185546875
16387.0 11531.5859375
26412.0 18526.0537109375
1199.0 590.08984375
36711.0 10182.220703125
14450.0 17090.165283203125
23299.0 15620.22412109375
5062.0 2970.902099609375
13608.0 9905.80419921875
9506.0 12693.67041015625
1372.0 2948.388427734375
2538.0 2247.57421875
8120.0 3854.533447265625
2869.0 8065.70654296875
5301.0 10443.666748046875
20286.0 10873.867431640625
1485.0 2055.103759765625
2332.0 1862.553466796875
21585.0 15643.509033203125
24951.0 20337.52294921875
14964.0 11628.4814453125
7666.0 8884.320556640625
9133.0 18941.65771484375
2336.0 2763.07275390625
9394.0 9386.91015625
