607.0 1560.944580078125
1003.0 2618.2109375
729.0 1259.382080078125
1897.0 2875.85009765625
584.0 1186.73486328125
571.0 1167.743408203125
723.0 222.93212890625
1238.0 1811.545654296875
130.0 1365.36376953125
225.0 -103.87451171875
247.0 172.00830078125
127.0 -1363.615234375
503.0 1093.239990234375
638.0 1508.493896484375
656.0 1140.037109375
1150.0 3077.80029296875
6060.0 6027.296875
4246.0 4872.216552734375
3099.0 4064.25732421875
534.0 1186.73486328125
501.0 1747.70068359375
1730.0 1267.97802734375
414.0 1076.449951171875
2093.0 1933.18359375
4297.0 2834.4677734375
3284.0 3493.81591796875
2561.0 4706.185791015625
2696.0 6831.59765625
3108.0 4266.435546875
2192.0 2426.75732421875
442.0 868.484130859375
447.0 -855.299072265625
564.0 2176.10595703125
874.0 1701.8935546875
631.0 543.8046875
267.0 172.00830078125
299.0 1005.963134765625
220.0 -106.623291015625
380.0 -274.547119140625
4525.0 4561.220458984375
3303.0 1882.75830078125
3268.0 4576.0537109375
1035.0 1452.241943359375
1182.0 1935.5205078125
315.0 246.39990234375
647.0 -823.758544921875
1153.0 -206.02587890625
1390.0 399.60791015625
6371.0 8740.0224609375
5675.0 5365.63134765625
4726.0 4557.80810546875
1785.0 1764.607666015625
2241.0 1922.70068359375
1419.0 580.2451171875
10409.0 5012.30224609375
2341.0 2940.2060546875
2928.0 2972.092529296875
4991.0 7263.9765625
5003.0 7375.71435546875
3544.0 1943.150146484375
6191.0 7800.7919921875
10943.0 7413.2578125
12329.0 22374.98681640625
11641.0 14102.039794921875
13364.0 14972.35595703125
19441.0 18912.919921875
20202.0 21326.83837890625
27261.0 32707.529296875
9248.0 10717.02734375
13849.0 11258.27392578125
12914.0 11248.521484375
11703.0 15081.632568359375
7315.0 6299.12060546875
9942.0 13997.697509765625
11802.0 14666.132568359375
1984.0 1448.736328125
3170.0 522.8984375
4174.0 5232.1982421875
2662.0 2913.357421875
5280.0 6220.15673828125
4993.0 5586.02001953125
1673.0 -400.24169921875
7254.0 2830.828125
14879.0 6547.70263671875
5506.0 1874.115234375
12990.0 13909.166015625
8254.0 8576.17529296875
20968.0 14967.26513671875
8079.0 8025.32763671875
5357.0 9645.99462890625
4834.0 4647.67138671875
7770.0 10610.21923828125
15280.0 13568.1787109375
12006.0 9500.9501953125
8880.0 14384.76220703125
632.0 1138.316650390625
8776.0 8476.06787109375
13701.0 12375.560546875
1461.0 1358.753173828125
3662.0 3296.25146484375
3589.0 3379.7373046875
1089.0 1540.89013671875
1641.0 2519.271484375
1500.0 3347.53662109375
1353.0 202.34033203125
1941.0 533.655029296875
2133.0 2538.896484375
2703.0 2247.4609375
3887.0 2601.73291015625
5077.0 6493.37939453125
44219.0 36318.29931640625
9294.0 9113.65185546875
8323.0 4324.6767578125
15414.0 17119.4853515625
17747.0 20602.40771484375
3409.0 4183.1083984375
10186.0 11219.807373046875
11694.0 14215.744384765625
21151.0 17310.00341796875
20068.0 32232.8720703125
4851.0 3882.36572265625
9009.0 7507.03857421875
3846.0 2724.39599609375
7717.0 8695.908203125
6488.0 7816.140625
7290.0 6204.3232421875
12160.0 8444.8017578125
15972.0 10332.865234375
1186.0 2184.320068359375
20014.0 12009.2880859375
9020.0 10566.2119140625
4065.0 3648.73486328125
6863.0 4644.2392578125
8993.0 8359.2158203125
2267.0 1293.1376953125
2802.0 2401.17578125
4603.0 5089.5439453125
6154.0 6316.7880859375
3055.0 1491.890380859375
4264.0 3094.36865234375
11698.0 13770.3955078125
11211.0 5939.79052734375
7321.0 8352.771484375
3910.0 3762.9873046875
2139.0 2535.677978515625
2327.0 3284.55908203125
4484.0 5402.208984375
1312.0 1850.39794921875
1441.0 1584.57666015625
1465.0 2135.3515625
585.0 449.083740234375
405.0 -200.319580078125
466.0 571.07568359375
3143.0 3637.15234375
2334.0 2656.24169921875
15673.0 25411.68505859375
6094.0 1628.21533203125
3228.0 2622.2666015625
4757.0 2001.48876953125
6404.0 6877.94482421875
10950.0 13539.5791015625
1407.0 1928.90087890625
1627.0 1388.11376953125
1534.0 2485.4619140625
10920.0 13571.107421875
22492.0 15246.869140625
9756.0 8789.373046875
15915.0 13028.80419921875
28015.0 30262.25390625
3796.0 4108.369384765625
1749.0 3364.8818359375
3038.0 1837.3642578125
2121.0 3387.54931640625
2530.0 4330.87890625
3885.0 2988.521484375
4116.0 4767.8466796875
5581.0 6689.99560546875
456.0 150.24658203125
692.0 553.84375
4387.0 3275.2919921875
7754.0 9995.4296875
17162.0 8182.4228515625
1677.0 2247.85595703125
2695.0 2691.93701171875
3703.0 3662.2548828125
4385.0 5390.7685546875
1051.0 750.39990234375
860.0 284.24853515625
1118.0 338.7783203125
1226.0 1807.51708984375
985.0 1496.9306640625
1788.0 2172.27880859375
451.0 -625.38232421875
857.0 -61.437744140625
4167.0 6059.662109375
3188.0 3585.7353515625
876.0 583.328125
790.0 734.04638671875
2442.0 276.20068359375
252.0 -1094.00390625
5614.0 4184.66357421875
4978.0 6676.07861328125
4288.0 4519.471435546875
3919.0 4596.35009765625
375.0 640.60400390625
920.0 1906.90234375
1351.0 491.46533203125
652.0 822.58154296875
964.0 1954.035400390625
1374.0 349.803466796875
6824.0 6944.91162109375
12521.0 8135.20361328125
11429.0 8224.21240234375
11986.0 19027.283203125
41744.0 33966.73095703125
18577.0 27746.68359375
18663.0 13905.40625
14363.0 21136.86572265625
8619.0 5972.2763671875
1341.0 1679.883544921875
2206.0 3156.98193359375
2139.0 3016.015869140625
9660.0 6406.7236328125
9283.0 11043.41552734375
6437.0 3338.759765625
3422.0 4455.25537109375
2591.0 2185.5537109375
2480.0 1903.25390625
5974.0 6583.5498046875
3014.0 3067.431640625
891.0 261.27685546875
889.0 1906.90234375
621.0 896.8544921875
622.0 1694.4462890625
4947.0 1980.220703125
5152.0 9232.458984375
17544.0 8581.3125
24949.0 11749.61865234375
2647.0 4422.75439453125
1799.0 80.0966796875
799.0 757.4990234375
1960.0 1986.8046875
1792.0 3319.591796875
1805.0 3685.6337890625
377.0 -901.40625
991.0 603.4345703125
890.0 907.09716796875
11346.0 9492.40185546875
5569.0 7112.732421875
4729.0 7672.552734375
1125.0 1907.69677734375
1647.0 4372.54833984375
1613.0 2861.0556640625
5632.0 6853.59521484375
957.0 -1218.450927734375
1141.0 1146.182373046875
10556.0 11808.5732421875
7331.0 6341.12353515625
1818.0 1741.720703125
2065.0 1769.615478515625
2249.0 1775.41943359375
6582.0 6982.61962890625
1780.0 897.51416015625
3193.0 3517.058349609375
4072.0 2973.378173828125
5656.0 6286.036376953125
9218.0 10348.85693359375
56421.0 37278.89990234375
30297.0 46026.248046875
28391.0 29389.7822265625
32721.0 29016.04052734375
14419.0 6066.34814453125
26072.0 15362.9150390625
11047.0 12724.4873046875
19112.0 18386.42236328125
4252.0 4031.203125
7307.0 6244.16162109375
4384.0 4773.103515625
8403.0 7009.804931640625
26996.0 17320.06005859375
16246.0 18743.623291015625
20692.0 15784.94189453125
16067.0 12703.489990234375
18587.0 14561.49169921875
6954.0 6982.61962890625
4810.0 7394.44091796875
11518.0 8891.01171875
8897.0 9532.0009765625
7664.0 9614.255859375
3531.0 3448.70654296875
4343.0 4148.73486328125
6205.0 5815.16357421875
2293.0 3363.66845703125
2222.0 1283.91650390625
4766.0 7421.631103515625
9326.0 10308.04248046875
19474.0 15871.263671875
14247.0 11008.54443359375
2621.0 2939.4091796875
6256.0 4341.8466796875
5646.0 6377.013671875
5582.0 6689.21728515625
3691.0 3953.96484375
4611.0 4389.79443359375
6148.0 5860.86328125
4963.0 13575.498779296875
28726.0 34572.42529296875
61008.0 46947.94091796875
13110.0 18223.4765625
17324.0 26758.361328125
60651.0 38759.72021484375
56284.0 58000.2509765625
69383.0 56475.9228515625
44154.0 58804.85546875
39970.0 52500.02197265625
45460.0 41784.44189453125
9348.0 16025.82421875
23695.0 22742.80322265625
48913.0 37484.84716796875
12687.0 30882.28369140625
52868.0 48417.05126953125
38650.0 33800.37109375
38536.0 42502.955078125
57923.0 42748.1005859375
59857.0 48263.9404296875
16108.0 20486.150390625
22866.0 20634.62109375
20938.0 26681.92041015625
13523.0 18225.21630859375
12024.0 18511.056640625
24960.0 39058.79150390625
11449.0 15847.818359375
16455.0 23014.50830078125
40086.0 39079.96533203125
5891.0 7877.486572265625
5883.0 8156.01953125
8252.0 8332.25146484375
4763.0 9484.75537109375
5725.0 8968.51513671875
17528.0 13846.255859375
15536.0 15121.519775390625
25458.0 22126.544921875
23782.0 21336.59326171875
14249.0 20394.680908203125
12280.0 9812.33935546875
11272.0 15265.974609375
25376.0 26310.35791015625
76418.0 80251.126953125
26532.0 22533.2958984375
37025.0 32829.6015625
38857.0 39321.50146484375
36997.0 43923.2001953125
43955.0 40350.51513671875
19360.0 23012.69384765625
72796.0 67342.18212890625
40008.0 33757.776123046875
27487.0 34687.535400390625
53187.0 42283.18408203125
42959.0 41060.2080078125
34968.0 37140.96484375
15670.0 20501.22021484375
8339.0 10347.47607421875
12764.0 17531.73583984375
14232.0 15400.11474609375
29667.0 37183.5068359375
17718.0 14293.93212890625
21811.0 21439.32373046875
29568.0 23842.9794921875
20607.0 26916.111328125
11889.0 20548.3125
11965.0 12341.94482421875
10521.0 13200.201171875
47862.0 42111.1181640625
31764.0 35140.2060546875
34459.0 50463.1328125
31047.0 30809.4765625
23720.0 24875.1513671875
16041.0 24969.462890625
34055.0 26116.78515625
27417.0 26132.00439453125
20308.0 27620.96044921875
23283.0 27058.330078125
13253.0 11163.5576171875
28861.0 23470.23046875
11224.0 11700.81201171875
13488.0 11932.89453125
5878.0 7358.5009765625
15919.0 13998.74609375
5924.0 6995.41064453125
6314.0 8117.080078125
3671.0 3157.2568359375
12336.0 12554.283203125
28541.0 30787.05615234375
41206.0 51513.486328125
31014.0 36439.33935546875
36952.0 43545.30078125
76091.0 62245.24609375
67524.0 66382.359375
15353.0 18984.876953125
39628.0 27119.6689453125
28665.0 28256.53759765625
12741.0 16058.74755859375
10994.0 9020.861328125
23777.0 40685.61572265625
32590.0 25180.8837890625
4310.0 4587.05322265625
12720.0 9832.23828125
12587.0 14045.2470703125
11187.0 19269.4970703125
14507.0 11203.7177734375
5503.0 9063.5263671875
5051.0 3561.78076171875
4707.0 9238.56640625
7579.0 9735.00732421875
12211.0 12237.4267578125
48362.0 34552.6953125
20393.0 16550.8896484375
7928.0 16530.1220703125
1820.0 1324.6572265625
2535.0 3088.863525390625
2196.0 1322.17822265625
4013.0 4431.894775390625
5156.0 6913.265869140625
20540.0 19651.249267578125
14900.0 8951.0888671875
6216.0 9107.521484375
5124.0 10547.76953125
14319.0 15294.5439453125
27737.0 32457.935546875
21103.0 33937.0830078125
12684.0 22352.4365234375
17397.0 17725.93798828125
27846.0 24122.1826171875
39812.0 29112.02734375
13587.0 11958.1357421875
12987.0 18517.55029296875
20904.0 15250.62451171875
18486.0 19651.249267578125
44110.0 33432.0537109375
62661.0 61508.8076171875
20668.0 21529.6220703125
18751.0 22412.841796875
9930.0 4324.9580078125
18106.0 12289.5634765625
11252.0 9621.2626953125
11708.0 10453.0654296875
20038.0 8922.0390625
10045.0 13809.34375
15441.0 20753.3681640625
7337.0 9511.63671875
6005.0 10022.453125
12482.0 20516.00390625
24829.0 20007.90869140625
27387.0 20083.0380859375
8868.0 10819.0908203125
7115.0 7457.66357421875
529.0 -553.468505859375
752.0 1575.6982421875
1271.0 1717.51123046875
1242.0 1329.051025390625
9683.0 5752.200439453125
14251.0 11188.0888671875
2184.0 1867.4033203125
6831.0 4899.716064453125
1355.0 872.15234375
1101.0 2008.508544921875
1647.0 1909.87890625
2422.0 2909.5966796875
2403.0 3109.19580078125
9342.0 5752.200439453125
9278.0 9894.61767578125
30482.0 16677.962646484375
20192.0 28019.72119140625
8447.0 9608.1142578125
14983.0 13266.0439453125
14446.0 12412.53173828125
11814.0 12096.138671875
4139.0 3809.356201171875
2931.0 3686.0126953125
3106.0 4154.1474609375
3556.0 3253.4296875
5305.0 6821.51513671875
13868.0 14100.53857421875
34386.0 29909.442138671875
5304.0 8537.2705078125
9034.0 7018.49853515625
7935.0 7802.880126953125
3895.0 3571.931884765625
3734.0 4183.552734375
6167.0 5431.63134765625
9596.0 12069.208984375
8716.0 14006.189453125
1245.0 2026.624755859375
2400.0 2728.291015625
2667.0 2843.66259765625
6089.0 4086.3984375
5739.0 6118.86181640625
7007.0 6595.00244140625
1682.0 1588.4443359375
2684.0 1038.44775390625
2157.0 2289.0908203125
1950.0 2923.6103515625
3949.0 2436.0068359375
4217.0 1627.8203125
4149.0 3821.6845703125
4364.0 3786.56201171875
2320.0 -346.67724609375
3600.0 4044.68896484375
2413.0 1998.857421875
9103.0 8613.65185546875
3290.0 2424.7880859375
6144.0 4505.093994140625
2513.0 3254.263671875
3587.0 3123.99658203125
24071.0 23436.92333984375
17698.0 18346.05419921875
6667.0 9707.2958984375
9223.0 13041.5078125
34374.0 26828.97607421875
71277.0 60636.349609375
66050.0 62809.984375
51181.0 49268.91845703125
53691.0 41569.90771484375
17955.0 35077.662109375
46313.0 42823.015625
58808.0 52987.6669921875
44284.0 47215.16015625
9767.0 13409.4775390625
19781.0 17114.43212890625
23026.0 16401.81396484375
28087.0 24324.247802734375
33874.0 38662.2392578125
35623.0 25287.1572265625
27083.0 25124.36083984375
28260.0 24862.216796875
33523.0 36886.2978515625
49151.0 41089.94921875
7024.0 12313.34765625
33034.0 55161.505859375
63084.0 55260.3359375
11853.0 17720.58984375
14675.0 18614.99267578125
32520.0 25185.23583984375
15844.0 24616.388671875
14824.0 14184.681640625
18777.0 21346.62353515625
15683.0 15832.68798828125
13428.0 14636.208984375
22513.0 22059.15576171875
22208.0 21862.83203125
1994.0 -1078.0390625
17342.0 14539.740234375
16079.0 20291.790283203125
10663.0 11961.25927734375
22407.0 25992.6904296875
8306.0 8591.615234375
14800.0 14715.62255859375
6110.0 6132.205322265625
6483.0 3866.45263671875
4344.0 4382.52783203125
7147.0 6671.4892578125
5924.0 5730.2783203125
7763.0 5122.064453125
12619.0 17606.229736328125
20069.0 26861.109375
37677.0 39613.9580078125
30486.0 27023.3642578125
30010.0 42765.2978515625
9352.0 11407.67041015625
39766.0 32486.963134765625
26671.0 39241.3818359375
33487.0 42840.919189453125
44828.0 43410.86572265625
25691.0 25623.15625
24209.0 24023.3359375
25911.0 30309.880859375
15128.0 15511.106201171875
15305.0 15245.36181640625
14041.0 16446.353515625
14214.0 25021.81005859375
5367.0 8450.25830078125
4096.0 5727.77978515625
6244.0 8280.96923828125
7299.0 7791.18896484375
22624.0 24545.7861328125
11918.0 7757.27734375
12033.0 10182.876953125
10108.0 15472.50390625
966.0 1008.971435546875
1623.0 2369.6962890625
1533.0 2282.24365234375
3573.0 3927.733154296875
12361.0 9023.576171875
2374.0 3747.32470703125
1863.0 1689.66650390625
2749.0 2782.70947265625
4204.0 2733.0146484375
3929.0 5481.5771484375
4835.0 5552.23828125
3689.0 3284.18896484375
5975.0 5148.1396484375
5384.0 8141.755859375
4903.0 9668.77734375
44357.0 39653.9599609375
3094.0 3186.5849609375
15406.0 13598.47021484375
7161.0 10249.84814453125
13385.0 13302.8779296875
11306.0 14589.05615234375
2940.0 3663.07861328125
2176.0 3099.09130859375
24818.0 23857.7529296875
30029.0 32976.4951171875
9894.0 11873.8125
10002.0 12727.43212890625
5032.0 5303.890625
4666.0 2340.83251953125
6325.0 6331.3408203125
7418.0 5784.35986328125
6409.0 5884.25
17937.0 19960.958984375
29655.0 26472.59619140625
50142.0 37207.85009765625
2770.0 3413.27392578125
1139.0 321.45849609375
1228.0 -329.23046875
3229.0 2473.67529296875
4798.0 4201.96435546875
7140.0 7518.396484375
22582.0 20744.0078125
21030.0 16752.615234375
21950.0 36312.31591796875
15368.0 24610.634765625
18836.0 19995.6240234375
6384.0 5052.6279296875
17775.0 17263.923828125
10739.0 10789.24755859375
13329.0 9444.77099609375
11580.0 12780.771484375
2967.0 2473.67529296875
19592.0 29924.1748046875
7668.0 8758.51416015625
9661.0 7130.82421875
5668.0 6667.52099609375
9581.0 8525.0
6601.0 7506.330078125
6632.0 8307.96826171875
7797.0 9266.0205078125
7176.0 10589.2919921875
3746.0 5384.5576171875
5989.0 7906.81201171875
16165.0 25460.89453125
6163.0 4550.19384765625
9277.0 15080.751953125
6509.0 5401.31689453125
10143.0 9194.99609375
9763.0 10264.26513671875
11589.0 11843.54345703125
4598.0 7694.5078125
374.0 815.2333984375
1947.0 2094.9248046875
1952.0 1513.16943359375
3397.0 4221.064453125
1068.0 1702.236572265625
1529.0 1546.8134765625
1570.0 1642.7548828125
2280.0 3501.2998046875
2485.0 2744.06689453125
531.0 669.11181640625
684.0 978.333984375
623.0 -159.26123046875
1141.0 1175.7109375
2469.0 2741.24560546875
2059.0 1664.951171875
2210.0 1358.570556640625
3367.0 3617.05810546875
9219.0 2935.83349609375
22726.0 22927.1865234375
19299.0 31480.1572265625
18882.0 17926.4208984375
12623.0 10216.830078125
23380.0 17450.6904296875
3602.0 -615.55419921875
4779.0 7275.89599609375
8742.0 5958.513671875
3970.0 5918.3994140625
6104.0 8401.1669921875
13905.0 7457.69482421875
1498.0 1336.64990234375
1583.0 2523.294189453125
16824.0 18391.7255859375
13149.0 8298.3623046875
6153.0 5881.119873046875
4139.0 4358.724609375
3064.0 2818.4482421875
2046.0 2499.06494140625
4571.0 2674.9189453125
496.0 669.11181640625
5320.0 1807.64794921875
7917.0 8904.720703125
2298.0 933.4716796875
1731.0 3066.8505859375
2644.0 2767.6962890625
1189.0 380.9638671875
823.0 575.5859375
1370.0 1447.7744140625
1150.0 -74.7255859375
1481.0 1981.77490234375
498.0 -45.4892578125
639.0 1055.3720703125
769.0 1263.476318359375
776.0 35.97802734375
6878.0 3928.2509765625
4062.0 5721.572265625
8823.0 11080.025390625
5963.0 3632.8173828125
10892.0 14459.2548828125
5175.0 5664.2783203125
1315.0 1996.69921875
1084.0 -609.0146484375
953.0 660.93408203125
1397.0 2887.87744140625
1825.0 1366.90625
2979.0 5567.3974609375
4729.0 1874.3994140625
2363.0 -570.08740234375
10998.0 11649.884765625
10473.0 9646.9189453125
13381.0 18219.939453125
23576.0 21886.65087890625
24461.0 18287.41064453125
9281.0 7390.6162109375
14472.0 13130.3232421875
3688.0 3091.30029296875
5964.0 6433.46630859375
4058.0 5519.8291015625
6958.0 4240.234375
13091.0 17633.2646484375
20665.0 21474.84912109375
20921.0 14007.26318359375
16269.0 19174.630859375
22572.0 19927.248046875
12379.0 11780.8369140625
28568.0 31890.1552734375
42224.0 46326.40771484375
49986.0 46655.57177734375
31315.0 43792.1025390625
14066.0 11961.98095703125
12409.0 24004.70263671875
19558.0 27446.92724609375
4712.0 4579.3427734375
8119.0 5747.0673828125
26318.0 24072.2412109375
11091.0 15046.5048828125
14049.0 26090.09521484375
10537.0 7781.94873046875
13796.0 13501.09716796875
45588.0 30967.30224609375
31202.0 50425.8837890625
28312.0 20532.4853515625
20209.0 17279.66748046875
9811.0 6974.62353515625
7363.0 7255.6865234375
12265.0 8355.62158203125
9180.0 7995.7763671875
9176.0 10850.0009765625
2082.0 3515.75
2782.0 2409.6669921875
6270.0 5744.291015625
18168.0 13400.3203125
36254.0 50625.5498046875
38869.0 38591.23486328125
13797.0 14452.8701171875
21054.0 20842.8828125
24814.0 26081.1318359375
30608.0 27186.4716796875
23754.0 24657.486328125
21441.0 26072.53271484375
17979.0 18835.20361328125
5907.0 8574.2255859375
12766.0 9948.796875
16993.0 14684.0595703125
19031.0 14970.701171875
2539.0 3363.4814453125
2727.0 2176.3359375
2878.0 2409.6669921875
3892.0 4260.22705078125
4489.0 5641.810546875
27479.0 24383.6240234375
4011.0 5018.19677734375
5079.0 4140.298828125
4550.0 2441.05615234375
6681.0 4347.95703125
8582.0 6170.091796875
4014.0 3350.16064453125
10120.0 7520.90576171875
9757.0 16142.525390625
8367.0 9819.900390625
4900.0 7891.173828125
489.0 806.392578125
2625.0 4215.1689453125
3471.0 2733.26806640625
6379.0 5583.298828125
6612.0 7491.0029296875
2656.0 3782.85595703125
4119.0 2885.82421875
2833.0 1771.64306640625
2797.0 2704.2666015625
895.0 307.3017578125
840.0 243.07861328125
2768.0 1462.47265625
941.0 1988.5166015625
1434.0 1699.42724609375
1271.0 1316.7490234375
4554.0 4233.13232421875
1631.0 1148.5087890625
1565.0 941.96533203125
4445.0 5354.9072265625
3637.0 2645.04296875
19742.0 29423.80419921875
5463.0 2828.78759765625
21785.0 15427.2568359375
8706.0 6060.0654296875
11380.0 10060.365234375
7860.0 6692.8642578125
10638.0 11091.12548828125
2353.0 1576.11669921875
2254.0 3661.59716796875
2192.0 3649.58837890625
4313.0 2885.82421875
3728.0 2742.759765625
4483.0 4639.7421875
25608.0 17734.38671875
26079.0 24274.12646484375
25248.0 21732.14013671875
11768.0 10189.7177734375
11351.0 12129.10400390625
7434.0 3306.908203125
5299.0 6521.85400390625
10202.0 11451.1455078125
1210.0 -299.548828125
1224.0 37.6279296875
8134.0 10530.7236328125
6554.0 5919.21875
19314.0 20156.07861328125
4469.0 4312.138671875
5066.0 3839.23828125
5138.0 4248.2353515625
6580.0 5881.2470703125
6550.0 6971.2294921875
2259.0 2222.73095703125
1628.0 -221.1796875
2446.0 -1739.220703125
2098.0 2488.55126953125
3531.0 5168.07861328125
859.0 1101.5283203125
950.0 1177.78955078125
1358.0 1183.6884765625
4819.0 4481.9296875
1568.0 976.61767578125
14355.0 9080.87353515625
11419.0 9386.2666015625
7938.0 4628.275390625
5180.0 7367.27490234375
1663.0 3240.0947265625
2455.0 3844.8515625
1910.0 1422.27099609375
3304.0 3719.134765625
468.0 1136.9921875
602.0 1469.718017578125
8470.0 9319.16748046875
4865.0 6756.8046875
1335.0 1623.60498046875
1406.0 3060.60205078125
1504.0 1108.05126953125
1878.0 4252.638671875
4785.0 6276.830078125
5641.0 5278.349609375
8491.0 6991.80908203125
18952.0 25218.4267578125
45558.0 31501.705078125
18714.0 25234.73046875
6249.0 4811.80517578125
9062.0 11319.052734375
13146.0 13669.79443359375
11405.0 9865.0341796875
2324.0 61.7587890625
5783.0 5047.91943359375
4410.0 4402.501953125
2449.0 2722.97216796875
4168.0 4675.86669921875
41820.0 38920.0908203125
10924.0 12911.86474609375
7813.0 7755.64453125
6602.0 6198.81640625
4268.0 7349.99560546875
817.0 801.32421875
869.0 1189.72607421875
1607.0 1631.39453125
1701.0 2171.88720703125
5669.0 5376.04931640625
11249.0 13632.65185546875
11410.0 15712.58203125
13047.0 16156.029296875
5215.0 4977.13525390625
4992.0 3812.607421875
5578.0 5205.5771484375
6900.0 9045.39453125
12452.0 10382.52978515625
1610.0 4169.95751953125
2184.0 3111.220703125
2602.0 1710.5283203125
2866.0 3817.28857421875
7954.0 6787.48193359375
3244.0 4434.3408203125
2282.0 6312.6826171875
2576.0 6501.939453125
1328.0 1507.20703125
1306.0 938.42626953125
1344.0 2452.73095703125
8488.0 6895.18408203125
1967.0 1097.6669921875
17839.0 11700.4453125
11516.0 10832.3447265625
8148.0 10924.4140625
27853.0 14686.6279296875
5586.0 7053.96240234375
3240.0 6853.6708984375
164.0 -988.883056640625
705.0 205.536865234375
528.0 1196.4814453125
2242.0 4300.5546875
1077.0 1985.555419921875
441.0 1774.3359375
641.0 1749.5966796875
548.0 385.772216796875
426.0 -466.392578125
13296.0 11958.3505859375
12639.0 11867.09130859375
14326.0 13907.7978515625
4822.0 3099.193359375
1149.0 1149.68212890625
15064.0 14686.807861328125
15293.0 18601.100341796875
13346.0 17767.960693359375
16771.0 15995.00390625
6813.0 8274.140625
3685.0 5372.326171875
3809.0 5408.3017578125
6791.0 6308.16162109375
3305.0 1382.19140625
4489.0 7122.65869140625
1084.0 1306.92236328125
2870.0 2166.33837890625
3463.0 2876.75390625
3904.0 3057.24658203125
2728.0 1626.802734375
890.0 193.537109375
1950.0 2156.5546875
1128.0 760.70947265625
1017.0 1214.36328125
4736.0 3787.296875
1871.0 6289.3115234375
12772.0 5530.0302734375
4319.0 3873.55029296875
2996.0 2594.6298828125
1517.0 1743.55126953125
2180.0 2624.34912109375
6454.0 8798.490234375
6443.0 4488.3046875
4102.0 7348.8876953125
1048.0 1408.671875
3935.0 3192.99951171875
5348.0 2429.962890625
2686.0 2923.83935546875
7147.0 7528.7861328125
7758.0 4540.98388671875
2582.0 6210.8408203125
3789.0 3897.84423828125
4451.0 4793.24169921875
13613.0 17695.2880859375
6098.0 8195.0634765625
21218.0 13907.087158203125
11474.0 11959.91943359375
12410.0 14360.90185546875
3798.0 3366.55322265625
7182.0 7137.66943359375
6513.0 6340.15625
8322.0 9004.7421875
13568.0 13166.41552734375
10793.0 12705.9951171875
14552.0 29608.54638671875
54425.0 40534.66064453125
34801.0 32275.4462890625
25196.0 33365.23828125
42743.0 42198.27392578125
22348.0 23553.1875
26933.0 27479.4013671875
16220.0 16347.30859375
16487.0 18186.51513671875
20947.0 23003.251953125
25526.0 28173.267578125
16978.0 26040.5009765625
19689.0 17389.287109375
35481.0 27232.234375
11450.0 16044.3447265625
31664.0 29059.15625
6362.0 8978.34228515625
7667.0 14041.83544921875
12729.0 16512.81640625
8825.0 5523.92822265625
9583.0 10833.87890625
15968.0 21347.337890625
19015.0 15449.25341796875
24999.0 21901.791015625
18838.0 16356.97265625
32167.0 22710.943359375
40187.0 30396.54248046875
24573.0 14505.90087890625
18145.0 14343.087890625
25828.0 10349.921875
17777.0 20994.11767578125
2376.0 3513.51953125
11399.0 11976.62451171875
14266.0 15789.458984375
12142.0 6255.511474609375
4698.0 4546.8310546875
11938.0 9249.8916015625
10799.0 14583.541015625
7469.0 12362.57568359375
8102.0 14262.29052734375
48809.0 44195.912109375
19443.0 14321.84814453125
14344.0 13622.17822265625
14998.0 12310.15185546875
11569.0 13245.5
11045.0 12908.537109375
19540.0 12852.72998046875
4318.0 3729.5009765625
3851.0 4775.69970703125
35903.0 34341.126953125
6498.0 10244.9580078125
11945.0 11365.71923828125
8602.0 12511.30908203125
15866.0 7958.1416015625
8038.0 4898.3271484375
9721.0 9811.08447265625
11836.0 13528.7177734375
8959.0 8839.1865234375
5868.0 5071.86328125
5250.0 2791.04345703125
593.0 1169.3740234375
832.0 81.59130859375
3140.0 3628.0009765625
4888.0 8620.267578125
10073.0 10996.4140625
2271.0 41.24365234375
2835.0 2928.1943359375
4754.0 3505.736328125
828.0 -46.54443359375
1071.0 1175.53369140625
953.0 1058.4638671875
1632.0 1751.568359375
2016.0 4806.486328125
9082.0 8424.0283203125
45461.0 18533.41455078125
23496.0 27213.126953125
27011.0 27059.595703125
21980.0 30962.1904296875
5599.0 3890.2890625
13545.0 10003.13671875
18543.0 18277.8466796875
3855.0 3909.083984375
4186.0 5017.611328125
12787.0 14529.38232421875
31767.0 27471.4951171875
6997.0 4808.5751953125
7182.0 8746.60302734375
9292.0 6476.66015625
874.0 741.611328125
1230.0 1449.03759765625
17487.0 13860.92822265625
6132.0 9257.630859375
12531.0 11891.29248046875
14194.0 11855.255859375
4733.0 5163.9150390625
10820.0 11037.65673828125
1761.0 1642.4521484375
2594.0 1769.8857421875
3094.0 3718.34716796875
3272.0 3886.8427734375
5931.0 7327.546875
1551.0 3113.123046875
7516.0 6858.5595703125
1547.0 5179.8115234375
2194.0 1937.572265625
3146.0 5147.671875
6529.0 8638.62060546875
2306.0 1544.6962890625
12119.0 7024.74560546875
4571.0 7767.26416015625
457.0 3542.3837890625
1058.0 1256.740478515625
6138.0 9377.9423828125
9350.0 13991.6025390625
3086.0 1271.440185546875
6958.0 8376.796875
4626.0 6063.5244140625
1300.0 1042.62353515625
2148.0 860.41015625
11372.0 3499.59375
5767.0 1134.75048828125
3677.0 5461.3720703125
1489.0 2704.2568359375
6026.0 4626.693359375
9433.0 12546.42578125
21866.0 22958.9248046875
11769.0 8045.21044921875
4721.0 3828.90966796875
19907.0 29185.12646484375
8269.0 8827.84765625
3950.0 6761.875
16186.0 7145.5
7095.0 7319.111328125
16387.0 11374.19287109375
26412.0 17182.52587890625
1199.0 901.96923828125
36711.0 9850.62109375
14450.0 18168.80712890625
23299.0 15533.0712890625
5062.0 2389.515625
13608.0 9591.14697265625
9506.0 12507.25
1372.0 1595.638671875
2538.0 2637.548828125
8120.0 3566.1201171875
2869.0 7732.39599609375
5301.0 10729.9384765625
20286.0 8687.306640625
1485.0 1357.10009765625
2332.0 1895.5224609375
21585.0 15612.30908203125
24951.0 17178.8154296875
14964.0 12613.787109375
7666.0 9306.6025390625
9133.0 18700.19140625
2336.0 2599.28271484375
9394.0 7266.197265625
