607.0 620.4340444992995
1003.0 971.2749850267937
729.0 753.282815644925
1897.0 2186.931422974638
584.0 549.6102777909691
571.0 552.9481635052798
723.0 721.9809163121827
1238.0 1582.8805199280068
130.0 131.9994891308379
225.0 211.00370979407126
247.0 273.9130997697248
127.0 352.7039275202569
503.0 526.2125010930083
638.0 639.0028658188821
656.0 711.9971056674549
1150.0 1104.9245050392374
6060.0 6293.267488188071
4246.0 6177.715111702514
3099.0 7155.80089218467
534.0 549.6102777909691
501.0 502.00359832245886
1730.0 1206.7597837602061
414.0 438.00037105445995
2093.0 1725.2842422197173
4297.0 2270.66319684291
3284.0 3640.7422946717124
2561.0 3750.124048370412
2696.0 4740.832306200693
3108.0 3112.4545346474
2192.0 1804.5104966049978
442.0 376.1103114403977
447.0 418.4303050151357
564.0 659.4328775161557
874.0 752.0074482007856
631.0 410.6113370454516
267.0 273.9130997697248
299.0 286.0027443811996
220.0 199.99918312203954
380.0 413.5184508118675
4525.0 3015.682769992858
3303.0 3899.455614518025
3268.0 2219.430957885091
1035.0 511.4425311059804
1182.0 504.79614356741877
315.0 332.9543415299613
647.0 672.7139076523599
1153.0 1076.8282485895857
1390.0 1295.297171532853
6371.0 6399.156107144236
5675.0 5395.079378340612
4726.0 4607.610226492377
1785.0 2165.5416846331063
2241.0 2163.752590165961
1419.0 1433.7393437834544
10409.0 10521.981423640174
2341.0 2667.7395439239845
2928.0 1447.6743261134216
4991.0 9047.851067390378
5003.0 6732.689749773604
3544.0 3246.6931999466433
6191.0 5755.9284239075005
10943.0 10678.521101603748
12329.0 22371.293519070747
11641.0 17261.395810462884
13364.0 15191.2090027333
19441.0 23031.408578693285
20202.0 20499.5905754094
27261.0 27527.1200286793
9248.0 15509.655880066206
13849.0 9187.23593899246
12914.0 8223.849873343832
11703.0 15035.057015044615
7315.0 8368.44670749627
9942.0 13983.526074508198
11802.0 10148.507370068506
1984.0 1998.951549490681
3170.0 3189.003560157143
4174.0 3816.7467541940277
2662.0 2883.338521392143
5280.0 5312.232288811239
4993.0 5500.887913728671
1673.0 1670.0057678739795
7254.0 6380.099445224263
14879.0 5632.8790729611
5506.0 12287.869059998582
12990.0 12091.240128974678
8254.0 11544.363395053446
20968.0 15222.829186239342
8079.0 6212.7670830615825
5357.0 6918.07130501364
4834.0 4143.821961589725
7770.0 11461.429575292641
15280.0 9445.002669350397
12006.0 5496.742337674771
8880.0 9592.31489579188
632.0 568.2231339567497
8776.0 8167.229699229006
13701.0 11570.430719942813
1461.0 1544.1221781359218
3662.0 4526.46569545821
3589.0 3735.625152614749
1089.0 1104.0030724871976
1641.0 1612.982793282601
1500.0 1565.989344054542
1353.0 2899.5492464272793
1941.0 1883.619539713265
2133.0 2195.0070270447995
2703.0 2705.995901371847
3887.0 2568.9178916569726
5077.0 8363.295552394524
44219.0 35860.573950209255
9294.0 10961.703810326619
8323.0 10902.194531931427
15414.0 12618.831411374238
17747.0 13641.779865932112
3409.0 4775.505516185454
10186.0 8806.589063166406
11694.0 16342.797103152843
21151.0 12707.56376775229
20068.0 36315.01267287402
4851.0 6767.619438142296
9009.0 9846.220647975824
3846.0 4283.954834169037
7717.0 7859.651323914877
6488.0 6492.144102668902
7290.0 6208.264813143745
12160.0 10163.81982598775
15972.0 12463.0894477896
1186.0 1221.6631205769809
20014.0 14628.745366386513
9020.0 9360.991887848228
4065.0 3477.4283655456184
6863.0 5564.070929452875
8993.0 10347.557649549923
2267.0 2325.909308008022
2802.0 2497.4001694043254
4603.0 7008.939547035002
6154.0 7154.33010166063
3055.0 4014.262275943285
4264.0 3299.2865168742874
11698.0 9696.8288820813
11211.0 4442.775801179116
7321.0 8526.804259625309
3910.0 5895.045661007502
2139.0 3551.837262861304
2327.0 2335.509770270317
4484.0 4485.041475897249
1312.0 1332.9730514916519
1441.0 1425.5011035649222
1465.0 1355.0484963064373
585.0 635.0729702050539
405.0 408.99584688827235
466.0 437.0072619494749
3143.0 3085.0352269469295
2334.0 2047.0238843390252
15673.0 20044.040278092925
6094.0 5158.567886599019
3228.0 3247.3408549508604
4757.0 4390.142183274047
6404.0 7282.53009012933
10950.0 17012.356800011123
1407.0 1391.5199265201045
1627.0 1249.5924648310756
1534.0 1475.9932338550861
10920.0 11675.353365416342
22492.0 12245.287012816072
9756.0 10170.673074952545
15915.0 10598.275320850793
28015.0 25641.56745596578
3796.0 4134.758510023072
1749.0 1798.2637842497152
3038.0 2495.449383035171
2121.0 2466.739778812276
2530.0 2728.907558485196
3885.0 3923.863405567795
4116.0 4042.667866034917
5581.0 3764.4712510420213
456.0 463.9846700052858
692.0 686.0109880919691
4387.0 4443.789465478098
7754.0 8308.775558287161
17162.0 7914.220168495974
1677.0 1530.3746158528047
2695.0 3165.2033088258904
3703.0 4103.915968614803
4385.0 4379.846943677057
1051.0 1085.558061213169
860.0 899.3642923328935
1118.0 1140.6980892219435
1226.0 1367.382391387975
985.0 1274.3951170633954
1788.0 1807.4338958321323
451.0 443.0072629751012
857.0 852.982203826243
4167.0 5809.25881636847
3188.0 2225.073034993231
876.0 907.4398619270596
790.0 576.9352112192792
2442.0 -109.08186613855833
252.0 288.58610360737293
5614.0 4233.961492827333
4978.0 7672.47182540076
4288.0 3513.455878027282
3919.0 4394.837922621402
375.0 356.00062546954723
920.0 959.5177668737942
1351.0 1294.9810530437771
652.0 669.9951560823501
964.0 2053.0222487102083
1374.0 1357.4560274530506
6824.0 6288.943811790901
12521.0 16657.642283581135
11429.0 20594.585842076674
11986.0 23052.586322858708
41744.0 39206.2927665788
18577.0 17853.99291165392
18663.0 16199.53668580523
14363.0 20917.098950426935
8619.0 6929.126861123703
1341.0 1683.8219663683703
2206.0 1994.370928743002
2139.0 2080.860225979566
9660.0 9589.019249760986
9283.0 10271.832225596037
6437.0 3650.964038760101
3422.0 5555.997151385034
2591.0 2807.9484356959438
2480.0 2679.3318364303996
5974.0 8577.353145303177
3014.0 2040.4871700350732
891.0 853.9948505078264
889.0 959.5177668737942
621.0 676.9986507719295
622.0 620.9865944620105
4947.0 5036.691014599826
5152.0 5409.175873454864
17544.0 7988.145136121879
24949.0 14900.94916316921
2647.0 3572.875154185458
1799.0 1693.4624987460961
799.0 758.9581190404715
1960.0 2080.4804916916473
1792.0 2245.3116712804185
1805.0 1579.0658143292676
377.0 335.63914954402026
991.0 1008.0513551631302
890.0 3312.074640774191
11346.0 8166.996318502548
5569.0 8430.414578324326
4729.0 8255.83204768719
1125.0 1411.983838846254
1647.0 2634.318084424922
1613.0 1675.9375585505331
5632.0 5782.521045023263
957.0 930.7489026647454
1141.0 1351.3629309906828
10556.0 11032.933934136257
7331.0 7044.14894047278
1818.0 2152.7007646104867
2065.0 2094.0022064456716
2249.0 2336.9801463247277
6582.0 6881.677251570625
1780.0 1902.7618247710634
3193.0 3179.165586442734
4072.0 4836.374662797898
5656.0 9712.847888092285
9218.0 11008.319058806475
56421.0 31509.339530616082
30297.0 27340.200307264848
28391.0 28045.388693568737
32721.0 27224.070687107982
14419.0 5996.151248954486
26072.0 12559.19973730009
11047.0 10424.263701724438
19112.0 20291.378920560936
4252.0 3649.261508856657
7307.0 7753.875649196057
4384.0 4443.9231914827105
8403.0 7977.716441644043
26996.0 25305.302005293797
16246.0 27412.023756643455
20692.0 18658.531818635543
16067.0 16922.427386944524
18587.0 11567.366162168875
6954.0 6881.677251570625
4810.0 4639.989235043779
11518.0 13727.47367490373
8897.0 9397.896893904966
7664.0 11818.103651513855
3531.0 3664.9687182270864
4343.0 3828.636754059993
6205.0 5803.51299455078
2293.0 2163.790688621346
2222.0 2182.7537151478464
4766.0 6580.998565395945
9326.0 8680.258977492784
19474.0 13325.332344801223
14247.0 12621.841779658655
2621.0 4270.34731371417
6256.0 6486.175198893878
5646.0 3665.780828600633
5582.0 6351.886345654959
3691.0 2970.1626555541793
4611.0 4508.029048440403
6148.0 2979.6359749929798
4963.0 10123.328087352162
28726.0 32384.52471538288
61008.0 42015.13652407104
13110.0 6611.968519672351
17324.0 30481.483170969423
60651.0 45368.13325418423
56284.0 62900.35532149746
69383.0 58573.480513626746
44154.0 61987.43782809201
39970.0 13986.47834529056
45460.0 30715.28919690274
9348.0 24460.404297164725
23695.0 33934.48607131922
48913.0 46464.97886288051
12687.0 40516.2284129167
52868.0 56148.740817187034
38650.0 39693.03959866761
38536.0 24112.087075121835
57923.0 40543.74559457702
59857.0 48721.39553967759
16108.0 20934.282871869284
22866.0 19489.420369536005
20938.0 23416.130941929317
13523.0 6579.496459237895
12024.0 14559.094894245653
24960.0 19520.686705513664
11449.0 25180.106929389185
16455.0 32674.82789905181
40086.0 31539.841106145657
5891.0 5922.660732194643
5883.0 7435.837871405042
8252.0 7297.014465261096
4763.0 8295.71405619622
5725.0 6308.6415583061635
17528.0 17121.731223632447
15536.0 13452.98854155497
25458.0 23098.629643569147
23782.0 21710.929331022635
14249.0 14141.076549288073
12280.0 11126.25320233038
11272.0 13712.755436911186
25376.0 33397.39347175334
76418.0 46823.30633577274
26532.0 30266.16171473448
37025.0 38629.58538835565
38857.0 40731.13962018329
36997.0 42366.868874017666
43955.0 38889.872813230984
19360.0 18056.486983720533
72796.0 77450.60985118964
40008.0 37585.80649213643
27487.0 30149.684403403546
53187.0 42345.298780574965
42959.0 42908.41977132716
34968.0 47025.23815576817
15670.0 12619.592947926321
8339.0 11683.980858402747
12764.0 15181.552443962664
14232.0 19065.80736480593
29667.0 43543.27070531753
17718.0 19636.76378704343
21811.0 21788.467322976278
29568.0 25599.259677508315
20607.0 28053.04637233205
11889.0 26875.44659266736
11965.0 12500.973409051006
10521.0 15241.073637398407
47862.0 41994.10446458416
31764.0 30838.0203230678
34459.0 62059.31253335343
31047.0 26520.5543133016
23720.0 27027.360198951348
16041.0 22285.52366851833
34055.0 27648.828668762777
27417.0 25756.96562676651
20308.0 21547.685027401447
23283.0 22219.271358695463
13253.0 13269.362126732038
28861.0 30390.702667783895
11224.0 12694.908933865961
13488.0 11101.431821871673
5878.0 2725.277620861816
15919.0 11772.283381930698
5924.0 5945.610726039857
6314.0 6482.360371045157
3671.0 3663.1904174922674
12336.0 10991.158119170497
28541.0 35659.99663173773
41206.0 42766.5465761584
31014.0 29956.750554040314
36952.0 51960.2350813625
76091.0 54146.62747471765
67524.0 48788.86302587253
15353.0 24391.398407025736
39628.0 26224.69882506466
28665.0 15634.40563604308
12741.0 12296.973515567412
10994.0 7755.587940138925
23777.0 41648.959819545795
32590.0 31445.93952786
4310.0 4881.596620113007
12720.0 7196.456205898376
12587.0 11000.816149822198
11187.0 22377.62725776126
14507.0 16036.581766092728
5503.0 9353.368800063326
5051.0 6138.450368942242
4707.0 9663.867538496055
7579.0 7404.604618169535
12211.0 14778.818462004263
48362.0 25781.789728791835
20393.0 16441.598939639676
7928.0 15489.22825118978
1820.0 2216.1710802724847
2535.0 3304.456601338112
2196.0 2053.477521961555
4013.0 3946.8156376110046
5156.0 5760.903981388224
20540.0 16987.60575197617
14900.0 15498.94889893408
6216.0 10925.585913214376
5124.0 15421.31354210106
14319.0 14571.864531501495
27737.0 30872.066799150172
21103.0 31830.81179022128
12684.0 21466.809005807037
17397.0 15424.416767005805
27846.0 28002.87361686834
39812.0 22978.0004686788
13587.0 16028.484743809822
12987.0 10463.424289981478
20904.0 18373.34232631858
18486.0 16987.60575197617
44110.0 40476.20978337463
62661.0 67327.59016714156
20668.0 20961.952211130723
18751.0 14558.115940682765
9930.0 9057.489036881598
18106.0 16822.31187102591
11252.0 12955.071294841537
11708.0 11682.97064440081
20038.0 11859.872280791822
10045.0 12674.173221740137
15441.0 12057.164836910157
7337.0 8086.006697273129
6005.0 12691.438876932594
12482.0 18237.513078413973
24829.0 24829.49916599116
27387.0 17264.062243338125
8868.0 6588.267779996651
7115.0 6789.103868987169
529.0 543.0143937972862
752.0 738.1293230208976
1271.0 1294.824185521953
1242.0 1144.20356967131
9683.0 8809.477765425734
14251.0 10943.05108450494
2184.0 2676.3955318464923
6831.0 6860.736003786871
1355.0 1339.9999694984654
1101.0 1063.7948589383159
1647.0 1914.4329557618535
2422.0 2706.9698288316927
2403.0 1204.6369511177963
9342.0 8809.477765425734
9278.0 11894.50558124471
30482.0 26199.114171083394
20192.0 35555.35593412726
8447.0 13514.152587067103
14983.0 14889.973993402484
14446.0 14408.303889189207
11814.0 13458.320961592432
4139.0 4476.267206001694
2931.0 2919.895025530547
3106.0 3305.314281283243
3556.0 4477.247264893403
5305.0 5619.450205351855
13868.0 12414.950971666583
34386.0 30887.55269106983
5304.0 5277.127070788629
9034.0 8868.40831579655
7935.0 10508.185047041006
3895.0 4145.038215540117
3734.0 4955.320250855599
6167.0 5230.44011188591
9596.0 9767.697614877063
8716.0 8545.000271157718
1245.0 1278.9734954388878
2400.0 2231.2857143810484
2667.0 2539.994294177755
6089.0 5877.126648550531
5739.0 6314.163198927661
7007.0 6275.575032591776
1682.0 1661.6428365432985
2684.0 2427.7825766436
2157.0 2357.1004782527616
1950.0 2015.6119260590203
3949.0 4867.52562958867
4217.0 4450.193093743878
4149.0 3857.5271924150093
4364.0 4312.029344641434
2320.0 1528.7896841056918
3600.0 3391.9854987602157
2413.0 2372.6842751695576
9103.0 11042.140171323073
3290.0 3793.1496620976823
6144.0 3568.736199142877
2513.0 2660.1096221435364
3587.0 3810.8828062100292
24071.0 29787.192855006368
17698.0 17506.999430777185
6667.0 10924.889332285136
9223.0 9914.24144678349
34374.0 31457.48636741722
71277.0 42624.15902457093
66050.0 66830.35294542201
51181.0 45516.50428017977
53691.0 50230.972391366806
17955.0 38329.96293897563
46313.0 46836.72332559497
58808.0 42573.284035916215
44284.0 60775.664901841024
9767.0 13378.526656430608
19781.0 11781.476410618308
23026.0 20414.92181226029
28087.0 19517.951696763994
33874.0 38465.8478776292
35623.0 18344.155523970847
27083.0 31891.791232213043
28260.0 32534.342405270858
33523.0 34186.26195698911
49151.0 53030.89387126398
7024.0 13450.423008843441
33034.0 59682.355792914816
63084.0 60018.38284224739
11853.0 21168.435617254352
14675.0 19432.641051918006
32520.0 22794.72358574486
15844.0 19642.25298859447
14824.0 10859.764760015809
18777.0 24043.01506371986
15683.0 19323.134481228786
13428.0 13473.232505419957
22513.0 22322.923366546132
22208.0 21587.131547527893
1994.0 2420.592001076602
17342.0 13232.676465523507
16079.0 17341.37145838444
10663.0 14340.6958090236
22407.0 20871.6743451207
8306.0 9073.814486848582
14800.0 9666.854078323317
6110.0 5377.142945565884
6483.0 6187.862407432023
4344.0 7331.823409175107
7147.0 7630.4046307886165
5924.0 11249.022324325593
7763.0 8442.441685595797
12619.0 12071.088693542097
20069.0 20890.041410553815
37677.0 32953.38970195435
30486.0 39101.28699243019
30010.0 43673.7740301285
9352.0 12572.098397289155
39766.0 33666.92340108242
26671.0 34174.76559473115
33487.0 39058.4965647397
44828.0 30723.078763515114
25691.0 24372.986745873135
24209.0 22782.822692106667
25911.0 26265.533510128324
15128.0 14162.378993994882
15305.0 13240.282168960373
14041.0 20761.52323943683
14214.0 27205.34742523593
5367.0 9174.603673597085
4096.0 4986.910875212663
6244.0 4427.229027512609
7299.0 7617.780670054257
22624.0 27187.459177200973
11918.0 10923.05827423835
12033.0 11854.966472847591
10108.0 10973.451453431007
966.0 918.6109427444535
1623.0 1572.9802707936906
1533.0 1530.5087491081213
3573.0 3929.0945667716114
12361.0 8922.542829650647
2374.0 2322.00384089191
1863.0 1897.6301903310523
2749.0 2866.9670483888767
4204.0 4056.0393319936566
3929.0 3903.82474403729
4835.0 4334.515195575279
3689.0 4056.579459436143
5975.0 3235.0211475103715
5384.0 5955.493635210228
4903.0 10226.254266441721
44357.0 36896.741189836335
3094.0 3133.978373006712
15406.0 15869.405094130298
7161.0 7733.963211698602
13385.0 14261.499191479777
11306.0 14178.668916020397
2940.0 2939.0868505723047
2176.0 2477.6353663638583
24818.0 20385.563521327458
30029.0 24939.527632246143
9894.0 10910.936442611204
10002.0 11564.478867024018
5032.0 5141.22257227129
4666.0 4642.467494668727
6325.0 6342.466808735725
7418.0 5907.852575292314
6409.0 3675.783544055492
17937.0 19346.797330683392
29655.0 23963.012737798195
50142.0 37248.14356800609
2770.0 2010.3093791351657
1139.0 1086.3326301420748
1228.0 2004.9747119988715
3229.0 2466.902796980168
4798.0 5499.364611638855
7140.0 7173.001921122559
22582.0 19124.710833307054
21030.0 21077.73091789386
21950.0 38627.94685334505
15368.0 23019.486315517002
18836.0 24466.98665474999
6384.0 5346.071933504019
17775.0 11255.391837740048
10739.0 13895.136749689467
13329.0 9420.591176518063
11580.0 11598.549070586252
2967.0 2466.902796980168
19592.0 32682.857384088446
7668.0 11408.391167446647
9661.0 8871.914001430632
5668.0 9213.527946865732
9581.0 9385.310156012547
6601.0 6582.19613033918
6632.0 6722.062821771542
7797.0 12489.83036018055
7176.0 16264.817905980977
3746.0 4869.660345223125
5989.0 5821.249145802909
16165.0 19271.220298542128
6163.0 7881.439371221683
9277.0 9230.73095745459
6509.0 6910.290598687205
10143.0 9514.116660694954
9763.0 7639.843704836694
11589.0 14565.401643633395
4598.0 9858.523258157165
374.0 316.0005738555657
1947.0 1992.6005008375505
1952.0 2443.2340198811144
3397.0 3287.012373310568
1068.0 1034.8490303473081
1529.0 1427.999624177377
1570.0 1556.0013482447248
2280.0 2272.0136076868016
2485.0 2359.9560462674563
531.0 545.8712389532593
684.0 714.010627754864
623.0 667.0021631420259
1141.0 1193.9898035963113
2469.0 2284.4822477638954
2059.0 2197.5099206750747
2210.0 2046.5617755174171
3367.0 3254.276504811365
9219.0 8607.593306293407
22726.0 24105.99236074507
19299.0 25372.52648880267
18882.0 16604.194510102614
12623.0 10694.45206505934
23380.0 12387.624833473048
3602.0 2489.8781486981024
4779.0 5121.373749947234
8742.0 7525.296237731396
3970.0 5737.210158888425
6104.0 6535.609538861303
13905.0 9490.833710809064
1498.0 1430.4903357080184
1583.0 1447.0081914016628
16824.0 17594.633927422256
13149.0 12983.413485585115
6153.0 4168.311460421943
4139.0 8691.801980893073
3064.0 3147.053447093742
2046.0 2246.189426972196
4571.0 4509.614174789442
496.0 545.8712389532593
5320.0 5863.837907449808
7917.0 7495.92000912059
2298.0 2301.531340366697
1731.0 1882.7538216542216
2644.0 3022.4192995918565
1189.0 1161.5099752250972
823.0 954.4369084079954
1370.0 1624.072201442963
1150.0 1130.7192442649102
1481.0 1569.78434607101
498.0 510.97904033207305
639.0 600.0054458498198
769.0 734.9875672211654
776.0 789.004826416621
6878.0 5178.543708231824
4062.0 3920.1963395052007
8823.0 14708.490037837544
5963.0 11288.104395041386
10892.0 13224.463080920017
5175.0 8257.64892669014
1315.0 1158.8430954455362
1084.0 1138.348521617998
953.0 1322.1450623564888
1397.0 1389.9792997468903
1825.0 1810.4277032095333
2979.0 2124.7193108529027
4729.0 2152.4321682625946
2363.0 2122.113830378804
10998.0 11010.348820148845
10473.0 12438.3581586943
13381.0 15031.679835247607
23576.0 25909.549225530565
24461.0 16179.670364946294
9281.0 8248.9270079766
14472.0 16680.2094745919
3688.0 3629.025614775979
5964.0 5727.570125025736
4058.0 4176.842388032441
6958.0 8499.018579561656
13091.0 22470.02995403641
20665.0 20217.137144776694
20921.0 21643.570879877854
16269.0 21752.269609015108
22572.0 24111.220262508636
12379.0 11112.9162096248
28568.0 30312.638912774724
42224.0 50917.19238334431
49986.0 53506.72461015747
31315.0 40343.61536501721
14066.0 10419.694115468956
12409.0 17572.541627829687
19558.0 23292.48076626665
4712.0 4816.972909397387
8119.0 8150.771955928474
26318.0 18838.921989844726
11091.0 17786.767648407724
14049.0 22828.414085284636
10537.0 12857.012562370364
13796.0 15141.467493373728
45588.0 32769.52924148113
31202.0 45866.60798568684
28312.0 24237.217541675753
20209.0 19353.04129502603
9811.0 9853.141025658668
7363.0 12484.463982279554
12265.0 6671.423750004178
9180.0 10090.422481203204
9176.0 11427.688751768103
2082.0 2001.7189353556132
2782.0 2629.9151818338555
6270.0 5209.977829343179
18168.0 13490.643229630427
36254.0 39414.48749851636
38869.0 34328.186877906126
13797.0 14028.303387893575
21054.0 20036.46636843426
24814.0 25092.77278843403
30608.0 25276.32260228954
23754.0 22895.863291513568
21441.0 21962.88100635461
17979.0 18367.453573252264
5907.0 6083.621355455042
12766.0 9845.185147140859
16993.0 14340.458225380686
19031.0 13367.991353589974
2539.0 2461.938523061739
2727.0 2893.9784800891794
2878.0 2629.9151818338555
3892.0 3981.9926474649287
4489.0 4359.031492954189
27479.0 25732.29212295787
4011.0 4126.013680762657
5079.0 4306.804583035409
4550.0 4666.463192148863
6681.0 6209.09096461326
8582.0 8005.964811962856
4014.0 3852.9713046659745
10120.0 8135.781703496308
9757.0 8925.48071167028
8367.0 8450.538787929849
4900.0 7198.797176826609
489.0 350.12460979596653
2625.0 2540.3465342061245
3471.0 3377.237543177791
6379.0 6162.526535026851
6612.0 6980.975584453991
2656.0 2678.835980683745
4119.0 3029.3916459519824
2833.0 2847.02436713301
2797.0 2977.9947420869867
895.0 848.468808096266
840.0 822.5705557704496
2768.0 2908.70415747454
941.0 941.0171496230305
1434.0 1531.9717309603875
1271.0 1365.0583404947279
4554.0 4623.787399680816
1631.0 1499.1612923280418
1565.0 1515.3623886859818
4445.0 4284.772303739563
3637.0 3281.237402883533
19742.0 31287.29336907485
5463.0 5478.486449130509
21785.0 16966.179080891015
8706.0 9773.079922712433
11380.0 8417.019978707593
7860.0 7179.755017363381
10638.0 15194.707218009327
2353.0 2041.3787161558394
2254.0 2429.9886886125187
2192.0 2405.015789162231
4313.0 3029.3916459519824
3728.0 3672.6448404816642
4483.0 4122.20525803556
25608.0 13356.754445455605
26079.0 23459.37843046188
25248.0 14697.128977567118
11768.0 12245.697672553077
11351.0 13366.028683112541
7434.0 6941.034764408052
5299.0 7897.289927265352
10202.0 9665.97435779344
1210.0 1243.6067476123237
1224.0 1349.8753735147961
8134.0 7356.304351511935
6554.0 6374.353499161225
19314.0 19960.38951475151
4469.0 4331.743363709911
5066.0 4908.245031235201
5138.0 4776.854924845975
6580.0 5786.60452658994
6550.0 7055.824013378118
2259.0 2198.6494333611226
1628.0 1650.452775842321
2446.0 2309.0454005600786
2098.0 2275.599106100559
3531.0 3924.3492866556935
859.0 864.7655295810182
950.0 937.010196683812
1358.0 1391.837504302544
4819.0 4733.22633371309
1568.0 1574.9316189884553
14355.0 15024.327390786579
11419.0 12576.894184102566
7938.0 6843.810743033173
5180.0 4809.717325261996
1663.0 1490.249985769473
2455.0 3183.8346398980357
1910.0 1689.1363579691097
3304.0 3203.9685648169943
468.0 452.0670030844485
602.0 618.4695890417061
8470.0 5182.1387894153595
4865.0 8437.530505892719
1335.0 1356.9911600127398
1406.0 1611.9719215796977
1504.0 1607.987244338175
1878.0 7399.216547267031
4785.0 6677.854180915402
5641.0 5481.013938195276
8491.0 5638.79649700431
18952.0 24632.128553645136
45558.0 24779.314807796924
18714.0 25122.259408734957
6249.0 6261.407182018593
9062.0 8536.60461529289
13146.0 9556.237310663051
11405.0 12397.26599174508
2324.0 2095.1451754484624
5783.0 5665.981897709813
4410.0 4532.834132227632
2449.0 2456.9852999305294
4168.0 4006.039936487403
41820.0 38408.44168071161
10924.0 10811.472412973184
7813.0 7040.874112684556
6602.0 6415.663163558174
4268.0 4737.945980719378
817.0 826.0020054239249
869.0 831.6091186353879
1607.0 1828.9548729679807
1701.0 1683.9976279403268
5669.0 6790.757980364675
11249.0 9947.888822848598
11410.0 7876.204950260184
13047.0 4384.831540979648
5215.0 4834.833587328394
4992.0 7539.104269491363
5578.0 4328.005935342517
6900.0 6625.6346912731005
12452.0 6210.058729593386
1610.0 1793.8793482554938
2184.0 1804.026432951494
2602.0 2877.9382681916923
2866.0 2515.2268192936144
7954.0 7405.766591302736
3244.0 7536.448675845766
2282.0 2507.3663968701294
2576.0 12979.345810721208
1328.0 1779.7312133286596
1306.0 2048.116192012185
1344.0 1338.013557719998
8488.0 8746.771720323233
1967.0 1305.182704672162
17839.0 11040.097351305241
11516.0 6838.359218168459
8148.0 7359.318572399941
27853.0 10171.471259702903
5586.0 2610.1110645715526
3240.0 6717.93421476731
164.0 159.42467867784399
705.0 639.2313732746552
528.0 493.96329423525174
2242.0 2181.003890908207
1077.0 907.0809009564255
441.0 472.3650716114207
641.0 619.0121032337629
548.0 526.1318036420562
426.0 241.9835422360993
13296.0 18080.98511221566
12639.0 8789.863323090694
14326.0 16539.753369449627
4822.0 5633.591664918189
1149.0 1609.1794200982713
15064.0 18407.041994151823
15293.0 19522.444703251742
13346.0 13572.0240774015
16771.0 18476.934244644974
6813.0 6098.648141293215
3685.0 6916.367128051983
3809.0 4009.4171995774786
6791.0 5130.319006408645
3305.0 2852.3027241190075
4489.0 6536.981497455115
1084.0 1091.9995934796582
2870.0 5586.889652955244
3463.0 4894.56312415906
3904.0 2994.8972546413715
2728.0 1221.508493001238
890.0 851.8699011530316
1950.0 1812.0811992923473
1128.0 2519.933706675758
1017.0 2856.291941132673
4736.0 4259.811198942625
1871.0 3478.5681329419563
12772.0 6360.090130028655
4319.0 4153.795344155878
2996.0 2839.9922967204598
1517.0 1578.044676079806
2180.0 3973.941907151637
6454.0 5232.752590866941
6443.0 4960.27278709747
4102.0 9686.987110120717
1048.0 1692.5581276645971
3935.0 2678.263397995761
5348.0 1876.4408062782022
2686.0 4101.828518888328
7147.0 5069.816038740737
7758.0 3215.6390596338097
2582.0 3265.2190990426825
3789.0 3732.1792236093183
4451.0 4300.667185868763
13613.0 13912.17100365736
6098.0 4782.698418916738
21218.0 14098.528030322028
11474.0 7212.299985166894
12410.0 10989.832184919076
3798.0 4677.96653462245
7182.0 9916.214202262054
6513.0 7621.74342352571
8322.0 5840.981605439258
13568.0 16503.576940651114
10793.0 18911.145034412766
14552.0 31713.855082452763
54425.0 35215.5708148176
34801.0 38120.963671403755
25196.0 29019.86589173596
42743.0 38823.30427855195
22348.0 31052.251309400246
26933.0 19708.566031336715
16220.0 13756.723926592
16487.0 16657.213885091882
20947.0 26416.054177048143
25526.0 22528.135693296663
16978.0 20458.27134376923
19689.0 16907.06760545993
35481.0 20846.23024439965
11450.0 19977.41471668508
31664.0 23674.522607507675
6362.0 6523.897584074439
7667.0 12129.381424327585
12729.0 23108.303160624055
8825.0 8222.784161340467
9583.0 9706.69114522916
15968.0 18014.117504315385
19015.0 14122.62091774738
24999.0 20095.760274741766
18838.0 22229.383806917256
32167.0 23893.95501633094
40187.0 20487.77177558863
24573.0 12474.799342697444
18145.0 9452.124582681929
25828.0 16747.880304273967
17777.0 14419.490732088509
2376.0 1973.6530531745102
11399.0 10388.004311936784
14266.0 15260.75438823515
12142.0 6404.315126769827
4698.0 4082.5277308982913
11938.0 6998.280187163058
10799.0 11539.028892777806
7469.0 13212.016864439422
8102.0 15338.62487123659
48809.0 48486.96623593189
19443.0 21082.40070638169
14344.0 14606.405850562256
14998.0 13674.219626720558
11569.0 12530.095068754785
11045.0 10935.815298875059
19540.0 9321.453921185821
4318.0 4535.390017282873
3851.0 4472.994264180238
35903.0 35539.79171466982
6498.0 7246.892495209024
11945.0 12305.793730687183
8602.0 10644.218569240627
15866.0 6510.82495753528
8038.0 7612.208726972312
9721.0 8704.607421848123
11836.0 10257.954805892343
8959.0 12384.66568772732
5868.0 5990.612703819953
5250.0 6394.63235281588
593.0 604.4011156099216
832.0 980.7155206001033
3140.0 9196.995232490262
4888.0 6879.729915186821
10073.0 9363.818841969563
2271.0 2074.2976611328468
2835.0 2853.9957100747706
4754.0 4554.3581466456235
828.0 789.0633297203749
1071.0 975.628118703491
953.0 914.6333934843133
1632.0 1692.3488879565848
2016.0 3323.836149414671
9082.0 9328.643883351833
45461.0 27529.30990507571
23496.0 22832.72241828298
27011.0 24268.345163102233
21980.0 25708.337642915718
5599.0 5733.023669955728
13545.0 13165.148777607246
18543.0 15250.435568390285
3855.0 3473.1357369069883
4186.0 4243.0115697120345
12787.0 15530.764795736672
31767.0 28681.94734656098
6997.0 7857.197118692347
7182.0 10996.818877330435
9292.0 14620.096478943233
874.0 898.389887201256
1230.0 1229.627695480258
17487.0 12139.728290401696
6132.0 10460.613439287117
12531.0 12721.985500405566
14194.0 5892.1399802547285
4733.0 4542.734131044417
10820.0 12128.157699157013
1761.0 1774.9443239062966
2594.0 2865.301325435234
3094.0 2541.192207439069
3272.0 2118.281477191458
5931.0 18530.594740674496
1551.0 -443.11901864559695
7516.0 7334.743982241114
1547.0 1469.8700489972398
2194.0 4257.421074499953
3146.0 9732.156348563294
6529.0 8014.585080574778
2306.0 5160.154018840105
12119.0 7828.603229431859
4571.0 -885.3106161424327
457.0 1072.1524765744798
1058.0 867.3633325351145
6138.0 8049.065421135718
9350.0 19621.89966290536
3086.0 5239.906616376361
6958.0 8946.632378726532
4626.0 4638.475089184201
1300.0 1376.8836175675915
2148.0 3577.0194953817872
11372.0 2393.515014516068
5767.0 258.1439495999348
3677.0 2633.2326317205952
1489.0 1359.0866631999525
6026.0 5939.729550847645
9433.0 16216.52963487902
21866.0 11404.90878651147
11769.0 10103.18603096348
4721.0 4586.156126155503
19907.0 17608.812984963388
8269.0 8659.195341905455
3950.0 9465.636891395185
16186.0 5549.7811246489755
7095.0 7701.5861324239995
16387.0 10247.03207123749
26412.0 19797.84941452151
1199.0 1052.1421790095246
36711.0 15051.98608737097
14450.0 21378.751080845224
23299.0 21506.017498596233
5062.0 3072.9828872922208
13608.0 8661.12178155256
9506.0 22117.322805415475
1372.0 2682.6285508401634
2538.0 5206.401165531044
8120.0 8238.52376883967
2869.0 7775.900111194877
5301.0 920.2895558568157
20286.0 13637.01181488612
1485.0 1362.790089652146
2332.0 2276.1093501844052
21585.0 16304.908158754115
24951.0 13542.388240210967
14964.0 16825.032070144916
7666.0 19084.760553490527
9133.0 19901.402776117233
2336.0 9752.24527887191
9394.0 5335.577439880256
