607.0 1183.5955810546875
1003.0 1670.4511413574219
729.0 1241.446304321289
1897.0 2585.5574951171875
584.0 913.7998046875
571.0 822.9733047485352
723.0 204.86647415161133
1238.0 1546.4947509765625
130.0 468.676700592041
225.0 79.29639053344727
247.0 260.0614013671875
127.0 -393.029541015625
503.0 1058.7553024291992
638.0 1084.004150390625
656.0 1601.380844116211
1150.0 1852.1280250549316
6060.0 6790.445045471191
4246.0 4830.3498458862305
3099.0 5138.408317565918
534.0 913.7998046875
501.0 1134.1401252746582
1730.0 1428.0261344909668
414.0 808.2950592041016
2093.0 2841.4638061523438
4297.0 3069.966766357422
3284.0 3514.81982421875
2561.0 3867.0636825561523
2696.0 6103.270034790039
3108.0 4430.521209716797
2192.0 2464.1768188476562
442.0 254.753173828125
447.0 -497.33028411865234
564.0 1415.8241271972656
874.0 1704.145980834961
631.0 1177.3016204833984
267.0 260.0614013671875
299.0 575.6241760253906
220.0 -147.13121795654297
380.0 115.1034164428711
4525.0 4047.5744018554688
3303.0 3237.9951171875
3268.0 5197.365287780762
1035.0 1715.0774421691895
1182.0 1775.755313873291
315.0 202.4827651977539
647.0 -480.83534240722656
1153.0 233.98332977294922
1390.0 943.7479248046875
6371.0 8869.25365447998
5675.0 6948.136260986328
4726.0 5675.400463104248
1785.0 1693.9923095703125
2241.0 1873.3995666503906
1419.0 1052.3571166992188
10409.0 5895.73193359375
2341.0 3394.13525390625
2928.0 2937.098358154297
4991.0 7938.930610656738
5003.0 7280.793342590332
3544.0 2577.7404556274414
6191.0 8384.503692626953
10943.0 8689.245346069336
12329.0 20733.427421569824
11641.0 15485.900482177734
13364.0 15670.066223144531
19441.0 17982.209327697754
20202.0 20392.825996398926
27261.0 32005.851791381836
9248.0 11158.420135498047
13849.0 11535.500762939453
12914.0 10077.05972290039
11703.0 15159.988388061523
7315.0 6500.594757080078
9942.0 14118.639190673828
11802.0 15373.119583129883
1984.0 1693.9775390625
3170.0 1391.1706771850586
4174.0 4428.833740234375
2662.0 3529.705078125
5280.0 5713.9442138671875
4993.0 5310.662353515625
1673.0 599.6794128417969
7254.0 4061.8164978027344
14879.0 7314.959983825684
5506.0 2546.7447509765625
12990.0 14872.654106140137
8254.0 8869.799026489258
20968.0 14524.602416992188
8079.0 6960.634033203125
5357.0 9655.094146728516
4834.0 5262.403656005859
7770.0 10310.229217529297
15280.0 12575.62710571289
12006.0 10262.501106262207
8880.0 13664.052658081055
632.0 737.5836181640625
8776.0 7911.709899902344
13701.0 11499.440803527832
1461.0 1937.6066207885742
3662.0 4110.744773864746
3589.0 3406.880386352539
1089.0 1197.1337509155273
1641.0 1525.7144393920898
1500.0 2338.468162536621
1353.0 1197.046012878418
1941.0 1223.4763946533203
2133.0 3082.657947540283
2703.0 2077.1390533447266
3887.0 3453.57421875
5077.0 7063.4968185424805
44219.0 38406.938873291016
9294.0 9552.857345581055
8323.0 6134.078384399414
15414.0 16048.514266967773
17747.0 18973.41519165039
3409.0 4566.599945068359
10186.0 10123.580017089844
11694.0 12725.661926269531
21151.0 14731.829833984375
20068.0 31976.65934753418
4851.0 4901.898532867432
9009.0 8196.328582763672
3846.0 2681.8048248291016
7717.0 8612.787506103516
6488.0 7774.67610168457
7290.0 6452.243476867676
12160.0 7534.782760620117
15972.0 10366.321746826172
1186.0 1361.1321105957031
20014.0 11962.105926513672
9020.0 10501.227752685547
4065.0 4535.516189575195
6863.0 4706.797218322754
8993.0 7966.538543701172
2267.0 1195.1786727905273
2802.0 3198.4182357788086
4603.0 5408.193359375
6154.0 6742.057189941406
3055.0 1481.2016830444336
4264.0 3287.4981536865234
11698.0 13288.233291625977
11211.0 5868.919784545898
7321.0 8017.285446166992
3910.0 4017.0179443359375
2139.0 2432.8690795898438
2327.0 2988.4007873535156
4484.0 4481.775588989258
1312.0 1388.7652053833008
1441.0 1426.1163024902344
1465.0 1779.8632278442383
585.0 450.46563720703125
405.0 502.09517669677734
466.0 310.14862060546875
3143.0 3692.014404296875
2334.0 3013.907470703125
15673.0 24750.991676330566
6094.0 3032.420196533203
3228.0 3390.8615112304688
4757.0 1939.8779296875
6404.0 6534.628486633301
10950.0 13400.453567504883
1407.0 1674.5725631713867
1627.0 1339.202018737793
1534.0 1859.2305221557617
10920.0 12977.756057739258
22492.0 15049.319412231445
9756.0 9432.750274658203
15915.0 13682.332092285156
28015.0 28972.48146057129
3796.0 5331.485565185547
1749.0 2735.2358322143555
3038.0 1985.4732284545898
2121.0 2750.849822998047
2530.0 4171.962791442871
3885.0 3335.8413696289062
4116.0 5008.05419921875
5581.0 6318.253723144531
456.0 120.64553833007812
692.0 641.2068176269531
4387.0 4532.250244140625
7754.0 9986.669219970703
17162.0 8211.522903442383
1677.0 2318.5580520629883
2695.0 2240.2180557250977
3703.0 3873.4759521484375
4385.0 5505.221862792969
1051.0 542.8791046142578
860.0 82.2000503540039
1118.0 68.11964416503906
1226.0 1460.8351745605469
985.0 1023.9476699829102
1788.0 2364.618362426758
451.0 -404.1859130859375
857.0 -58.840087890625
4167.0 7166.794189453125
3188.0 3783.3333892822266
876.0 554.3867111206055
790.0 1080.4153442382812
2442.0 967.1871185302734
252.0 -195.6664047241211
5614.0 4686.700378417969
4978.0 5162.098388671875
4288.0 4667.051376342773
3919.0 4637.86701965332
375.0 526.7160873413086
920.0 1392.30615234375
1351.0 812.4557647705078
652.0 957.0159759521484
964.0 1389.4797058105469
1374.0 1002.5993576049805
6824.0 6147.513427734375
12521.0 10203.511703491211
11429.0 8528.723510742188
11986.0 20496.83038330078
41744.0 32387.549285888672
18577.0 27447.73455810547
18663.0 14597.512145996094
14363.0 20854.3592376709
8619.0 6921.042297363281
1341.0 1785.0439682006836
2206.0 3291.2777252197266
2139.0 2694.0489807128906
9660.0 6342.476486206055
9283.0 9577.05583190918
6437.0 3735.928482055664
3422.0 4501.292541503906
2591.0 2406.3061752319336
2480.0 1824.9956283569336
5974.0 5833.47412109375
3014.0 3787.649574279785
891.0 204.47618865966797
889.0 1392.30615234375
621.0 828.1248092651367
622.0 1275.4217147827148
4947.0 2682.822998046875
5152.0 8666.3232421875
17544.0 8241.46435546875
24949.0 11484.108695983887
2647.0 3835.230400085449
1799.0 263.96913146972656
799.0 1160.6277465820312
1960.0 2090.576484680176
1792.0 3051.0636444091797
1805.0 3063.237174987793
377.0 -214.36552047729492
991.0 977.4656295776367
890.0 772.8791275024414
11346.0 9302.011291503906
5569.0 6603.7646484375
4729.0 8078.083190917969
1125.0 1714.1761779785156
1647.0 3145.5446243286133
1613.0 2315.9694442749023
5632.0 7178.990661621094
957.0 -195.38442993164062
1141.0 1192.7732543945312
10556.0 11462.046775817871
7331.0 7744.863548278809
1818.0 1723.8606567382812
2065.0 2125.607666015625
2249.0 2243.247802734375
6582.0 6199.57763671875
1780.0 1355.773681640625
3193.0 3057.6870727539062
4072.0 3357.12109375
5656.0 6726.323501586914
9218.0 11052.896118164062
56421.0 38873.295501708984
30297.0 47564.38999938965
28391.0 30448.02382659912
32721.0 30406.93759918213
14419.0 6172.5715255737305
26072.0 15255.670989990234
11047.0 12617.94637298584
19112.0 20639.951446533203
4252.0 4267.749366760254
7307.0 6383.965644836426
4384.0 5371.480422973633
8403.0 8099.820762634277
26996.0 18428.460861206055
16246.0 19423.872619628906
20692.0 16426.833908081055
16067.0 13131.778854370117
18587.0 14528.106201171875
6954.0 6199.57763671875
4810.0 6657.825752258301
11518.0 7819.8596267700195
8897.0 9699.856750488281
7664.0 9712.718185424805
3531.0 3377.067138671875
4343.0 3997.140998840332
6205.0 5014.396484375
2293.0 3838.629638671875
2222.0 2501.810302734375
4766.0 6660.970458984375
9326.0 11003.725685119629
19474.0 15148.423454284668
14247.0 11180.568786621094
2621.0 2916.618408203125
6256.0 6353.605041503906
5646.0 5936.397033691406
5582.0 6073.751129150391
3691.0 3001.7966079711914
4611.0 3979.2151794433594
6148.0 4642.53662109375
4963.0 12727.884887695312
28726.0 35867.304611206055
61008.0 47674.3722076416
13110.0 17434.52879333496
17324.0 22623.637145996094
60651.0 39980.64292907715
56284.0 58910.0231552124
69383.0 55954.774154663086
44154.0 60491.77924346924
39970.0 44421.63229370117
45460.0 43193.744384765625
9348.0 16081.788299560547
23695.0 24319.2964553833
48913.0 38121.01762390137
12687.0 31593.483848571777
52868.0 49996.515144348145
38650.0 33585.531311035156
38536.0 41843.63732910156
57923.0 41449.959396362305
59857.0 48025.86560058594
16108.0 16465.86834716797
22866.0 18064.455322265625
20938.0 23121.289672851562
13523.0 17503.98950958252
12024.0 19480.99243927002
24960.0 39984.829650878906
11449.0 16719.54216003418
16455.0 20374.192138671875
40086.0 38445.975158691406
5891.0 6946.39128112793
5883.0 7662.131393432617
8252.0 7335.328506469727
4763.0 8586.74129486084
5725.0 7580.595195770264
17528.0 14434.79067993164
15536.0 16115.952667236328
25458.0 21730.86212158203
23782.0 21087.986450195312
14249.0 18774.17250061035
12280.0 11009.25161743164
11272.0 14309.592025756836
25376.0 25192.25244140625
76418.0 80970.32077789307
26532.0 21182.499961853027
37025.0 32513.647384643555
38857.0 41385.920333862305
36997.0 45263.80989074707
43955.0 41598.266105651855
19360.0 23414.681091308594
72796.0 70257.7523803711
40008.0 32888.98048400879
27487.0 34043.2568359375
53187.0 41045.0940322876
42959.0 39133.28423309326
34968.0 34257.51835632324
15670.0 18425.8768157959
8339.0 9070.69915008545
12764.0 16883.05534362793
14232.0 14222.050758361816
29667.0 34793.763259887695
17718.0 15389.266799926758
21811.0 20498.777870178223
29568.0 24122.373413085938
20607.0 27250.138137817383
11889.0 20886.249572753906
11965.0 12195.735565185547
10521.0 12654.930053710938
47862.0 43850.25363922119
31764.0 35501.715087890625
34459.0 49129.80155944824
31047.0 31560.101623535156
23720.0 24919.234313964844
16041.0 22211.79118347168
34055.0 27769.02424621582
27417.0 25764.223205566406
20308.0 26129.87060546875
23283.0 25768.527633666992
13253.0 11645.66088104248
28861.0 22259.985763549805
11224.0 11123.277221679688
13488.0 12025.159957885742
5878.0 7319.449066162109
15919.0 13808.789535522461
5924.0 6570.36181640625
6314.0 7328.856719970703
3671.0 3174.943084716797
12336.0 13188.475204467773
28541.0 30961.97582244873
41206.0 52917.90023803711
31014.0 35120.45482635498
36952.0 44928.64471435547
76091.0 66282.86878967285
67524.0 71431.39584350586
15353.0 19241.332092285156
39628.0 27066.798416137695
28665.0 27328.019332885742
12741.0 16619.4822845459
10994.0 9297.174942016602
23777.0 39469.39345550537
32590.0 25237.86878967285
4310.0 5280.34130859375
12720.0 8777.184219360352
12587.0 14179.228675842285
11187.0 19816.320838928223
14507.0 10904.590393066406
5503.0 9232.231140136719
5051.0 4357.589599609375
4707.0 8827.298011779785
7579.0 9762.23934173584
12211.0 13070.979080200195
48362.0 33767.21726989746
20393.0 16506.05778503418
7928.0 16783.70361328125
1820.0 1274.8626098632812
2535.0 2492.11865234375
2196.0 1604.311279296875
4013.0 3891.526298522949
5156.0 7422.71354675293
20540.0 20451.918830871582
14900.0 9395.125350952148
6216.0 8914.634857177734
5124.0 10189.59130859375
14319.0 15185.118370056152
27737.0 30717.35610961914
21103.0 34148.62060546875
12684.0 22186.94467163086
17397.0 15094.14688873291
27846.0 23753.420333862305
39812.0 28833.213409423828
13587.0 11833.96987915039
12987.0 17462.799224853516
20904.0 15453.244789123535
18486.0 20451.918830871582
44110.0 32130.713081359863
62661.0 67340.11251831055
20668.0 22439.407623291016
18751.0 21424.635528564453
9930.0 5404.461669921875
18106.0 12604.642135620117
11252.0 8761.52352142334
11708.0 9491.031188964844
20038.0 10410.105102539062
10045.0 13969.150001525879
15441.0 21999.564453125
7337.0 9065.38232421875
6005.0 9762.725486755371
12482.0 20878.267608642578
24829.0 20167.590454101562
27387.0 21136.13246154785
8868.0 10524.519470214844
7115.0 8181.312286376953
529.0 200.69395065307617
752.0 853.8185844421387
1271.0 2183.16455078125
1242.0 1333.216796875
9683.0 5964.170600891113
14251.0 11458.903743743896
2184.0 2500.4091262817383
6831.0 4934.5441970825195
1355.0 1204.7416915893555
1101.0 1738.1367416381836
1647.0 2386.0772094726562
2422.0 3262.1228942871094
2403.0 2396.596332550049
9342.0 5964.170600891113
9278.0 9175.776977539062
30482.0 17365.593605041504
20192.0 28165.311584472656
8447.0 9784.378997802734
14983.0 13406.694091796875
14446.0 11866.97770690918
11814.0 12646.284965515137
4139.0 3972.847270965576
2931.0 4222.758407592773
3106.0 4041.5669555664062
3556.0 4009.9442596435547
5305.0 6067.326713562012
13868.0 13665.16049194336
34386.0 30566.11528778076
5304.0 8465.474796295166
9034.0 7277.66056060791
7935.0 8114.462295532227
3895.0 4085.53857421875
3734.0 4658.747909545898
6167.0 5810.210037231445
9596.0 11859.664123535156
8716.0 12618.50765991211
1245.0 1446.4364700317383
2400.0 2498.0278930664062
2667.0 2568.217071533203
6089.0 4574.383605957031
5739.0 6706.830345153809
7007.0 6907.322822570801
1682.0 2380.869071960449
2684.0 1940.1596603393555
2157.0 2428.1293716430664
1950.0 2598.211624145508
3949.0 2890.025634765625
4217.0 2546.7337036132812
4149.0 4235.191650390625
4364.0 4183.414611816406
2320.0 891.3838882446289
3600.0 3453.652599334717
2413.0 2617.240264892578
9103.0 9218.99836730957
3290.0 2608.6788940429688
6144.0 4078.7841796875
2513.0 3792.129592895508
3587.0 3408.939682006836
24071.0 24043.636894226074
17698.0 17728.505310058594
6667.0 9919.982162475586
9223.0 12172.747650146484
34374.0 26701.628494262695
71277.0 57663.6416015625
66050.0 65356.99237060547
51181.0 49520.019287109375
53691.0 40799.91678619385
17955.0 35369.46750640869
46313.0 44533.34150695801
58808.0 53996.67868041992
44284.0 45597.15321350098
9767.0 12739.085266113281
19781.0 16199.333679199219
23026.0 17016.36962890625
28087.0 24113.781440734863
33874.0 39971.853286743164
35623.0 24123.665466308594
27083.0 25040.902404785156
28260.0 24326.23211669922
33523.0 36570.72998046875
49151.0 38985.9075012207
7024.0 13055.141906738281
33034.0 56615.80976867676
63084.0 51368.067810058594
11853.0 17716.212768554688
14675.0 18581.321411132812
32520.0 25995.06610107422
15844.0 24580.40170288086
14824.0 14605.350158691406
18777.0 20963.051330566406
15683.0 16009.614364624023
13428.0 14851.603042602539
22513.0 22397.056915283203
22208.0 21904.69125366211
1994.0 1478.667163848877
17342.0 14331.72216796875
16079.0 19058.436309814453
10663.0 12344.977111816406
22407.0 24225.56640625
8306.0 8233.018280029297
14800.0 15071.286880493164
6110.0 6182.797035217285
6483.0 5533.888626098633
4344.0 5205.089859008789
7147.0 7690.146812438965
5924.0 5741.783432006836
7763.0 6243.600654602051
12619.0 16555.049560546875
20069.0 26427.583923339844
37677.0 38657.95867919922
30486.0 25214.303588867188
30010.0 40552.723640441895
9352.0 12274.420051574707
39766.0 30526.640899658203
26671.0 38690.67854309082
33487.0 42374.03926086426
44828.0 43030.75601196289
25691.0 25777.699951171875
24209.0 23697.13330078125
25911.0 30124.446533203125
15128.0 17094.954681396484
15305.0 15420.46646118164
14041.0 17527.110054016113
14214.0 24381.963592529297
5367.0 7939.179588317871
4096.0 6776.730407714844
6244.0 8325.562103271484
7299.0 8698.160957336426
22624.0 24274.429321289062
11918.0 7788.7490158081055
12033.0 9562.746711730957
10108.0 13831.988586425781
966.0 1250.649040222168
1623.0 1949.557502746582
1533.0 1971.101245880127
3573.0 4346.00528717041
12361.0 8864.118072509766
2374.0 3076.4482498168945
1863.0 2046.7267990112305
2749.0 2494.6249084472656
4204.0 2518.5525512695312
3929.0 5200.559997558594
4835.0 5102.784736633301
3689.0 3392.4620819091797
5975.0 5233.772155761719
5384.0 8196.493530273438
4903.0 9319.936904907227
44357.0 40504.13801574707
3094.0 3327.3092651367188
15406.0 14055.303001403809
7161.0 10015.51586151123
13385.0 12760.598625183105
11306.0 13458.380485534668
2940.0 3306.649559020996
2176.0 3136.4948654174805
24818.0 22345.235275268555
30029.0 36006.745513916016
9894.0 11638.455116271973
10002.0 12030.555419921875
5032.0 4818.82137298584
4666.0 2635.709503173828
6325.0 6288.804534912109
7418.0 6368.982070922852
6409.0 5468.164009094238
17937.0 19900.26676940918
29655.0 24180.264358520508
50142.0 39804.32141876221
2770.0 2739.434642791748
1139.0 905.6686058044434
1228.0 581.6110610961914
3229.0 2500.3607788085938
4798.0 4649.238433837891
7140.0 7329.844055175781
22582.0 20014.317390441895
21030.0 15878.694618225098
21950.0 34161.31458282471
15368.0 25095.07829284668
18836.0 19696.13737487793
6384.0 6139.18180847168
17775.0 16202.353797912598
10739.0 11899.684135437012
13329.0 8960.695404052734
11580.0 12740.883270263672
2967.0 2500.3607788085938
19592.0 30248.37501525879
7668.0 10196.100929260254
9661.0 7788.219909667969
5668.0 6902.863220214844
9581.0 8481.040954589844
6601.0 7455.695877075195
6632.0 6849.700698852539
7797.0 6985.966125488281
7176.0 9856.347442626953
3746.0 4887.921409606934
5989.0 6874.437469482422
16165.0 25237.968978881836
6163.0 4650.022315979004
9277.0 15116.940170288086
6509.0 5732.126152038574
10143.0 8683.024291992188
9763.0 10036.296730041504
11589.0 12061.015167236328
4598.0 7399.733047485352
374.0 1144.4595336914062
1947.0 1939.6088256835938
1952.0 1404.325439453125
3397.0 4340.001022338867
1068.0 1284.216209411621
1529.0 1430.8253173828125
1570.0 1647.3435974121094
2280.0 3043.768112182617
2485.0 2544.415054321289
531.0 241.68777465820312
684.0 1001.352294921875
623.0 723.799690246582
1141.0 1137.8739471435547
2469.0 2829.4789123535156
2059.0 1459.670654296875
2210.0 1586.240234375
3367.0 3727.173583984375
9219.0 4362.086563110352
22726.0 21897.891021728516
19299.0 31779.78302001953
18882.0 16253.677276611328
12623.0 9038.991775512695
23380.0 17378.559783935547
3602.0 318.545654296875
4779.0 7082.241394042969
8742.0 5903.825439453125
3970.0 7124.2216796875
6104.0 8422.66323852539
13905.0 6915.060241699219
1498.0 1308.6138153076172
1583.0 1791.9762725830078
16824.0 18015.853286743164
13149.0 8515.825164794922
6153.0 5706.005325317383
4139.0 5036.709777832031
3064.0 3070.6061477661133
2046.0 2070.4633026123047
4571.0 2517.7960205078125
496.0 241.68777465820312
5320.0 2667.942626953125
7917.0 7493.183898925781
2298.0 1539.4377365112305
1731.0 2882.608222961426
2644.0 2976.633613586426
1189.0 120.58988189697266
823.0 373.6090850830078
1370.0 1656.5420303344727
1150.0 550.9900436401367
1481.0 2176.778533935547
498.0 255.55474090576172
639.0 680.28564453125
769.0 1176.1184997558594
776.0 -133.6501007080078
6878.0 4854.66796875
4062.0 6575.577484130859
8823.0 10495.907363891602
5963.0 5515.975456237793
10892.0 15819.366645812988
5175.0 5508.159484863281
1315.0 1352.5684356689453
1084.0 -29.553794860839844
953.0 717.7506637573242
1397.0 2312.931427001953
1825.0 1774.2479248046875
2979.0 5411.67497253418
4729.0 2691.527603149414
2363.0 -111.90534973144531
10998.0 11336.885398864746
10473.0 10119.410682678223
13381.0 18644.58627319336
23576.0 22662.579681396484
24461.0 16282.054077148438
9281.0 8959.453170776367
14472.0 13040.856262207031
3688.0 3179.2052307128906
5964.0 6511.290092468262
4058.0 4889.50927734375
6958.0 4007.474609375
13091.0 18091.65542602539
20665.0 20969.947784423828
20921.0 15262.44995880127
16269.0 18294.937103271484
22572.0 19725.64800262451
12379.0 11914.702239990234
28568.0 30659.780387878418
42224.0 48489.95764160156
49986.0 48624.5578918457
31315.0 42946.835037231445
14066.0 12239.405364990234
12409.0 25441.71723175049
19558.0 29333.464073181152
4712.0 5135.271789550781
8119.0 6480.946472167969
26318.0 23904.170166015625
11091.0 15815.1064453125
14049.0 26519.026084899902
10537.0 9225.780029296875
13796.0 15064.400863647461
45588.0 31711.408325195312
31202.0 51618.767333984375
28312.0 19349.2177734375
20209.0 17572.199981689453
9811.0 8634.899597167969
7363.0 7271.975555419922
12265.0 8016.341552734375
9180.0 8331.300659179688
9176.0 11188.273330688477
2082.0 3369.44970703125
2782.0 3215.2340698242188
6270.0 5868.974609375
18168.0 13177.933349609375
36254.0 51877.44268035889
38869.0 40668.636474609375
13797.0 14750.12045288086
21054.0 21328.614944458008
24814.0 25533.83917236328
30608.0 26225.628967285156
23754.0 24674.109497070312
21441.0 25417.509155273438
17979.0 19115.7084274292
5907.0 9584.01326751709
12766.0 10462.080841064453
16993.0 14307.791610717773
19031.0 15882.631118774414
2539.0 2959.8667602539062
2727.0 2483.3832931518555
2878.0 3215.2340698242188
3892.0 4298.838806152344
4489.0 5755.911560058594
27479.0 24423.83088684082
4011.0 5407.776306152344
5079.0 3928.5927200317383
4550.0 2619.5153198242188
6681.0 4255.585723876953
8582.0 7095.077880859375
4014.0 3450.819709777832
10120.0 7777.616752624512
9757.0 14954.567642211914
8367.0 9292.097259521484
4900.0 7418.499946594238
489.0 975.5992889404297
2625.0 4285.2294921875
3471.0 2693.70556640625
6379.0 5373.988838195801
6612.0 7337.211685180664
2656.0 3673.8831939697266
4119.0 3008.8010330200195
2833.0 2635.9346923828125
2797.0 3222.3744583129883
895.0 264.56592559814453
840.0 276.8671188354492
2768.0 1693.2735443115234
941.0 1329.8070907592773
1434.0 1680.6474838256836
1271.0 1388.3779754638672
4554.0 4151.84587097168
1631.0 1402.6404418945312
1565.0 1184.7565155029297
4445.0 4869.69091796875
3637.0 2524.609130859375
19742.0 31379.55736541748
5463.0 4496.524475097656
21785.0 15786.768188476562
8706.0 5271.740097045898
11380.0 10443.331733703613
7860.0 7598.153869628906
10638.0 10628.5591506958
2353.0 1706.4884948730469
2254.0 3172.658821105957
2192.0 3271.5532836914062
4313.0 3008.8010330200195
3728.0 3240.27587890625
4483.0 5012.259826660156
25608.0 18332.89781188965
26079.0 23075.517684936523
25248.0 20716.620803833008
11768.0 10299.614166259766
11351.0 11702.333419799805
7434.0 3710.982063293457
5299.0 6548.9921875
10202.0 11783.829895019531
1210.0 196.74057006835938
1224.0 443.174072265625
8134.0 10059.369812011719
6554.0 6932.3486328125
19314.0 21003.884841918945
4469.0 4483.704696655273
5066.0 3521.378059387207
5138.0 4972.450523376465
6580.0 5100.085144042969
6550.0 6924.422454833984
2259.0 1777.6642456054688
1628.0 -720.114372253418
2446.0 -948.4747924804688
2098.0 2562.1187591552734
3531.0 5590.737945556641
859.0 1114.2400741577148
950.0 1015.4340972900391
1358.0 1365.2837677001953
4819.0 4366.899917602539
1568.0 1147.290542602539
14355.0 8024.975074768066
11419.0 9530.151901245117
7938.0 4263.946990966797
5180.0 7344.752502441406
1663.0 2595.5829696655273
2455.0 3880.5252685546875
1910.0 1693.872688293457
3304.0 3985.444381713867
468.0 614.3640518188477
602.0 779.8389434814453
8470.0 9201.991882324219
4865.0 6493.084716796875
1335.0 1494.3435668945312
1406.0 2543.8064575195312
1504.0 1008.4501647949219
1878.0 3855.330368041992
4785.0 6581.223861694336
5641.0 5042.389801025391
8491.0 7051.462646484375
18952.0 26716.474243164062
45558.0 31198.296424865723
18714.0 24394.75991821289
6249.0 5639.360656738281
9062.0 11178.763427734375
13146.0 14724.836082458496
11405.0 10170.474243164062
2324.0 1465.6421585083008
5783.0 4479.204048156738
4410.0 3983.8527603149414
2449.0 2836.0572509765625
4168.0 4650.82234954834
41820.0 40853.41669464111
10924.0 12771.622184753418
7813.0 7785.7451248168945
6602.0 6258.055938720703
4268.0 6182.959136962891
817.0 1018.5733795166016
869.0 1098.8405151367188
1607.0 1617.7689971923828
1701.0 2419.577346801758
5669.0 6637.876281738281
11249.0 13630.680946350098
11410.0 14918.17733001709
13047.0 15594.577110290527
5215.0 5077.325820922852
4992.0 4762.32421875
5578.0 5574.026107788086
6900.0 8510.666229248047
12452.0 10401.24658203125
1610.0 4290.990867614746
2184.0 3297.7377700805664
2602.0 2173.2308349609375
2866.0 3080.0516967773438
7954.0 6444.114311218262
3244.0 4032.825996398926
2282.0 5754.33723449707
2576.0 6884.92414855957
1328.0 1568.1663513183594
1306.0 1153.6640167236328
1344.0 1605.4282913208008
8488.0 6746.517425537109
1967.0 897.9813537597656
17839.0 10994.679122924805
11516.0 10650.396347045898
8148.0 10134.342498779297
27853.0 16816.409454345703
5586.0 6582.58154296875
3240.0 6779.386100769043
164.0 -43.48228073120117
705.0 399.0946235656738
528.0 897.2521591186523
2242.0 4047.037353515625
1077.0 1819.2925071716309
441.0 1001.6689300537109
641.0 1256.9818496704102
548.0 230.5410385131836
426.0 -88.40901947021484
13296.0 12597.756660461426
12639.0 11954.032905578613
14326.0 12329.896865844727
4822.0 2365.363998413086
1149.0 1376.142421722412
15064.0 13418.85610961914
15293.0 18745.923416137695
13346.0 18088.670867919922
16771.0 15744.758674621582
6813.0 7741.919624328613
3685.0 5406.840843200684
3809.0 5332.7276611328125
6791.0 7404.5489501953125
3305.0 2782.8226318359375
4489.0 6420.923080444336
1084.0 1232.3741912841797
2870.0 2511.70556640625
3463.0 4093.474609375
3904.0 3554.8413696289062
2728.0 1300.9614944458008
890.0 221.9776153564453
1950.0 2967.876190185547
1128.0 1056.36181640625
1017.0 1179.8848419189453
4736.0 3608.402084350586
1871.0 5943.605941772461
12772.0 5771.33610534668
4319.0 3230.3747177124023
2996.0 2239.1539001464844
1517.0 1749.3164978027344
2180.0 1712.7393646240234
6454.0 7425.697700500488
6443.0 4709.52254486084
4102.0 7563.5186767578125
1048.0 1028.8887023925781
3935.0 3051.2229919433594
5348.0 2195.3080978393555
2686.0 2843.754768371582
7147.0 6264.105606079102
7758.0 4582.566184997559
2582.0 5191.022789001465
3789.0 3690.7557373046875
4451.0 5230.5908279418945
13613.0 17686.032341003418
6098.0 7733.778137207031
21218.0 14070.742584228516
11474.0 11998.32633972168
12410.0 14491.703796386719
3798.0 4271.430816650391
7182.0 8251.637420654297
6513.0 6218.4687423706055
8322.0 9015.543182373047
13568.0 13707.68472290039
10793.0 12385.399589538574
14552.0 30070.027542114258
54425.0 40131.56547546387
34801.0 30697.91831970215
25196.0 33056.174240112305
42743.0 42293.19053649902
22348.0 24727.885650634766
26933.0 26712.569297790527
16220.0 14717.470626831055
16487.0 17842.26838684082
20947.0 23300.201721191406
25526.0 27553.541259765625
16978.0 25106.961502075195
19689.0 16835.504959106445
35481.0 27934.052154541016
11450.0 14927.414001464844
31664.0 31624.833114624023
6362.0 8316.665954589844
7667.0 14744.776611328125
12729.0 17144.798278808594
8825.0 5971.460205078125
9583.0 11000.953857421875
15968.0 21433.024757385254
19015.0 14303.324432373047
24999.0 21445.96095275879
18838.0 16271.128509521484
32167.0 23880.419998168945
40187.0 29053.392860412598
24573.0 13379.554962158203
18145.0 14898.542266845703
25828.0 11871.51123046875
17777.0 24040.56443786621
2376.0 2847.791030883789
11399.0 12063.311904907227
14266.0 16285.473159790039
12142.0 6715.1210861206055
4698.0 4332.615409851074
11938.0 8851.437530517578
10799.0 13430.959259033203
7469.0 12080.993850708008
8102.0 13038.381332397461
48809.0 43497.770515441895
19443.0 15173.275741577148
14344.0 12972.251220703125
14998.0 12922.967124938965
11569.0 12084.937019348145
11045.0 13264.248764038086
19540.0 12594.695022583008
4318.0 3503.8438720703125
3851.0 4966.875305175781
35903.0 35226.369483947754
6498.0 9950.103729248047
11945.0 10826.37947845459
8602.0 12756.163269042969
15866.0 8834.586814880371
8038.0 5516.65470123291
9721.0 9496.03443145752
11836.0 13893.633117675781
8959.0 8129.573516845703
5868.0 5129.6979904174805
5250.0 4368.991546630859
593.0 885.3879547119141
832.0 469.61903381347656
3140.0 4283.8330078125
4888.0 8544.44580078125
10073.0 11140.351638793945
2271.0 1514.6128234863281
2835.0 3070.5567169189453
4754.0 3220.335968017578
828.0 384.79270935058594
1071.0 1187.2574157714844
953.0 843.9625701904297
1632.0 1778.835334777832
2016.0 5031.208465576172
9082.0 8106.729400634766
45461.0 17888.56352996826
23496.0 27510.463150024414
27011.0 27230.880981445312
21980.0 30777.575889587402
5599.0 4319.808044433594
13545.0 10909.78515625
18543.0 19482.842178344727
3855.0 3683.1625366210938
4186.0 4106.202087402344
12787.0 14673.049530029297
31767.0 28700.188133239746
6997.0 5739.410133361816
7182.0 9261.743194580078
9292.0 6790.191459655762
874.0 880.2862167358398
1230.0 1565.0457382202148
17487.0 13016.49087524414
6132.0 9411.675415039062
12531.0 10662.148704528809
14194.0 10213.895454406738
4733.0 5244.622840881348
10820.0 10329.122528076172
1761.0 1283.1673049926758
2594.0 2249.652557373047
3094.0 3063.859176635742
3272.0 3436.621467590332
5931.0 7297.50732421875
1551.0 2965.1420288085938
7516.0 6419.280052185059
1547.0 4631.147117614746
2194.0 3125.9069290161133
3146.0 5326.441009521484
6529.0 9037.512855529785
2306.0 1967.9251098632812
12119.0 8495.672149658203
4571.0 8348.717010498047
457.0 2826.600688934326
1058.0 1128.4183197021484
6138.0 9688.312408447266
9350.0 14203.14250946045
3086.0 2435.0171813964844
6958.0 8030.736282348633
4626.0 5630.015396118164
1300.0 1600.3135681152344
2148.0 1117.4818572998047
11372.0 4448.686080932617
5767.0 1427.0082473754883
3677.0 4468.875617980957
1489.0 2710.3413009643555
6026.0 5158.59228515625
9433.0 12786.018447875977
21866.0 23256.869522094727
11769.0 7027.153015136719
4721.0 4184.003341674805
19907.0 30606.317024230957
8269.0 9927.841400146484
3950.0 7135.534362792969
16186.0 7457.554100036621
7095.0 7486.864936828613
16387.0 11456.168586730957
26412.0 19286.430450439453
1199.0 1230.6293487548828
36711.0 9616.278038024902
14450.0 17238.045379638672
23299.0 14178.179084777832
5062.0 3539.7841186523438
13608.0 9978.398162841797
9506.0 12697.96890258789
1372.0 3008.759490966797
2538.0 2152.9998779296875
8120.0 3985.807197570801
2869.0 7057.671226501465
5301.0 11847.255935668945
20286.0 11695.423141479492
1485.0 2087.80330657959
2332.0 1899.9022979736328
21585.0 16345.76171875
24951.0 20144.462280273438
14964.0 12058.673706054688
7666.0 8781.76480102539
9133.0 18209.69500732422
2336.0 3396.691375732422
9394.0 9014.074676513672
