2297.0 2309.250898786138
2531.0 1508.0988138459697
2390.0 2620.758359045581
2071.0 2074.133423279932
3155.0 3929.64233034883
7371.0 6452.709164930317
4210.0 4570.4555147980445
7655.0 6052.622418124619
2528.0 1508.0988138459697
6818.0 5365.195671757445
4522.0 4629.045454834202
3909.0 3897.0891686000487
3019.0 2006.2921358921033
6726.0 7592.253134734054
8544.0 6775.25703546333
10399.0 7434.782667624456
3898.0 4123.462821673281
6372.0 7440.519498162199
8020.0 8488.859128074146
7961.0 11238.141000413725
7543.0 6108.5733770123115
4928.0 4609.914531844632
15989.0 13812.38557402823
18425.0 12807.546785575903
8460.0 5049.672762714817
13921.0 9695.572619931994
9923.0 8548.916507895927
8337.0 8122.405794202224
12126.0 10273.562846758843
3523.0 3934.7920015552418
9899.0 10227.607507124703
2487.0 2606.7419644905367
15428.0 32541.00186833613
19572.0 11690.080032745547
7881.0 8612.810277231414
33557.0 28421.305724301394
7961.0 12218.579283579966
12111.0 11060.812525624844
36174.0 31351.5667452537
33232.0 17988.202108867146
20888.0 36985.65038278996
10410.0 7899.04449207917
22513.0 26279.17805742812
14930.0 22808.392781029102
14617.0 11677.470075802928
6073.0 7641.893131006731
24452.0 19876.945969075074
15584.0 16468.123721472537
4190.0 6586.153448914349
13605.0 9798.251532581371
1404.0 1403.5062224158546
793.0 862.199444559103
1408.0 1172.3110039283285
10717.0 10561.20554465607
8500.0 5782.8775179376025
32650.0 30721.17657809172
21311.0 31267.542568322802
9135.0 7917.406103859142
20453.0 17640.026655933245
8170.0 1499.0990051577246
5627.0 7314.021589076151
14376.0 17565.803935435997
5568.0 5724.159424565227
7759.0 9496.110086874214
25350.0 28506.235230861184
11401.0 11643.232621817708
10238.0 20697.298117624396
24610.0 15676.643990196726
12630.0 16304.090499947393
28979.0 12860.876026148766
6003.0 5662.545329961657
3320.0 3649.370863360452
6700.0 11733.69058046406
7296.0 4667.131904832956
13337.0 13343.239414969386
17193.0 9684.313061968252
14832.0 12035.009325676334
26146.0 14714.182829213261
11419.0 11252.007166953475
9534.0 7796.264166869927
10343.0 11320.059701251497
16902.0 8323.178653899608
18741.0 6130.02770134823
14080.0 14290.818809416465
10810.0 20732.390511411846
5328.0 2916.106025627151
11989.0 11108.85981017259
18931.0 12908.537160383095
21430.0 25775.510056810796
13901.0 13789.267681593652
739.0 1122.8138270571303
3690.0 4548.469246536452
7590.0 7685.992129687509
14615.0 26452.450246666573
8286.0 10872.970951972711
4607.0 5558.511357507852
3781.0 4838.084051474997
3878.0 2549.1643051818783
5598.0 9357.675339417765
4005.0 8922.65869217319
2863.0 1408.871473881271
5005.0 5313.200986822398
6268.0 7009.624087010467
1315.0 2398.709577903645
7472.0 7412.121793960237
15952.0 10672.862059270992
15262.0 10548.667805909094
7916.0 8837.77144564329
7496.0 8144.358642918221
6063.0 5382.972172248171
21705.0 19136.995724053264
15567.0 16788.9521901102
2937.0 8461.244149178347
9456.0 9500.447639515056
9833.0 6641.508807793982
27973.0 20034.85420886673
5547.0 4734.517997506586
19503.0 15180.548988020682
3247.0 2966.8968755424776
4848.0 5076.909109159615
6890.0 6751.9388506406385
6750.0 12811.65091450977
7066.0 6429.475065381304
40007.0 34768.300209680296
36020.0 15449.047900639689
8857.0 7074.003293404767
9757.0 8955.54041788415
8370.0 4742.74747514354
7110.0 9567.012292455209
51638.0 25176.91851137903
10638.0 12995.037609266205
17197.0 26313.617881795803
14977.0 12368.984149870319
11877.0 14548.914620603668
6974.0 6487.956349886837
4392.0 4250.145869496079
6427.0 6940.708323757292
6862.0 5360.750143463412
11623.0 12209.519752642802
4475.0 5035.776939148916
4080.0 3095.557543728325
9110.0 5135.441816481317
6073.0 6438.339950660982
5756.0 3256.8096517707927
10267.0 11875.512591654027
16414.0 27374.81513711018
13775.0 16394.92143808295
11126.0 10835.59327409169
8750.0 10728.494735476073
12213.0 7494.0277015151305
1693.0 590.3669295950549
6092.0 3751.9381864050197
3192.0 5291.362815182665
8502.0 8088.637956250313
17638.0 14110.411966771278
11141.0 10174.012501663548
9113.0 15461.644850828912
5372.0 6032.266004885632
6195.0 12157.037183225302
7342.0 9545.029661572726
5748.0 4336.875010809157
8082.0 7576.197665450729
10393.0 7599.490321816327
12131.0 12034.623131577204
6287.0 8042.534987327994
10574.0 14170.605027605572
16393.0 16566.59452554845
15590.0 14971.833364037248
19336.0 11655.622300824783
7277.0 8743.892517057624
24039.0 29273.112167105213
7998.0 14659.127887245906
29440.0 11558.85307676605
6245.0 2584.3459051833333
36787.0 26101.38043966191
7089.0 8927.561909296463
12752.0 15533.03088733654
10726.0 11303.91829206454
21087.0 16427.906540309697
9929.0 12755.881597912958
17856.0 15662.72860336621
10819.0 9440.620164017686
8626.0 8088.551256202713
27847.0 21408.61490483217
8616.0 4481.948976119087
7635.0 7532.124527274707
19623.0 15717.744776658365
17178.0 15987.746404562939
16498.0 16532.492907268545
9347.0 22055.70043008838
4354.0 6385.161658336634
546.0 1173.877522683491
17465.0 6559.67371327701
25758.0 39656.51810965691
37272.0 20917.200083208
18413.0 15428.12768415479
16184.0 12998.319693413723
6967.0 10232.41135250264
5833.0 9689.112805552328
33165.0 28944.2247612777
34942.0 21044.26145257014
25608.0 36409.08897572481
37258.0 29399.999345700737
20545.0 17332.9901832846
26446.0 26654.020591769626
1869.0 1943.556840595826
3957.0 3971.133959040269
4153.0 4162.8485765120495
4945.0 4866.000255895312
4705.0 2920.5783433906627
6921.0 4619.344573042497
10848.0 10245.225621176749
4015.0 4170.706206614797
7024.0 4662.424092068223
10096.0 11775.433139956092
2281.0 2193.640043707459
5499.0 5278.104514087166
22293.0 23097.03409341227
7928.0 6593.655516284163
4160.0 7498.348035961529
3609.0 3660.371321039174
4439.0 4948.35193688722
12664.0 10879.366661098002
7395.0 7496.994313171188
17514.0 17373.09848160693
9103.0 13233.654493801016
5472.0 7832.376471755728
15593.0 12033.766540516497
8765.0 11021.755509077473
7696.0 9669.29093702399
14525.0 10804.16205701979
9752.0 13316.354561512659
9797.0 9386.317413530032
26255.0 35195.01009218961
17453.0 10700.995196403099
13119.0 17047.12501474733
20188.0 14372.733039886261
5290.0 4990.271501253438
6548.0 5397.225982188466
12798.0 11316.650224223178
14984.0 14477.769727149722
6166.0 9105.290386248142
13717.0 6120.722020429017
3038.0 4220.208713478942
17738.0 20736.237818658206
15942.0 18885.96216173786
16132.0 18154.481822497157
43054.0 27503.305881836553
16468.0 21305.54109982064
14566.0 17641.763092077923
16488.0 11939.139291735555
19959.0 12327.223235549838
24876.0 26492.31291743841
13148.0 7699.399392631771
34752.0 30960.506052289635
33396.0 16299.715572909858
9894.0 11464.245674407308
10225.0 11671.809759801088
14823.0 16244.541346064509
18342.0 13260.99110405039
6193.0 6659.107704888372
3153.0 3204.906209912064
10312.0 10782.83677625253
5016.0 8344.394561009802
23261.0 21706.735579719072
19871.0 21184.896381559553
6941.0 6710.816543588822
11903.0 11745.884856993325
13803.0 13325.811726287156
6853.0 6710.340292543298
5377.0 5681.535879883256
4473.0 5124.745549824513
9362.0 10005.213636289902
10689.0 8766.365487145024
11448.0 17397.433314463735
8788.0 12170.34030485812
11793.0 12071.243230342523
4991.0 5021.016176573188
15552.0 13810.52923000927
8402.0 10097.94382287955
12462.0 12033.589671321775
8808.0 10120.152841953448
8832.0 10048.509234427236
4337.0 5327.350997420377
4640.0 7078.5426196885655
12611.0 14808.539596819603
12531.0 18964.505018730397
5750.0 6281.890090272469
6624.0 5789.89132936874
10017.0 8842.07609237151
6132.0 9483.986368160577
15544.0 15783.31252433136
18569.0 23348.20602196121
7857.0 8238.18387023999
5078.0 6263.426701357404
15429.0 14404.171588681173
16734.0 23884.06675144591
13508.0 7579.035828818724
15709.0 22607.126099227055
20711.0 19659.33636716832
10768.0 12671.51428357763
18789.0 26367.941213161368
12564.0 15435.125454978923
10191.0 8035.66149035876
8946.0 5985.309317518693
14984.0 16111.099804019104
12669.0 15023.769260698638
15514.0 19734.61381269346
4947.0 9229.039514237107
8686.0 13963.560212159664
1061.0 1100.4594580810653
4590.0 4738.988081435596
3483.0 3443.856246569457
3971.0 4548.460327162771
14221.0 13303.765292999176
8593.0 10361.929752741262
6371.0 5770.103624359231
7476.0 7567.449349276448
10155.0 10268.62035185362
19396.0 26910.40538994012
20005.0 13279.89906662703
2199.0 3292.183967696852
5037.0 8251.96827186442
2565.0 2973.854647400471
11795.0 5936.199699909974
15423.0 11951.072228132884
13866.0 16968.764461605508
5011.0 3981.49040610357
15604.0 18644.876466963688
6772.0 7868.58713382973
4030.0 4837.96229684443
4219.0 2772.2588318265616
21066.0 11659.548250409269
4603.0 8922.754664178829
9178.0 13099.594909545833
5765.0 11121.079917895651
5366.0 5343.267407527952
16794.0 12499.468022801713
5710.0 9815.35262380977
15873.0 14740.696576968767
12263.0 11993.84909841657
11209.0 12303.364108072832
11676.0 11211.377518119814
6645.0 9428.881937462394
8848.0 11424.383450207553
15918.0 13416.866383679495
6343.0 2516.7305188933087
4823.0 5158.351988416495
3752.0 4893.907552639361
1552.0 2531.7891646343887
8906.0 10542.287247890727
9444.0 14032.091497758996
9681.0 10070.591856714507
9970.0 12718.243488879378
19646.0 19997.336983260873
6979.0 7602.764856217166
12307.0 12022.29825019352
2728.0 1280.0935163166275
15305.0 17046.61684802839
4356.0 3754.4687739820515
10208.0 10959.860694874065
15446.0 17693.682188735198
10662.0 7496.55460783733
14370.0 8980.355014360584
3660.0 3128.9849441574443
6874.0 7693.039225167839
11980.0 12152.965068933101
25513.0 39830.490733919934
10736.0 11275.813208740652
14625.0 20421.462240511803
7541.0 5633.06382321367
5870.0 5621.000554721473
11255.0 11199.953784037038
3536.0 3730.9994506753965
24961.0 33764.17455495231
10640.0 11199.953783642464
6946.0 6409.996039948512
9927.0 10436.000524489134
5303.0 5752.740907731792
17283.0 24002.333014486132
19692.0 11692.976599127485
8472.0 10602.472561521476
22233.0 10227.71652664484
6587.0 3407.7039716989166
11150.0 16496.956357687784
10991.0 9320.661955019485
12601.0 11291.078222373582
20976.0 16358.302189345846
6988.0 12711.19716354167
18814.0 29189.72044006684
13799.0 11195.968559035198
15998.0 15708.51113713132
14483.0 18033.627847112657
41265.0 46368.74579286068
33185.0 18910.816445657794
13871.0 10357.352116756032
5711.0 6092.614423178035
14007.0 18202.436527901747
12816.0 11788.424636895677
11248.0 12920.152140012658
15966.0 12274.9993118753
11370.0 10979.599600566602
6364.0 8118.324962897437
2968.0 6579.216595908759
19601.0 12580.744626206688
7785.0 11986.00484344654
15950.0 15990.556507758276
13781.0 8346.09202124354
11121.0 11088.867916035953
13724.0 11231.955804563433
23567.0 16238.373798008122
39826.0 19008.623008244613
14161.0 11279.081746701788
18557.0 11838.483589138032
23249.0 10563.510799920692
22294.0 14557.651797961691
10447.0 7663.22205233009
10884.0 9207.161502117302
14076.0 13939.819115912276
17759.0 10236.912949387202
13596.0 14120.119740097683
10375.0 13557.084267069105
18717.0 11863.623516716065
4156.0 4845.13899719
10438.0 9832.666540851591
19438.0 16663.1680211411
9677.0 9721.635311888815
18509.0 13074.625008366265
11060.0 8724.506065943857
12400.0 8587.82480470237
9012.0 8681.858561521012
2017.0 1797.4803017049871
8026.0 8513.398472441644
11202.0 14448.636674362091
19832.0 25363.46291258575
16849.0 14051.45468282968
25207.0 17051.115407841186
7060.0 11738.815496788307
12964.0 13634.916354512803
8430.0 13126.677652321194
5712.0 8745.038607362865
15820.0 12435.98605947325
14088.0 14828.605951494254
14536.0 12098.263132653365
15128.0 11640.838200601214
20586.0 18727.894690956633
6229.0 8184.516386319443
11461.0 12370.370645961459
1634.0 936.8726648984621
28029.0 19658.69954682641
7820.0 7220.5252710718
5206.0 5035.900671138241
9524.0 7360.84013659487
5437.0 5716.01454347528
16606.0 9507.430839264624
1343.0 1952.9801452169327
5883.0 9175.875177494121
10119.0 7894.074673368723
6722.0 8372.859020536474
12521.0 9613.010171305135
29323.0 16961.980345058997
19172.0 13265.48679667199
3314.0 4374.852014939786
10502.0 14378.086322474654
10679.0 20583.63474305623
6394.0 7113.762226520132
10143.0 11618.75543840306
3619.0 4878.795104764332
3691.0 4045.9386974958215
11388.0 12281.538149689113
7416.0 7453.498470539842
9943.0 9364.971295268968
33064.0 28213.60078272955
15869.0 20548.507838597496
7265.0 11446.284280872667
4693.0 4265.065390995334
15119.0 16937.579858359088
28528.0 34229.54698230732
15391.0 13372.023953549737
51816.0 26480.778554830325
9225.0 11649.610201082278
36690.0 29549.221907175463
19405.0 18812.000898302136
19529.0 18812.000898302136
19532.0 20442.8058630222
20817.0 24188.587704384034
3999.0 3814.22055348004
5760.0 4606.495731252352
4390.0 5380.339002634324
13922.0 11168.181142008134
46603.0 27049.218586939347
4925.0 3651.515139723618
6269.0 7317.9786046335275
19163.0 14927.695055801993
1994.0 2761.100227168906
12863.0 6988.333364654815
18644.0 15497.688547677577
19488.0 23178.840693290163
12804.0 8866.347270096752
31752.0 25387.378967121724
39594.0 34837.64300301552
6524.0 8524.602540230977
16489.0 15955.176444158848
20669.0 18069.617632904396
12278.0 19114.928724450867
6605.0 11462.951544722382
9704.0 11258.768029370636
18415.0 14354.723738098173
4340.0 3828.0400289905774
15329.0 17734.834552202672
19687.0 27664.633947834136
10458.0 11533.169474489176
6319.0 10671.119843716424
1408.0 1804.8330225255252
9594.0 12800.512870426084
13119.0 10794.560976335679
16217.0 14369.56708104011
15410.0 9321.00195587847
16671.0 13315.826116872948
4712.0 3692.352602437105
3328.0 4515.557145354257
6882.0 3623.3376517340635
9123.0 9946.937570315376
11492.0 15840.595272224089
10493.0 6907.751724239902
7306.0 8833.334286120835
13079.0 13119.449302225737
10298.0 10441.490264958482
8750.0 8204.78523102378
20639.0 25362.211250195694
17317.0 13979.790594498025
10109.0 12247.052379086912
10052.0 8689.37251260427
8734.0 7322.821566813011
10185.0 10033.513993788052
15978.0 14249.769705973316
18464.0 18744.871376004277
12992.0 10804.44430165115
9236.0 7468.1345521663125
8790.0 8565.232170729518
6076.0 14413.384525396727
19194.0 18657.456406505862
10342.0 16635.677749095725
25480.0 20097.483754856807
12796.0 11193.21585309584
15285.0 12540.555577922834
7449.0 7950.153560037326
11068.0 14819.753627441409
10581.0 9137.308180305996
30141.0 27234.257814354845
15608.0 30238.44460093104
57178.0 40099.35752424281
11797.0 11908.446116458214
7554.0 9654.629662613004
5658.0 7718.770276514645
17465.0 11275.356420690592
9380.0 7485.007579380391
11558.0 8484.795175938425
19198.0 11630.306758008439
9025.0 6149.389073260957
8689.0 12281.91350548758
