2297.0 687.220703125
2531.0 1896.8046875
2390.0 6578.849609375
2071.0 1034.71484375
3155.0 5623.2880859375
7371.0 6098.025390625
4210.0 3725.3828125
7655.0 6148.5859375
2528.0 1896.78515625
6818.0 6348.41796875
4522.0 7323.2998046875
3909.0 5956.2783203125
3019.0 4858.8671875
6726.0 9206.5712890625
8544.0 5996.22265625
10399.0 10479.220703125
3898.0 4730.701171875
6372.0 5271.5576171875
8020.0 8759.326171875
7961.0 14149.490234375
7543.0 6938.6796875
4928.0 3824.927734375
15989.0 11606.6376953125
18425.0 11192.03515625
8460.0 3869.4375
13921.0 11985.44921875
9923.0 9372.46484375
8337.0 8623.609375
12126.0 17656.08203125
3523.0 4748.03515625
9899.0 10523.759765625
2487.0 1341.345703125
15428.0 27521.203125
19572.0 15324.12890625
7881.0 8255.4404296875
33557.0 36052.859375
7961.0 7440.8203125
12111.0 8856.25
36174.0 27767.7451171875
33232.0 25215.287109375
20888.0 33056.93359375
10410.0 10869.3154296875
22513.0 24546.05078125
14930.0 21998.65234375
14617.0 10818.435546875
6073.0 2958.7978515625
24452.0 12935.392578125
15584.0 16310.484375
4190.0 3054.884765625
13605.0 8584.1318359375
1404.0 3961.224609375
793.0 -873.880859375
1408.0 3341.984375
10717.0 8341.34375
8500.0 6201.15234375
32650.0 30762.48828125
21311.0 20756.5517578125
9135.0 8278.7890625
20453.0 18688.6572265625
8170.0 864.474609375
5627.0 6141.24609375
14376.0 17229.796875
5568.0 8050.638671875
7759.0 6554.703125
25350.0 26772.708984375
11401.0 10989.498046875
10238.0 16032.2060546875
24610.0 19039.67578125
12630.0 15219.5146484375
28979.0 21717.388671875
6003.0 7803.3056640625
3320.0 2796.650390625
6700.0 11426.8349609375
7296.0 7453.025390625
13337.0 11847.8779296875
17193.0 14892.875
14832.0 11116.248046875
26146.0 24557.4140625
11419.0 12039.6845703125
9534.0 8282.044921875
10343.0 11019.2802734375
16902.0 17802.1796875
18741.0 13531.9716796875
14080.0 14118.2783203125
10810.0 15651.9404296875
5328.0 1678.3515625
11989.0 12066.01953125
18931.0 16041.2802734375
21430.0 18672.77734375
13901.0 13841.2431640625
739.0 3548.42578125
3690.0 2894.9697265625
7590.0 8757.310546875
14615.0 22574.28125
8286.0 11352.4189453125
4607.0 5926.2734375
3781.0 4862.59765625
3878.0 3449.0576171875
5598.0 10159.365234375
4005.0 7487.16796875
2863.0 1717.9736328125
5005.0 8127.3798828125
6268.0 5303.765625
1315.0 -773.3837890625
7472.0 8030.8154296875
15952.0 13810.2109375
15262.0 14609.109375
7916.0 7241.955078125
7496.0 8619.76953125
6063.0 6782.12890625
21705.0 27432.060546875
15567.0 15490.634765625
2937.0 10814.708984375
9456.0 10201.69921875
9833.0 9569.7744140625
27973.0 22484.236328125
5547.0 5949.6123046875
19503.0 16309.3359375
3247.0 2807.4267578125
4848.0 5076.70703125
6890.0 8398.560546875
6750.0 8862.638671875
7066.0 10867.427734375
40007.0 29538.4755859375
36020.0 29427.5078125
8857.0 6510.6923828125
9757.0 9780.443359375
8370.0 7364.9375
7110.0 9854.4453125
51638.0 38085.7421875
10638.0 14628.9326171875
17197.0 22731.349609375
14977.0 12698.1435546875
11877.0 15532.3408203125
6974.0 5559.7578125
4392.0 2939.0419921875
6427.0 7664.900390625
6862.0 4352.08203125
11623.0 10739.2099609375
4475.0 4253.8515625
4080.0 5493.75390625
9110.0 5966.923828125
6073.0 5978.630859375
5756.0 1088.384765625
10267.0 14129.716796875
16414.0 23799.7158203125
13775.0 11271.119140625
11126.0 10898.60546875
8750.0 9173.759765625
12213.0 9040.1015625
1693.0 1012.767578125
6092.0 5427.3271484375
3192.0 5136.5673828125
8502.0 7728.873046875
17638.0 13290.5078125
11141.0 13257.25
9113.0 11476.5078125
5372.0 6927.4638671875
6195.0 9194.19140625
7342.0 8525.248046875
5748.0 2941.6396484375
8082.0 8054.064453125
10393.0 3156.5986328125
12131.0 15715.970703125
6287.0 8706.44140625
10574.0 14410.076171875
16393.0 14878.048828125
15590.0 15651.2939453125
19336.0 15551.25
7277.0 8208.34375
24039.0 28322.689453125
7998.0 11963.080078125
29440.0 30441.982421875
6245.0 2375.205078125
36787.0 34625.142578125
7089.0 9460.7138671875
12752.0 18409.6669921875
10726.0 8143.779296875
21087.0 14481.09375
9929.0 12918.064453125
17856.0 17363.74609375
10819.0 11346.7783203125
8626.0 7963.2216796875
27847.0 27311.5078125
8616.0 7122.8466796875
7635.0 11440.642578125
19623.0 19942.615234375
17178.0 14595.1884765625
16498.0 18125.8359375
9347.0 20061.421875
4354.0 5091.197265625
546.0 -742.2939453125
17465.0 13095.732421875
25758.0 36201.453125
37272.0 33763.966796875
18413.0 13853.685546875
16184.0 15427.244140625
6967.0 6606.30859375
5833.0 6443.2021484375
33165.0 25490.208984375
34942.0 24444.578125
25608.0 33859.0107421875
37258.0 34183.046875
20545.0 20450.9609375
26446.0 26375.44140625
1869.0 2726.314453125
3957.0 6910.662109375
4153.0 5120.9716796875
4945.0 7039.0439453125
4705.0 3519.1943359375
6921.0 9013.83203125
10848.0 11205.7734375
4015.0 6803.166015625
7024.0 7449.708984375
10096.0 7982.5712890625
2281.0 -93.228515625
5499.0 10536.7734375
22293.0 25346.087890625
7928.0 7016.1015625
4160.0 6641.5419921875
3609.0 2622.4306640625
4439.0 6996.0380859375
12664.0 14803.26953125
7395.0 10209.734375
17514.0 15492.9736328125
9103.0 12452.8984375
5472.0 8543.291015625
15593.0 11114.8779296875
8765.0 13212.1455078125
7696.0 10829.423828125
14525.0 15275.119140625
9752.0 12700.5107421875
9797.0 14545.576171875
26255.0 30936.3359375
17453.0 12359.0625
13119.0 10963.904296875
20188.0 12879.7958984375
5290.0 5464.7470703125
6548.0 6794.2373046875
12798.0 11900.958984375
14984.0 14947.921875
6166.0 8252.056640625
13717.0 12226.921875
3038.0 3037.482421875
17738.0 20324.99609375
15942.0 23046.888671875
16132.0 17019.060546875
43054.0 32352.2265625
16468.0 19809.5087890625
14566.0 14001.447265625
16488.0 10172.4169921875
19959.0 24571.0849609375
24876.0 32462.8828125
13148.0 7563.2060546875
34752.0 35363.6611328125
33396.0 25053.4521484375
9894.0 12123.701171875
10225.0 12026.810546875
14823.0 19327.169921875
18342.0 13911.7783203125
6193.0 6940.423828125
3153.0 1976.42431640625
10312.0 14617.544921875
5016.0 5330.5322265625
23261.0 22830.2841796875
19871.0 24454.20703125
6941.0 8120.70703125
11903.0 14255.04296875
13803.0 12188.90234375
6853.0 8105.130859375
5377.0 10370.55078125
4473.0 5299.25
9362.0 6659.958984375
10689.0 6753.623046875
11448.0 19453.880859375
8788.0 13127.580078125
11793.0 16372.412109375
4991.0 6812.884765625
15552.0 10606.783203125
8402.0 7355.3662109375
12462.0 16487.40234375
8808.0 7330.1591796875
8832.0 7156.048828125
4337.0 5564.4892578125
4640.0 6627.27978515625
12611.0 13867.4921875
12531.0 17084.40234375
5750.0 7721.166015625
6624.0 8964.1982421875
10017.0 12103.30078125
6132.0 5201.90234375
15544.0 13566.677734375
18569.0 22598.732421875
7857.0 9621.1142578125
5078.0 7262.966796875
15429.0 16397.1767578125
16734.0 19436.455078125
13508.0 8793.708984375
15709.0 22119.314453125
20711.0 16924.3798828125
10768.0 10054.810546875
18789.0 25317.912109375
12564.0 16134.80078125
10191.0 10161.7841796875
8946.0 9614.0546875
14984.0 17529.125
12669.0 15226.3828125
15514.0 14237.7919921875
4947.0 8658.46484375
8686.0 14745.890625
1061.0 862.1982421875
4590.0 4130.833984375
3483.0 2652.7275390625
3971.0 2894.6904296875
14221.0 13737.4375
8593.0 11651.296875
6371.0 6501.572265625
7476.0 7122.21875
10155.0 10094.1748046875
19396.0 20663.541015625
20005.0 17271.95703125
2199.0 1710.5439453125
5037.0 7077.4921875
2565.0 1830.0322265625
11795.0 13936.955078125
15423.0 14190.40234375
13866.0 15542.3564453125
5011.0 6210.5048828125
15604.0 20401.65625
6772.0 10298.49560546875
4030.0 4862.4404296875
4219.0 6274.748046875
21066.0 16639.248046875
4603.0 7485.884765625
9178.0 13411.1640625
5765.0 10984.88671875
5366.0 6435.0615234375
16794.0 11732.8671875
5710.0 8881.669921875
15873.0 9802.8115234375
12263.0 17569.67578125
11209.0 11089.62890625
11676.0 9953.666015625
6645.0 9186.61328125
8848.0 17169.453125
15918.0 14209.427734375
6343.0 3650.849609375
4823.0 4783.9404296875
3752.0 8072.0703125
1552.0 -611.3486328125
8906.0 9613.30078125
9444.0 13201.0751953125
9681.0 12465.4345703125
9970.0 12515.4482421875
19646.0 22056.48828125
6979.0 9886.69921875
12307.0 14194.890625
2728.0 -539.142578125
15305.0 13832.435546875
4356.0 4457.1259765625
10208.0 12603.0654296875
15446.0 18700.4365234375
10662.0 12249.33984375
14370.0 10462.33203125
3660.0 2890.46484375
6874.0 10682.87890625
11980.0 12868.65234375
25513.0 25444.904296875
10736.0 15014.3984375
14625.0 18166.310546875
7541.0 6073.1171875
5870.0 6029.4609375
11255.0 6508.421875
3536.0 3281.08203125
24961.0 23641.19140625
10640.0 6508.435546875
6946.0 4583.1669921875
9927.0 11044.060546875
5303.0 6866.615234375
17283.0 25030.830078125
19692.0 14837.48828125
8472.0 8578.900390625
22233.0 25166.55078125
6587.0 4661.2109375
11150.0 9550.181640625
10991.0 6740.8095703125
12601.0 10246.9091796875
20976.0 23077.5234375
6988.0 10700.69140625
18814.0 25866.322265625
13799.0 14462.142578125
15998.0 18670.8984375
14483.0 22460.92578125
41265.0 37011.7109375
33185.0 23217.697265625
13871.0 13965.908203125
5711.0 11379.033203125
14007.0 20926.0791015625
12816.0 10271.4912109375
11248.0 13543.8935546875
15966.0 13969.677734375
11370.0 10806.65625
6364.0 7269.37890625
2968.0 5117.3798828125
19601.0 14420.6416015625
7785.0 11450.689453125
15950.0 20463.177734375
13781.0 2350.419921875
11121.0 11057.396484375
13724.0 12371.5546875
23567.0 20107.5224609375
39826.0 28710.8046875
14161.0 10873.658203125
18557.0 17282.572265625
23249.0 20680.498046875
22294.0 20326.986328125
10447.0 5495.08984375
10884.0 11143.71875
14076.0 14070.66015625
17759.0 13830.857421875
13596.0 19738.521484375
10375.0 13692.9580078125
18717.0 16822.5654296875
4156.0 4020.080078125
10438.0 10381.2841796875
19438.0 18429.923828125
9677.0 7633.322265625
18509.0 11533.505859375
11060.0 7970.447265625
12400.0 13287.24609375
9012.0 11197.66796875
2017.0 3552.8623046875
8026.0 10713.5888671875
11202.0 11404.7890625
19832.0 24497.3095703125
16849.0 17626.634765625
25207.0 19516.962890625
7060.0 7867.09375
12964.0 12064.521484375
8430.0 13621.3359375
5712.0 10712.01953125
15820.0 14182.1015625
14088.0 13860.6015625
14536.0 12868.4306640625
15128.0 9251.1962890625
20586.0 18130.7275390625
6229.0 6683.55078125
11461.0 20576.00390625
1634.0 39.28515625
28029.0 20469.69140625
7820.0 5410.7158203125
5206.0 5381.337890625
9524.0 7313.091796875
5437.0 6550.0302734375
16606.0 11741.107421875
1343.0 217.4951171875
5883.0 6801.6708984375
10119.0 9320.171875
6722.0 8683.0625
12521.0 11608.232421875
29323.0 24093.296875
19172.0 9341.0419921875
3314.0 3926.3359375
10502.0 5683.61328125
10679.0 25795.810546875
6394.0 9472.9697265625
10143.0 12420.7998046875
3619.0 4572.3232421875
3691.0 3410.041015625
11388.0 11912.11328125
7416.0 6153.48046875
9943.0 8078.90234375
33064.0 28524.787109375
15869.0 19600.994140625
7265.0 7047.671875
4693.0 1696.96484375
15119.0 15517.521484375
28528.0 27764.31640625
15391.0 15277.34765625
51816.0 43292.162109375
9225.0 10099.140625
36690.0 30745.34765625
19405.0 18152.3388671875
19529.0 18152.3388671875
19532.0 20192.529296875
20817.0 17020.98828125
3999.0 1658.4775390625
5760.0 4561.98828125
4390.0 4062.0556640625
13922.0 8857.9794921875
46603.0 35400.3583984375
4925.0 3305.068359375
6269.0 6595.3203125
19163.0 17503.1962890625
1994.0 2439.9169921875
12863.0 7345.0078125
18644.0 15041.9892578125
19488.0 16575.8134765625
12804.0 9981.34765625
31752.0 27135.888671875
39594.0 37245.703125
6524.0 8761.189453125
16489.0 10911.224609375
20669.0 22915.2060546875
12278.0 20438.185546875
6605.0 10202.77734375
9704.0 14485.662109375
18415.0 17225.66796875
4340.0 3705.306640625
15329.0 17590.923828125
19687.0 25664.125
10458.0 13774.98828125
6319.0 10001.9287109375
1408.0 459.72509765625
9594.0 10853.763671875
13119.0 13709.443359375
16217.0 13662.638671875
15410.0 11449.466796875
16671.0 12588.71484375
4712.0 8227.9541015625
3328.0 6987.6884765625
6882.0 8466.64453125
9123.0 10431.216796875
11492.0 12686.984375
10493.0 3555.5703125
7306.0 4864.853515625
13079.0 11452.9638671875
10298.0 8110.564453125
8750.0 6148.01171875
20639.0 24494.501953125
17317.0 17245.3505859375
10109.0 14397.2138671875
10052.0 8823.1201171875
8734.0 5662.9541015625
10185.0 12690.7568359375
15978.0 10378.43359375
18464.0 18071.20703125
12992.0 12601.3369140625
9236.0 7398.416015625
8790.0 11330.71484375
6076.0 6878.087890625
19194.0 14610.69921875
10342.0 10254.1357421875
25480.0 18201.845703125
12796.0 9979.349609375
15285.0 14143.453125
7449.0 12251.8125
11068.0 13789.76171875
10581.0 10731.26953125
30141.0 22867.13671875
15608.0 24090.287109375
57178.0 45870.81640625
11797.0 9289.68359375
7554.0 13546.14453125
5658.0 5492.59375
17465.0 13014.498046875
9380.0 8758.3740234375
11558.0 11771.32421875
19198.0 13451.154296875
9025.0 7815.12890625
8689.0 13038.43359375
