2297.0 1196.4462890625
2531.0 2671.466796875
2390.0 5686.796875
2071.0 923.5068359375
3155.0 5584.787109375
7371.0 6167.5693359375
4210.0 3927.677734375
7655.0 6653.0048828125
2528.0 2671.447265625
6818.0 6456.7119140625
4522.0 7005.79296875
3909.0 4904.34375
3019.0 4433.29296875
6726.0 8219.5078125
8544.0 5020.0517578125
10399.0 9617.693359375
3898.0 4750.4296875
6372.0 5958.916015625
8020.0 8811.076171875
7961.0 11396.498046875
7543.0 8149.966796875
4928.0 4198.13671875
15989.0 12530.6123046875
18425.0 12227.88671875
8460.0 5105.8330078125
13921.0 13259.25
9923.0 9204.59375
8337.0 8004.43359375
12126.0 16442.548828125
3523.0 4534.189453125
9899.0 11270.818359375
2487.0 1112.939453125
15428.0 26172.3203125
19572.0 15402.611328125
7881.0 8522.1044921875
33557.0 35748.568359375
7961.0 7446.77734375
12111.0 9540.583984375
36174.0 28697.958984375
33232.0 26036.009765625
20888.0 31078.94921875
10410.0 9241.96484375
22513.0 22797.650390625
14930.0 20817.740234375
14617.0 10570.326171875
6073.0 4193.8974609375
24452.0 13058.22265625
15584.0 15655.0546875
4190.0 2812.306640625
13605.0 8968.330078125
1404.0 3916.1376953125
793.0 -157.4521484375
1408.0 1799.7783203125
10717.0 7192.595703125
8500.0 6138.7109375
32650.0 30452.96875
21311.0 20087.642578125
9135.0 8729.98828125
20453.0 18283.685546875
8170.0 3864.2978515625
5627.0 5707.064453125
14376.0 17632.419921875
5568.0 7625.0341796875
7759.0 5902.109375
25350.0 25940.828125
11401.0 11160.37109375
10238.0 15074.4462890625
24610.0 17397.541015625
12630.0 15923.642578125
28979.0 21621.19921875
6003.0 7280.7939453125
3320.0 3766.3310546875
6700.0 10818.564453125
7296.0 6920.86328125
13337.0 11202.220703125
17193.0 14969.927734375
14832.0 10835.759765625
26146.0 25406.21484375
11419.0 11662.400390625
9534.0 7962.78125
10343.0 11512.5390625
16902.0 18253.0087890625
18741.0 13435.447265625
14080.0 13761.21484375
10810.0 15377.181640625
5328.0 2316.6796875
11989.0 11758.8984375
18931.0 17507.001953125
21430.0 19184.92578125
13901.0 13009.671875
739.0 3202.052734375
3690.0 3205.8349609375
7590.0 8459.30078125
14615.0 21380.0078125
8286.0 12210.4365234375
4607.0 5795.3828125
3781.0 4693.43359375
3878.0 3908.826171875
5598.0 9825.78125
4005.0 6590.619140625
2863.0 2655.314453125
5005.0 8559.248046875
6268.0 4035.201171875
1315.0 -335.4130859375
7472.0 7827.11328125
15952.0 13556.68359375
15262.0 15428.5390625
7916.0 6527.060546875
7496.0 9041.36328125
6063.0 6860.234375
21705.0 26935.423828125
15567.0 15400.5
2937.0 9299.96484375
9456.0 10118.21484375
9833.0 9989.474609375
27973.0 23057.84375
5547.0 6312.0
19503.0 16823.359375
3247.0 3000.568359375
4848.0 4915.822265625
6890.0 8641.615234375
6750.0 9186.3125
7066.0 11890.9677734375
40007.0 27523.3125
36020.0 29660.466796875
8857.0 6134.716796875
9757.0 9325.384765625
8370.0 7374.1328125
7110.0 10369.3359375
51638.0 37050.853515625
10638.0 13988.63671875
17197.0 22438.642578125
14977.0 15319.6796875
11877.0 15942.720703125
6974.0 5331.736328125
4392.0 3112.73828125
6427.0 7728.4345703125
6862.0 5042.345703125
11623.0 10419.259765625
4475.0 3806.65234375
4080.0 5541.5234375
9110.0 6248.154296875
6073.0 5525.318359375
5756.0 1568.13671875
10267.0 13786.4296875
16414.0 23574.779296875
13775.0 11572.845703125
11126.0 10749.955078125
8750.0 8901.453125
12213.0 8592.701171875
1693.0 1345.994140625
6092.0 5502.14453125
3192.0 5765.46875
8502.0 7957.974609375
17638.0 12612.55078125
11141.0 12036.966796875
9113.0 11225.171875
5372.0 7427.1640625
6195.0 9918.044921875
7342.0 9102.884765625
5748.0 3388.9033203125
8082.0 8327.2109375
10393.0 4230.8818359375
12131.0 15297.80078125
6287.0 8042.58203125
10574.0 14902.6328125
16393.0 15223.77734375
15590.0 14518.3173828125
19336.0 15574.248046875
7277.0 8481.5048828125
24039.0 27943.455078125
7998.0 11599.05859375
29440.0 27039.455078125
6245.0 1893.1376953125
36787.0 35390.416015625
7089.0 8660.05078125
12752.0 19848.6728515625
10726.0 8436.802734375
21087.0 14637.046875
9929.0 14279.064453125
17856.0 16799.17578125
10819.0 11495.3515625
8626.0 10224.34375
27847.0 28110.90234375
8616.0 6511.84375
7635.0 10919.814453125
19623.0 20838.255859375
17178.0 14995.001953125
16498.0 17861.982421875
9347.0 20536.720703125
4354.0 4585.30078125
546.0 -284.8662109375
17465.0 9576.794921875
25758.0 34451.76171875
37272.0 31104.599609375
18413.0 12987.048828125
16184.0 14994.30859375
6967.0 7592.37890625
5833.0 7476.193359375
33165.0 25027.970703125
34942.0 24497.080078125
25608.0 33042.525390625
37258.0 37446.4765625
20545.0 20208.935546875
26446.0 26532.27734375
1869.0 2752.986328125
3957.0 7028.84375
4153.0 5480.271484375
4945.0 7319.36328125
4705.0 3739.4716796875
6921.0 8555.998046875
10848.0 11402.30078125
4015.0 6340.74609375
7024.0 6920.142578125
10096.0 9724.71484375
2281.0 -1236.796875
5499.0 8400.310546875
22293.0 26773.42578125
7928.0 8003.111328125
4160.0 7208.6044921875
3609.0 3885.2705078125
4439.0 6617.49609375
12664.0 13352.431640625
7395.0 9898.69921875
17514.0 16494.388671875
9103.0 12390.7265625
5472.0 9642.212890625
15593.0 10834.916015625
8765.0 13471.482421875
7696.0 11064.51171875
14525.0 13470.140625
9752.0 12343.8671875
9797.0 14195.59765625
26255.0 29410.17578125
17453.0 12914.716796875
13119.0 10444.353515625
20188.0 12404.396484375
5290.0 6406.0087890625
6548.0 7927.595703125
12798.0 11511.09765625
14984.0 13831.783203125
6166.0 9782.3671875
13717.0 10994.79296875
3038.0 3114.71484375
17738.0 20710.390625
15942.0 23544.501953125
16132.0 19636.353515625
43054.0 32836.67578125
16468.0 23593.720703125
14566.0 13565.0390625
16488.0 10935.2421875
19959.0 24440.716796875
24876.0 31048.662109375
13148.0 9338.984375
34752.0 34741.96875
33396.0 25367.9814453125
9894.0 11796.638671875
10225.0 12066.59375
14823.0 19497.587890625
18342.0 14014.91796875
6193.0 6766.9267578125
3153.0 1954.03515625
10312.0 15715.490234375
5016.0 6334.61328125
23261.0 22946.658203125
19871.0 23983.892578125
6941.0 8146.958984375
11903.0 14124.76171875
13803.0 12245.154296875
6853.0 8109.3046875
5377.0 9566.9140625
4473.0 5388.33984375
9362.0 7310.55078125
10689.0 7771.27734375
11448.0 19261.373046875
8788.0 13149.974609375
11793.0 17094.568359375
4991.0 6178.986328125
15552.0 10943.283203125
8402.0 8791.796875
12462.0 17147.955078125
8808.0 8747.6328125
8832.0 8661.6494140625
4337.0 5239.087890625
4640.0 6711.015625
12611.0 13941.10546875
12531.0 17376.833984375
5750.0 8077.046875
6624.0 8389.525390625
10017.0 11952.8125
6132.0 5362.013671875
15544.0 13826.529296875
18569.0 22842.28125
7857.0 9923.5078125
5078.0 6893.4580078125
15429.0 14360.283203125
16734.0 20087.51953125
13508.0 8886.123046875
15709.0 22737.271484375
20711.0 15629.671875
10768.0 10094.806640625
18789.0 26353.080078125
12564.0 17240.462890625
10191.0 9950.4296875
8946.0 8940.0478515625
14984.0 16548.6787109375
12669.0 14977.2744140625
15514.0 15132.55859375
4947.0 8185.880859375
8686.0 13265.369140625
1061.0 817.921875
4590.0 3422.9169921875
3483.0 2337.4716796875
3971.0 3205.529296875
14221.0 14480.171875
8593.0 12616.87890625
6371.0 7243.4697265625
7476.0 7146.66015625
10155.0 9524.298828125
19396.0 20024.064453125
20005.0 17300.798828125
2199.0 1697.759765625
5037.0 6181.6796875
2565.0 2240.16796875
11795.0 12816.1953125
15423.0 15240.53515625
13866.0 14880.744140625
5011.0 5902.9033203125
15604.0 19503.0771484375
6772.0 10498.7568359375
4030.0 4693.2734375
4219.0 6395.7216796875
21066.0 17899.4296875
4603.0 6589.68359375
9178.0 13445.80859375
5765.0 11201.30078125
5366.0 6483.41796875
16794.0 12616.3828125
5710.0 8551.904296875
15873.0 9483.6953125
12263.0 16687.4921875
11209.0 10527.712890625
11676.0 9713.494140625
6645.0 9149.91796875
8848.0 16114.44140625
15918.0 14278.16015625
6343.0 5270.8251953125
4823.0 4537.78515625
3752.0 6735.130859375
1552.0 -243.2939453125
8906.0 9508.021484375
9444.0 11703.33203125
9681.0 11556.1767578125
9970.0 12711.859375
19646.0 18599.5546875
6979.0 9743.466796875
12307.0 13974.6953125
2728.0 -700.1640625
15305.0 15035.02734375
4356.0 4809.306640625
10208.0 12210.9765625
15446.0 17696.365234375
10662.0 12309.83203125
14370.0 10559.017578125
3660.0 2810.87890625
6874.0 10536.541015625
11980.0 13675.162109375
25513.0 26441.23828125
10736.0 15535.583984375
14625.0 19268.9375
7541.0 6097.77734375
5870.0 6075.990234375
11255.0 6179.6484375
3536.0 3933.69921875
24961.0 22404.984375
10640.0 6179.603515625
6946.0 4907.3076171875
9927.0 11391.810546875
5303.0 6596.251953125
17283.0 24503.85546875
19692.0 13943.26953125
8472.0 8962.29296875
22233.0 25400.478515625
6587.0 4861.7822265625
11150.0 9785.947265625
10991.0 7323.099609375
12601.0 11043.404296875
20976.0 21532.89453125
6988.0 10456.7470703125
18814.0 25257.876953125
13799.0 14232.091796875
15998.0 18914.17578125
14483.0 21463.990234375
41265.0 37340.828125
33185.0 23110.21875
13871.0 13294.921875
5711.0 9986.259765625
14007.0 21262.1748046875
12816.0 10632.708984375
11248.0 13107.189453125
15966.0 13319.134765625
11370.0 10012.466796875
6364.0 7012.8984375
2968.0 5300.08203125
19601.0 14388.80859375
7785.0 11089.0
15950.0 20345.603515625
13781.0 4850.572265625
11121.0 11031.921875
13724.0 12257.716796875
23567.0 20536.19921875
39826.0 25782.458984375
14161.0 11401.880859375
18557.0 16103.8984375
23249.0 20676.546875
22294.0 21444.044921875
10447.0 6558.822265625
10884.0 10300.650390625
14076.0 14203.490234375
17759.0 15391.44921875
13596.0 19823.095703125
10375.0 13238.9794921875
18717.0 15936.205078125
4156.0 3800.552734375
10438.0 10615.474609375
19438.0 18376.5546875
9677.0 7666.1953125
18509.0 11264.23046875
11060.0 8638.9453125
12400.0 12361.994140625
9012.0 10850.173828125
2017.0 2888.16015625
8026.0 10422.626953125
11202.0 11407.7265625
19832.0 24187.6953125
16849.0 18181.787109375
25207.0 18731.568359375
7060.0 7174.630859375
12964.0 10757.029296875
8430.0 12839.875
5712.0 9623.728515625
15820.0 13273.201171875
14088.0 14348.71484375
14536.0 11924.1298828125
15128.0 9288.87890625
20586.0 17392.283203125
6229.0 7181.6171875
11461.0 18444.10546875
1634.0 -44.826171875
28029.0 19937.96875
7820.0 5912.65234375
5206.0 5356.419921875
9524.0 8335.236328125
5437.0 6823.53515625
16606.0 12378.607421875
1343.0 -379.3115234375
5883.0 6494.0390625
10119.0 9922.6240234375
6722.0 9252.44921875
12521.0 11295.80859375
29323.0 24188.70703125
19172.0 10356.236328125
3314.0 4435.12890625
10502.0 8170.4560546875
10679.0 21001.13671875
6394.0 9978.583984375
10143.0 13340.2373046875
3619.0 4259.2705078125
3691.0 3175.5791015625
11388.0 12750.69140625
7416.0 6903.134765625
9943.0 7491.705078125
33064.0 29534.34375
15869.0 20615.63671875
7265.0 7590.439453125
4693.0 2538.08984375
15119.0 15455.21484375
28528.0 27649.01171875
15391.0 14951.2890625
51816.0 42011.919921875
9225.0 10474.130859375
36690.0 29916.998046875
19405.0 17714.884765625
19529.0 17714.884765625
19532.0 19462.294921875
20817.0 17737.8046875
3999.0 1799.337890625
5760.0 4142.2265625
4390.0 3828.037109375
13922.0 10017.9755859375
46603.0 34935.4755859375
4925.0 3393.61328125
6269.0 6944.5625
19163.0 17268.146484375
1994.0 3051.048828125
12863.0 6852.392578125
18644.0 15628.66015625
19488.0 18459.2333984375
12804.0 9477.2578125
31752.0 27267.71875
39594.0 36114.396484375
6524.0 8019.10546875
16489.0 12887.6982421875
20669.0 25105.0
12278.0 19288.548828125
6605.0 10160.349609375
9704.0 14725.2734375
18415.0 17000.240234375
4340.0 3416.970703125
15329.0 17634.060546875
19687.0 27202.21875
10458.0 13316.544921875
6319.0 10251.4189453125
1408.0 269.193359375
9594.0 11510.6884765625
13119.0 15247.375
16217.0 14489.81640625
15410.0 10999.4765625
16671.0 12621.91015625
4712.0 7548.203125
3328.0 6339.40234375
6882.0 7702.896484375
9123.0 10870.994140625
11492.0 12256.833984375
10493.0 3477.38671875
7306.0 5598.8828125
13079.0 11494.705078125
10298.0 8194.978515625
8750.0 6438.5234375
20639.0 24185.126953125
17317.0 17585.759765625
10109.0 14495.115234375
10052.0 8925.185546875
8734.0 5443.501953125
10185.0 12986.380859375
15978.0 10772.677734375
18464.0 18213.6591796875
12992.0 12291.5107421875
9236.0 8164.97265625
8790.0 10741.95703125
6076.0 8213.431640625
19194.0 14409.8828125
10342.0 12243.431640625
25480.0 18481.123046875
12796.0 9397.91796875
15285.0 13212.27734375
7449.0 12370.072265625
11068.0 14292.5703125
10581.0 10729.873046875
30141.0 23015.068359375
15608.0 24981.2421875
57178.0 45234.6171875
11797.0 9349.1640625
7554.0 13712.5625
5658.0 4697.375
17465.0 12984.20703125
9380.0 8556.216796875
11558.0 12709.072265625
19198.0 13671.025390625
9025.0 6852.9443359375
8689.0 11636.283203125
