2297.0 2174.029157906668
2531.0 1603.0321680459313
2390.0 2677.8025225940255
2071.0 2074.310039621746
3155.0 3909.135361565509
7371.0 6550.3712043699625
4210.0 4573.765331763185
7655.0 6037.79432153775
2528.0 1603.0321680459313
6818.0 5341.2371858513725
4522.0 4752.077432941895
3909.0 3714.5364260622473
3019.0 2266.5851238740756
6726.0 7546.893035095527
8544.0 6729.276423983602
10399.0 7440.399510095519
3898.0 4016.0140779391404
6372.0 7502.765166844044
8020.0 8481.20001697697
7961.0 11168.283877593884
7543.0 6257.44689962728
4928.0 4609.9395902807455
15989.0 13861.521494914978
18425.0 12720.022929769128
8460.0 4992.521820397656
13921.0 9691.137086781895
9923.0 8569.796972109087
8337.0 8486.253364104732
12126.0 10276.858487751999
3523.0 3931.6033151835786
9899.0 10184.154972023465
2487.0 2608.160817207101
15428.0 32510.09828606148
19572.0 11724.587062622455
7881.0 8518.144534237586
33557.0 28058.738340884673
7961.0 12333.797557492959
12111.0 10913.015506422887
36174.0 31134.74064961174
33232.0 17871.081877484467
20888.0 36796.49901093557
10410.0 8069.370864273093
22513.0 26287.02117237801
14930.0 22626.465373100647
14617.0 11578.267777259283
6073.0 7989.609166671532
24452.0 19774.968908275776
15584.0 16464.526409147322
4190.0 6640.788049212441
13605.0 9775.084812311026
1404.0 1403.3284572362454
793.0 873.4206463971367
1408.0 1182.0226532573613
10717.0 10496.6490374258
8500.0 5710.849319128812
32650.0 30618.762191518497
21311.0 31292.67888138491
9135.0 7919.651737359364
20453.0 17244.23244840092
8170.0 1665.6967246603358
5627.0 7377.4168793968665
14376.0 17635.122292440705
5568.0 5720.58724829239
7759.0 9485.136052999396
25350.0 28473.93958117129
11401.0 11644.626844766019
10238.0 20747.14228062978
24610.0 15524.160074987587
12630.0 16075.1806832609
28979.0 12954.59636483271
6003.0 5644.254795417035
3320.0 3602.671300353484
6700.0 11770.821119252836
7296.0 4598.145338446086
13337.0 13343.218076411953
17193.0 10218.778807114346
14832.0 12012.367681874113
26146.0 15533.90602089367
11419.0 11385.634239183595
9534.0 7847.004871657474
10343.0 11242.066079184426
16902.0 8312.640527917563
18741.0 6308.974216106705
14080.0 14119.179319481482
10810.0 20643.485507574846
5328.0 3260.1068597622448
11989.0 11076.856858601517
18931.0 13199.201077897642
21430.0 25946.534522377173
13901.0 13519.658556574706
739.0 1142.6679152289337
3690.0 4526.568512659353
7590.0 7685.990750683117
14615.0 26174.296198906934
8286.0 11000.352981320913
4607.0 5593.917948034577
3781.0 4785.599470176399
3878.0 2753.7876981701147
5598.0 9307.341951752189
4005.0 8894.987005381337
2863.0 1569.879218822358
5005.0 5313.190816328275
6268.0 6975.390949216368
1315.0 2358.277887472925
7472.0 7407.34884984741
15952.0 11140.039088612688
15262.0 10411.202034867021
7916.0 8837.770277882573
7496.0 8144.48787640865
6063.0 5372.1808132357555
21705.0 19262.323960092748
15567.0 16758.32017257352
2937.0 8429.706489851647
9456.0 9479.243100728223
9833.0 6611.816444999944
27973.0 19909.983746061214
5547.0 4893.629646644811
19503.0 15217.075852371723
3247.0 2970.6597229841113
4848.0 5071.671541165826
6890.0 6529.528023568174
6750.0 12751.853836947243
7066.0 6716.378295059574
40007.0 34772.96113783771
36020.0 16405.18384724133
8857.0 7002.895740139899
9757.0 8967.242349769445
8370.0 4731.505425819819
7110.0 9455.421487425778
51638.0 25751.260215762202
10638.0 12795.33541963012
17197.0 26649.251414950333
14977.0 12569.708267395226
11877.0 14696.30581810073
6974.0 6598.158349635895
4392.0 4231.074960947013
6427.0 6846.015863149557
6862.0 5461.686552524588
11623.0 12076.369402970482
4475.0 5053.012333114675
4080.0 3282.9683291146243
9110.0 5224.093154476897
6073.0 6431.919510061623
5756.0 3255.8349272418227
10267.0 11877.310879136976
16414.0 27289.69975262006
13775.0 16481.466764794146
11126.0 10776.355513753437
8750.0 10809.917732170978
12213.0 7504.806226131218
1693.0 655.0032366676542
6092.0 3711.0827518145647
3192.0 5377.255136630885
8502.0 8150.237024960051
17638.0 14129.206035561212
11141.0 10215.252719219201
9113.0 15248.205711764826
5372.0 6032.796361223735
6195.0 12037.802312593934
7342.0 9419.527579272024
5748.0 4054.1537151244033
8082.0 7576.171384661304
10393.0 7959.054675223796
12131.0 11995.023245107961
6287.0 8407.585843953899
10574.0 14175.504181703922
16393.0 16533.969996694035
15590.0 14929.10152274304
19336.0 11690.336321804381
7277.0 8628.199705994899
24039.0 29270.490467746113
7998.0 14651.288555344472
29440.0 11730.495408846593
6245.0 2772.362796940348
36787.0 26155.812130862578
7089.0 9013.462854841137
12752.0 15665.06915959672
10726.0 11303.139464807055
21087.0 16428.16306862675
9929.0 12753.552353715071
17856.0 15519.528997469517
10819.0 9410.85973479015
8626.0 8110.502358049048
27847.0 21095.955838210055
8616.0 4580.781964310587
7635.0 7529.3863276077
19623.0 15836.617744060577
17178.0 16084.535374049565
16498.0 16540.580218233932
9347.0 22067.4432155809
4354.0 6541.984213064843
546.0 1088.625858452511
17465.0 6598.276192220218
25758.0 40260.50985048287
37272.0 21512.491745751107
18413.0 15337.70910932835
16184.0 12919.644386436465
6967.0 10197.274326535162
5833.0 9765.031935612073
33165.0 28910.69538942699
34942.0 20766.611131538888
25608.0 35421.57011867149
37258.0 29492.346883807826
20545.0 17282.841957416236
26446.0 26655.710327340206
1869.0 1940.6824466989765
3957.0 3971.124977053701
4153.0 4162.713175937801
4945.0 4866.000316952568
4705.0 3224.412197369476
6921.0 4645.489046615802
10848.0 10333.516301209997
4015.0 4171.186001802209
7024.0 4593.365058829759
10096.0 11643.50517018925
2281.0 2308.8133693582336
5499.0 5250.677360802378
22293.0 24122.56802050561
7928.0 6526.804713757543
4160.0 7432.474734102323
3609.0 3607.5477232494736
4439.0 4948.803494034997
12664.0 10805.208344032973
7395.0 7497.074860503781
17514.0 17380.79626692724
9103.0 13263.1336284881
5472.0 7768.304073818462
15593.0 12010.70461375094
8765.0 10974.555654174734
7696.0 9660.311327279327
14525.0 10797.68120867428
9752.0 13272.864367402855
9797.0 9451.60385830873
26255.0 35108.29378870795
17453.0 10768.608866336719
13119.0 17115.739087381517
20188.0 14310.624637341485
5290.0 5073.408576865781
6548.0 5455.454145872553
12798.0 11437.67995583679
14984.0 14321.819192662868
6166.0 9071.581805769514
13717.0 6104.333702968926
3038.0 4301.473567875936
17738.0 20712.490600549354
15942.0 19196.46342198317
16132.0 18114.588147514572
43054.0 27241.5328943986
16468.0 21483.48265817238
14566.0 17270.119791123703
16488.0 11894.754000439762
19959.0 13018.868540694786
24876.0 26703.796650392247
13148.0 6857.2315288196605
34752.0 31154.836591076117
33396.0 16942.53580288689
9894.0 11643.66111241881
10225.0 11672.286990041108
14823.0 16235.797142468673
18342.0 13286.015902998824
6193.0 6588.661574646542
3153.0 3058.227106417362
10312.0 10760.825831658554
5016.0 8279.130260402257
23261.0 21849.62128936876
19871.0 21341.905305504904
6941.0 6718.174095645472
11903.0 11713.746477972269
13803.0 13325.832312269189
6853.0 6718.469603286575
5377.0 5681.516378467422
4473.0 5140.169446594998
9362.0 10008.371649663879
10689.0 8692.205470999748
11448.0 17576.479761068436
8788.0 12329.938997097997
11793.0 12078.873042116918
4991.0 5028.531761514082
15552.0 13804.430677193537
8402.0 10142.954793631821
12462.0 12028.714515280066
8808.0 10163.467014863807
8832.0 10084.097315925479
4337.0 5316.097403962997
4640.0 6943.195830347385
12611.0 14824.37427501089
12531.0 18911.09454452064
5750.0 6281.076563868954
6624.0 5942.135486888016
10017.0 8784.203958037695
6132.0 9345.973396871632
15544.0 15767.917914627793
18569.0 23254.53842515251
7857.0 8042.070920503026
5078.0 6340.912366844935
15429.0 14133.314937384745
16734.0 23858.44054175583
13508.0 7745.069264135408
15709.0 22470.861195159312
20711.0 19675.691563680994
10768.0 12758.407981039065
18789.0 26301.63274231148
12564.0 15412.260116795389
10191.0 7942.670967990942
8946.0 6003.202012563226
14984.0 16166.331793445142
12669.0 15074.714852908857
15514.0 19866.657721779873
4947.0 9277.717791293002
8686.0 14009.29903398431
1061.0 1100.3554776206463
4590.0 4738.951003242738
3483.0 3231.403551733491
3971.0 4526.564628155084
14221.0 13073.263949983917
8593.0 10492.783065878324
6371.0 5719.1496593158145
7476.0 7567.45284532147
10155.0 10268.630285774258
19396.0 26724.783426376067
20005.0 13384.09628353807
2199.0 3276.9886836769497
5037.0 8267.627561464784
2565.0 2842.0575407535202
11795.0 5924.238524484271
15423.0 11871.99122208536
13866.0 16906.12048808462
5011.0 3955.3369760245887
15604.0 18693.89121309092
6772.0 7766.777688694575
4030.0 4785.490886895645
4219.0 2903.1019233076863
21066.0 11380.367461641365
4603.0 8895.123296075702
9178.0 12837.380056038981
5765.0 11098.445366452701
5366.0 5343.279861743207
16794.0 12303.684021721832
5710.0 9752.65593651751
15873.0 14732.30450319881
12263.0 12074.069718555274
11209.0 12412.303101075206
11676.0 11206.261491943871
6645.0 9302.282565151738
8848.0 11465.62565461649
15918.0 13268.670974399774
6343.0 2691.93585631757
4823.0 5049.9644647012965
3752.0 5016.950303050552
1552.0 2470.720149364772
8906.0 10546.240210570191
9444.0 14026.449663537302
9681.0 10071.927576087784
9970.0 12759.70237817175
19646.0 20115.09018729194
6979.0 7601.750927954425
12307.0 12006.040131948712
2728.0 1411.7132740796471
15305.0 16989.87538269818
4356.0 3502.7061460138175
10208.0 11036.677322712068
15446.0 17693.658300943654
10662.0 7504.905806711466
14370.0 8986.821485596683
3660.0 3227.6868603241064
6874.0 7685.625327001305
11980.0 12087.288210623476
25513.0 40103.2103323588
10736.0 11056.282174547288
14625.0 20352.307838022625
7541.0 5628.920841469687
5870.0 5621.000557950906
11255.0 11199.954734539564
3536.0 3730.999481379604
24961.0 33758.96119961814
10640.0 11199.954734667721
6946.0 6409.996236881815
9927.0 10436.000416371795
5303.0 5754.4113621418
17283.0 23947.841327549453
19692.0 11602.678126725039
8472.0 10419.322128859843
22233.0 10950.86563720755
6587.0 3547.2070945302307
11150.0 16355.01810953614
10991.0 9449.123224838142
12601.0 11426.410890549583
20976.0 16225.264329138987
6988.0 12533.660844398
18814.0 29202.866804051195
13799.0 11628.68741874589
15998.0 15232.273339425703
14483.0 18175.01988506588
41265.0 46549.264909880905
33185.0 18991.29934513829
13871.0 10352.91830300778
5711.0 6130.807036853489
14007.0 18072.791007115386
12816.0 11532.791386736233
11248.0 12876.687087108554
15966.0 11777.543268143341
11370.0 10861.877980589987
6364.0 8040.956496189709
2968.0 6519.162995951978
19601.0 12559.615929272553
7785.0 11869.40866251688
15950.0 16015.086446391124
13781.0 8300.662133648544
11121.0 11079.139400300335
13724.0 11260.27297315915
23567.0 16029.66204691694
39826.0 19226.57702068205
14161.0 11095.645038875196
18557.0 12209.991964920273
23249.0 10769.753929224662
22294.0 14550.727130677982
10447.0 7617.095704660683
10884.0 9272.941601798077
14076.0 13924.667536155752
17759.0 10350.005816947343
13596.0 14011.24649851349
10375.0 13478.5303105946
18717.0 12243.982810350126
4156.0 4630.348114380227
10438.0 9849.98805042507
19438.0 16523.329527549966
9677.0 9785.468199582505
18509.0 13133.604898920099
11060.0 8756.541272079015
12400.0 8515.889217752776
9012.0 8626.245435357254
2017.0 1809.3490839252258
8026.0 8513.804203729193
11202.0 14519.954777896543
19832.0 25285.160330075352
16849.0 13985.43778828328
25207.0 16726.255136597487
7060.0 11734.695379179058
12964.0 13639.044280853592
8430.0 12895.840282097719
5712.0 8859.813570655597
15820.0 12647.911107735123
14088.0 15033.504819682075
14536.0 12036.570434735504
15128.0 11433.613086364014
20586.0 18695.853459898175
6229.0 8214.744958725754
11461.0 12569.110638161656
1634.0 983.9231696776616
28029.0 18451.604835102065
7820.0 7137.482313885024
5206.0 5188.114070442643
9524.0 7467.858917939982
5437.0 5718.244842711435
16606.0 9495.08716405077
1343.0 2015.6615681196445
5883.0 9099.604642523806
10119.0 7890.586411896932
6722.0 8372.82466008372
12521.0 9607.500941891225
29323.0 17059.047643205522
19172.0 13274.881213147042
3314.0 4366.9483732279605
10502.0 14677.130183171137
10679.0 20484.743166285392
6394.0 7102.216679665467
10143.0 11628.12801916394
3619.0 4899.207725424604
3691.0 3945.2314830705486
11388.0 12232.580804396128
7416.0 7390.315312906492
9943.0 9384.349234899086
33064.0 28331.20015434349
15869.0 20677.159258610583
7265.0 11429.15404946628
4693.0 4215.083382287935
15119.0 16824.69049335692
28528.0 34187.354171352716
15391.0 13294.259048183703
51816.0 26736.72196492219
9225.0 11530.135623499831
36690.0 29437.151595396
19405.0 18812.00076073269
19529.0 18812.00076073269
19532.0 20454.82598404722
20817.0 24255.547587468267
3999.0 3745.672742254992
5760.0 4614.694949910605
4390.0 5450.175013754935
13922.0 11093.554656279963
46603.0 27092.063749761244
4925.0 3647.1410641199764
6269.0 7289.4191989403935
19163.0 15008.094589167707
1994.0 3033.1833240853734
12863.0 6919.523157537554
18644.0 15480.19243707975
19488.0 23056.98663997138
12804.0 8738.263043749903
31752.0 25489.396371250503
39594.0 34985.805971584676
6524.0 8468.735623637735
16489.0 16027.674325676022
20669.0 18077.87603420601
12278.0 19087.93567704192
6605.0 11589.04639380085
9704.0 11187.751978607117
18415.0 14555.082356418006
4340.0 3887.960172491998
15329.0 17815.78016116769
19687.0 27750.16792718773
10458.0 11333.615796105232
6319.0 10674.953116390863
1408.0 1788.0943283473496
9594.0 12766.993711382322
13119.0 10783.13474767277
16217.0 14387.450624400026
15410.0 9357.114435566476
16671.0 13276.052070276439
4712.0 3781.088035471729
3328.0 4554.074631748405
6882.0 3740.2226972108756
9123.0 9967.723935135515
11492.0 15846.410214858963
10493.0 7016.546470935564
7306.0 8927.604455789062
13079.0 13137.206509125426
10298.0 10315.230390855419
8750.0 8187.1780982494165
20639.0 25284.327357704955
17317.0 13889.95802906403
10109.0 12245.377809043812
10052.0 8697.118016186369
8734.0 7325.937513608376
10185.0 10117.415444970859
15978.0 14356.210095229328
18464.0 18889.648445396484
12992.0 10756.542983325793
9236.0 7504.549231017031
8790.0 8519.703119650452
6076.0 14458.234727528827
19194.0 18664.53775799963
10342.0 16736.40858124153
25480.0 20244.94027999616
12796.0 11237.631369773851
15285.0 12771.935106219065
7449.0 7975.286239206384
11068.0 15026.265488704597
10581.0 9146.307758602556
30141.0 27511.565446483997
15608.0 30308.64944089829
57178.0 40339.10249974252
11797.0 11713.739302992915
7554.0 9649.32180160829
5658.0 7667.230859196569
17465.0 11279.786856190012
9380.0 7492.732264796871
11558.0 8518.024414340049
19198.0 11632.740698451571
9025.0 6278.840226301408
8689.0 12379.076009536751
