2297.0 439.71173095703125
2531.0 2224.5347442626953
2390.0 5791.361114501953
2071.0 1497.1028442382812
3155.0 5295.361679077148
7371.0 6397.912094116211
4210.0 4374.3590087890625
7655.0 6603.089904785156
2528.0 2224.529983520508
6818.0 5823.438873291016
4522.0 6585.755950927734
3909.0 5206.8162841796875
3019.0 5024.598037719727
6726.0 8376.88069152832
8544.0 5303.5535888671875
10399.0 9961.301635742188
3898.0 4703.762512207031
6372.0 6809.364334106445
8020.0 8322.792297363281
7961.0 13900.719039916992
7543.0 6713.666687011719
4928.0 4417.240753173828
15989.0 12032.20639038086
18425.0 10381.828857421875
8460.0 4057.074737548828
13921.0 11716.566589355469
9923.0 9142.3974609375
8337.0 8752.3720703125
12126.0 16703.152099609375
3523.0 4260.296081542969
9899.0 10645.389633178711
2487.0 1653.9841003417969
15428.0 26071.93214416504
19572.0 15058.585189819336
7881.0 7297.946228027344
33557.0 35796.36573791504
7961.0 7736.173782348633
12111.0 9602.970794677734
36174.0 26907.37322998047
33232.0 24756.589324951172
20888.0 32249.762115478516
10410.0 10191.127746582031
22513.0 24571.206024169922
14930.0 21381.28843688965
14617.0 10660.830841064453
6073.0 3764.8789825439453
24452.0 13245.245361328125
15584.0 16547.358764648438
4190.0 3278.2770080566406
13605.0 9398.507019042969
1404.0 2922.839813232422
793.0 -203.63455200195312
1408.0 2206.708740234375
10717.0 9098.819732666016
8500.0 6452.338516235352
32650.0 30673.794799804688
21311.0 21308.225952148438
9135.0 8246.718521118164
20453.0 18698.730377197266
8170.0 1996.2022247314453
5627.0 6047.340469360352
14376.0 16246.064758300781
5568.0 7727.430114746094
7759.0 6934.480438232422
25350.0 26428.84895324707
11401.0 11048.041076660156
10238.0 15328.13296508789
24610.0 18965.936248779297
12630.0 15443.252243041992
28979.0 23203.908462524414
6003.0 6827.676574707031
3320.0 3340.5542602539062
6700.0 11546.622619628906
7296.0 7468.064758300781
13337.0 11628.70834350586
17193.0 15018.579162597656
14832.0 11305.315612792969
26146.0 24174.07012939453
11419.0 11793.743041992188
9534.0 8347.099349975586
10343.0 10606.268524169922
16902.0 16844.47901916504
18741.0 13678.320053100586
14080.0 13688.500396728516
10810.0 15950.552947998047
5328.0 2580.377166748047
11989.0 11932.458206176758
18931.0 15942.752655029297
21430.0 18588.182647705078
13901.0 13622.3173828125
739.0 2044.3490600585938
3690.0 2684.561264038086
7590.0 8625.218399047852
14615.0 23336.94630432129
8286.0 11099.908996582031
4607.0 5557.525527954102
3781.0 4674.097900390625
3878.0 3752.093994140625
5598.0 9653.513092041016
4005.0 6952.605697631836
2863.0 2401.777359008789
5005.0 8266.509735107422
6268.0 5465.735656738281
1315.0 843.6353759765625
7472.0 7887.362457275391
15952.0 14164.48910522461
15262.0 14821.909484863281
7916.0 6989.860610961914
7496.0 8396.160369873047
6063.0 6214.657913208008
21705.0 29627.272705078125
15567.0 16450.577697753906
2937.0 9703.900177001953
9456.0 9745.596160888672
9833.0 8850.634689331055
27973.0 23075.199752807617
5547.0 6327.865173339844
19503.0 15930.024108886719
3247.0 2920.0671997070312
4848.0 4955.500259399414
6890.0 7691.108367919922
6750.0 8259.910278320312
7066.0 11089.385604858398
40007.0 30213.886627197266
36020.0 29071.981384277344
8857.0 6556.964111328125
9757.0 9420.592987060547
8370.0 6789.4832763671875
7110.0 9099.707794189453
51638.0 36557.89923095703
10638.0 13912.72819519043
17197.0 23268.530319213867
14977.0 13348.548965454102
11877.0 14968.884704589844
6974.0 6456.323272705078
4392.0 3593.4998321533203
6427.0 7377.263977050781
6862.0 4197.340667724609
11623.0 10902.390380859375
4475.0 4193.198776245117
4080.0 4924.57746887207
9110.0 5905.8087158203125
6073.0 5884.1552734375
5756.0 2013.0611114501953
10267.0 13534.754425048828
16414.0 23498.291107177734
13775.0 11834.832794189453
11126.0 11324.623397827148
8750.0 9492.219848632812
12213.0 9169.999145507812
1693.0 637.9414367675781
6092.0 4431.588088989258
3192.0 4895.178756713867
8502.0 7890.371246337891
17638.0 13383.462799072266
11141.0 12925.446655273438
9113.0 11607.865142822266
5372.0 6852.6146240234375
6195.0 8337.13737487793
7342.0 9082.781982421875
5748.0 3796.7500762939453
8082.0 7882.926773071289
10393.0 3967.2608337402344
12131.0 14497.205612182617
6287.0 8783.889633178711
10574.0 13938.734909057617
16393.0 14591.03466796875
15590.0 16022.372634887695
19336.0 15314.724029541016
7277.0 7257.394821166992
24039.0 29387.55825805664
7998.0 12174.879913330078
29440.0 31933.814971923828
6245.0 2912.9017333984375
36787.0 35331.82144165039
7089.0 9227.74008178711
12752.0 18201.19026184082
10726.0 8521.204284667969
21087.0 14932.42691040039
9929.0 12826.63948059082
17856.0 16940.815353393555
10819.0 10859.5615234375
8626.0 8481.08169555664
27847.0 27729.559478759766
8616.0 6699.034240722656
7635.0 11272.906875610352
19623.0 20234.68519592285
17178.0 15413.710174560547
16498.0 17947.22755432129
9347.0 19777.175354003906
4354.0 5320.531341552734
546.0 113.80020141601562
17465.0 10601.986053466797
25758.0 36075.317962646484
37272.0 32259.09829711914
18413.0 13621.593322753906
16184.0 15431.798553466797
6967.0 7087.892150878906
5833.0 6988.061370849609
33165.0 25509.224243164062
34942.0 24107.16522216797
25608.0 34188.83377075195
37258.0 32441.03012084961
20545.0 19672.413192749023
26446.0 25846.66958618164
1869.0 2581.2162475585938
3957.0 6234.670761108398
4153.0 4866.40983581543
4945.0 6563.775207519531
4705.0 3671.141342163086
6921.0 8372.379531860352
10848.0 11714.845108032227
4015.0 6571.98974609375
7024.0 7465.47981262207
10096.0 8555.64321899414
2281.0 262.26914978027344
5499.0 10299.26741027832
22293.0 24761.784271240234
7928.0 6536.589981079102
4160.0 5787.087478637695
3609.0 3009.1058654785156
4439.0 7004.129013061523
12664.0 14282.637298583984
7395.0 10506.621780395508
17514.0 15134.296875
9103.0 11100.426773071289
5472.0 8358.459228515625
15593.0 11304.507415771484
8765.0 12828.744201660156
7696.0 11066.67709350586
14525.0 14388.252487182617
9752.0 12704.029586791992
9797.0 14035.671249389648
26255.0 32445.04165649414
17453.0 12626.757720947266
13119.0 10841.245956420898
20188.0 12404.039566040039
5290.0 5816.163619995117
6548.0 6325.306419372559
12798.0 11675.7333984375
14984.0 14644.102478027344
6166.0 8598.582458496094
13717.0 11889.55192565918
3038.0 3457.6383056640625
17738.0 19845.66734313965
15942.0 22457.476501464844
16132.0 15655.42416381836
43054.0 30632.19711303711
16468.0 19586.1796875
14566.0 14077.842819213867
16488.0 10737.603210449219
19959.0 24524.13055419922
24876.0 34162.911193847656
13148.0 7452.360900878906
34752.0 32281.679916381836
33396.0 24504.900192260742
9894.0 12137.542358398438
10225.0 12125.744247436523
14823.0 19033.112274169922
18342.0 13941.446113586426
6193.0 6813.803375244141
3153.0 2825.951461791992
10312.0 14202.879821777344
5016.0 6278.770568847656
23261.0 22757.39405822754
19871.0 24331.010498046875
6941.0 7804.0458984375
11903.0 14069.614196777344
13803.0 12140.26010131836
6853.0 7794.4833984375
5377.0 9414.545440673828
4473.0 5649.9993896484375
9362.0 7208.607162475586
10689.0 7320.787261962891
11448.0 18549.977752685547
8788.0 12532.661376953125
11793.0 16200.123107910156
4991.0 6349.887466430664
15552.0 10989.608139038086
8402.0 7781.309417724609
12462.0 16305.497253417969
8808.0 7770.434188842773
8832.0 7625.573890686035
4337.0 5088.736457824707
4640.0 6746.551048278809
12611.0 13813.571548461914
12531.0 16733.3904876709
5750.0 7907.821044921875
6624.0 9117.283432006836
10017.0 12084.554718017578
6132.0 5816.362335205078
15544.0 13287.035751342773
18569.0 22754.215530395508
7857.0 9997.221755981445
5078.0 6923.737686157227
15429.0 15906.510650634766
16734.0 19148.889587402344
13508.0 8396.043060302734
15709.0 21629.155792236328
20711.0 16270.20378112793
10768.0 9899.01919555664
18789.0 25341.226287841797
12564.0 15759.518768310547
10191.0 10323.764511108398
8946.0 9212.707534790039
14984.0 17699.375061035156
12669.0 15465.601318359375
15514.0 14610.88461303711
4947.0 8435.069564819336
8686.0 14697.303344726562
1061.0 1069.0882873535156
4590.0 3544.6641998291016
3483.0 3197.7782135009766
3971.0 2684.1712646484375
14221.0 12671.81755065918
8593.0 11166.242080688477
6371.0 5973.954879760742
7476.0 7024.00016784668
10155.0 10417.525695800781
19396.0 20271.816513061523
20005.0 17202.536499023438
2199.0 1921.51513671875
5037.0 6761.500396728516
2565.0 2600.1797790527344
11795.0 11539.947326660156
15423.0 13846.122619628906
13866.0 15799.883346557617
5011.0 5567.537307739258
15604.0 20545.214614868164
6772.0 8693.60408782959
4030.0 4674.087074279785
4219.0 5476.144729614258
21066.0 15100.814575195312
4603.0 6952.146560668945
9178.0 12899.207977294922
5765.0 10850.047637939453
5366.0 6376.387115478516
16794.0 11380.708877563477
5710.0 9031.35009765625
15873.0 10474.999694824219
12263.0 16930.682037353516
11209.0 11116.5693359375
11676.0 9698.32666015625
6645.0 8847.913513183594
8848.0 16234.775756835938
15918.0 13156.901489257812
6343.0 3677.326873779297
4823.0 4719.419036865234
3752.0 6820.79557800293
1552.0 965.2872161865234
8906.0 9657.428009033203
9444.0 13182.748908996582
9681.0 12358.700912475586
9970.0 12621.08757019043
19646.0 25509.9552154541
6979.0 9722.158569335938
12307.0 14260.010864257812
2728.0 1076.1792297363281
15305.0 14078.692993164062
4356.0 5171.565567016602
10208.0 12184.079391479492
15446.0 18644.149871826172
10662.0 12047.41714477539
14370.0 10730.439147949219
3660.0 3197.616500854492
6874.0 10768.295974731445
11980.0 13064.802291870117
25513.0 26284.52471923828
10736.0 14842.380584716797
14625.0 16112.672225952148
7541.0 6277.497253417969
5870.0 6233.823577880859
11255.0 6609.60498046875
3536.0 3315.0135345458984
24961.0 23077.30433654785
10640.0 6609.48046875
6946.0 5469.853454589844
9927.0 11143.468246459961
5303.0 6448.98518371582
17283.0 25653.84979248047
19692.0 14407.921142578125
8472.0 8534.024047851562
22233.0 25318.19888305664
6587.0 4693.387603759766
11150.0 9956.761169433594
10991.0 7028.327911376953
12601.0 10079.952056884766
20976.0 21881.798309326172
6988.0 10742.115783691406
18814.0 26239.863662719727
13799.0 13873.517852783203
15998.0 17603.21841430664
14483.0 22964.94692993164
41265.0 38063.290771484375
33185.0 23556.15753173828
13871.0 13133.115966796875
5711.0 10218.26675415039
14007.0 19749.187614440918
12816.0 10581.058952331543
11248.0 13141.270469665527
15966.0 13146.810989379883
11370.0 10496.704833984375
6364.0 6865.306655883789
2968.0 5309.587677001953
19601.0 14360.145431518555
7785.0 11647.32388305664
15950.0 20107.812042236328
13781.0 2252.238250732422
11121.0 10314.725646972656
13724.0 11659.23941040039
23567.0 19184.375701904297
39826.0 28650.970336914062
14161.0 11193.443481445312
18557.0 16761.836639404297
23249.0 21248.71597290039
22294.0 20370.95068359375
10447.0 5718.977600097656
10884.0 10936.825805664062
14076.0 13975.025466918945
17759.0 14404.501342773438
13596.0 19024.735382080078
10375.0 12794.194702148438
18717.0 16348.664520263672
4156.0 3799.465591430664
10438.0 10370.751861572266
19438.0 18509.927642822266
9677.0 7731.651672363281
18509.0 12390.831848144531
11060.0 8678.822937011719
12400.0 12579.29702758789
9012.0 10767.28726196289
2017.0 2778.5292205810547
8026.0 9657.743530273438
11202.0 11986.469055175781
19832.0 25227.21546936035
16849.0 17555.92222595215
25207.0 18683.000701904297
7060.0 7862.047088623047
12964.0 11427.716125488281
8430.0 13466.149520874023
5712.0 10142.813507080078
15820.0 14044.443572998047
14088.0 12145.884704589844
14536.0 13107.782730102539
15128.0 10282.52995300293
20586.0 18227.74772644043
6229.0 6891.782653808594
11461.0 20509.79232788086
1634.0 502.4700012207031
28029.0 21975.777053833008
7820.0 5963.771286010742
5206.0 5209.456695556641
9524.0 7729.106750488281
5437.0 6433.115020751953
16606.0 11619.036712646484
1343.0 1113.7822265625
5883.0 7322.801681518555
10119.0 9380.97006225586
6722.0 8327.893676757812
12521.0 11199.359359741211
29323.0 24970.72735595703
19172.0 9941.462219238281
3314.0 4173.352432250977
10502.0 5943.617477416992
10679.0 24300.35252380371
6394.0 9246.34684753418
10143.0 12235.375305175781
3619.0 4356.804931640625
3691.0 3699.167678833008
11388.0 11534.776000976562
7416.0 6669.362823486328
9943.0 8477.1591796875
33064.0 27884.858673095703
15869.0 19239.053649902344
7265.0 7192.099136352539
4693.0 3316.688690185547
15119.0 15387.830108642578
28528.0 27697.114288330078
15391.0 15315.394653320312
51816.0 43749.485931396484
9225.0 10460.875717163086
36690.0 31047.234466552734
19405.0 16512.52458190918
19529.0 16512.52458190918
19532.0 20042.037719726562
20817.0 16858.367248535156
3999.0 2154.244171142578
5760.0 5029.492523193359
4390.0 4766.270202636719
13922.0 9414.299926757812
46603.0 37733.8924407959
4925.0 4075.1173782348633
6269.0 6667.928421020508
19163.0 17409.940338134766
1994.0 2621.9676055908203
12863.0 7376.510192871094
18644.0 15253.294387817383
19488.0 16933.191833496094
12804.0 10331.041687011719
31752.0 25689.1268157959
39594.0 35605.72036743164
6524.0 8485.816421508789
16489.0 10880.830764770508
20669.0 23001.923919677734
12278.0 23520.917739868164
6605.0 9907.585083007812
9704.0 14485.80093383789
18415.0 16968.72930908203
4340.0 4367.861557006836
15329.0 17815.66763305664
19687.0 24516.077758789062
10458.0 13062.149047851562
6319.0 9616.409683227539
1408.0 1584.4843826293945
9594.0 11289.88890838623
13119.0 13620.167282104492
16217.0 14408.685256958008
15410.0 11150.009857177734
16671.0 12804.697189331055
4712.0 7850.429229736328
3328.0 6704.659118652344
6882.0 8011.612396240234
9123.0 10764.37710571289
11492.0 12215.774475097656
10493.0 4829.947998046875
7306.0 5891.832946777344
13079.0 11918.745483398438
10298.0 8360.817474365234
8750.0 5820.994812011719
20639.0 25222.476654052734
17317.0 17512.70964050293
10109.0 14334.862976074219
10052.0 8859.51171875
8734.0 6328.040786743164
10185.0 12705.506790161133
15978.0 11467.896461486816
18464.0 18446.519439697266
12992.0 11919.543113708496
9236.0 7670.221160888672
8790.0 10830.175415039062
6076.0 8139.970809936523
19194.0 15010.26773071289
10342.0 10489.373016357422
25480.0 17079.035064697266
12796.0 10139.279998779297
15285.0 14026.76937866211
7449.0 11945.682067871094
11068.0 12035.411682128906
10581.0 10457.072845458984
30141.0 22561.934173583984
15608.0 25198.20082092285
57178.0 48530.17694091797
11797.0 10340.669342041016
7554.0 13573.013305664062
5658.0 6309.7806396484375
17465.0 13684.916320800781
9380.0 8490.765151977539
11558.0 11305.572280883789
19198.0 13371.0888671875
9025.0 7645.675552368164
8689.0 13415.157669067383
