3.12 -12.308756620025491
54.6 56.86336421059113
34.24 23.189889168935878
47.56 44.91777020325793
46.86 41.73186600482012
89.87 97.31005886380284
122.97 118.63790750598642
49.52 39.805755476055594
68.12 72.20772170445777
64.64 69.29203030688404
87.67 89.64074028449573
74.38 78.24700138469004
90.83 96.97499087644519
77.91 76.80261903671513
91.62 91.03492498022567
69.3 69.56882792817007
90.99 92.76433206720239
84.85 80.8364983810673
81.55 82.95842151232313
138.59 125.7465525758119
129.92 116.79754214242578
121.79 120.7171922462941
146.31 144.6523454146229
77.84 82.65838171516944
101.27 101.48998387541559
98.56 93.73712741040856
118.58 119.39745493767404
119.88 124.44702462021826
112.36 112.35478126936866
160.58 157.16577968261598
135.47 135.77854183798286
153.58 145.56040575466332
186.94 178.25802147546494
129.43 125.87017916932783
140.58 132.54825694643208
145.63 145.81173230655574
152.23 158.03412798939112
180.65 169.55315145854846
140.07 136.7102779145969
164.5 165.81408257967345
124.18 129.73235027682998
157.03 149.53009298818142
84.13 90.71021391393839
113.89 110.24230500633652
104.89 98.55067285228898
97.15 93.01987280159867
123.72 127.64915394101155
103.51 106.16455395170524
122.89 124.94653504902755
119.09 115.98474324564324
179.11 181.31701868435957
108.54 113.65902276758149
144.54 150.50970048366287
148.16 149.5430458820743
110.38 108.19290729624365
123.17 110.63247371290572
134.76 125.83003715113998
169.78 177.32801141602712
115.96 120.96773026099197
149.89 151.70584123660166
161.2 172.76713778176537
121.56 117.32766714083664
124.41 117.98345619325485
144.12 152.93522132756559
163.21 169.09572161227982
138.42 136.37319454675637
170.84 166.47833402355127
134.01 129.87599971957482
137.22 140.0207003184246
147.1 148.93594324448594
149.75 152.1479132242794
146.5 146.11765763415949
157.73 155.08682405895743
153.56 151.8773899303104
143.26 145.80393353096815
160.48 158.78573916539028
145.56 139.4934732208595
149.31 136.03324421982035
139.39 142.35968879395168
130.3 124.39073073635075
127.25 131.41092739906236
55.33 45.211355653405974
111.66 99.91735637629654
103.04 106.58111357121089
296.18 303.83048630274914
224.38 211.8034379485512
143.83 124.4150020131193
220.66 218.37711724963927
124.48 148.30848799637806
214.11 203.88296259448325
198.39 187.7381431988494
165.94 159.1492452806004
179.97 185.61263211740444
201.07 199.7287958585581
198.41 203.32052702769045
233.38 234.91454894961484
205.55 196.84758899969
190.63 188.42947038337184
176.02 181.33047713910707
177.11 180.65241933484415
226.94 215.69218162584664
228.88 224.84251772753646
190.6 181.35787842512863
172.9 172.59265184724492
240.3 239.40020162488742
208.18 200.8345473662703
260.61 258.90025554243795
215.05 202.31722556431063
204.92 198.53685571155458
177.88 178.46600882652447
248.89 245.42525011247506
215.47 218.5911761613174
181.21 179.9017137021688
182.72 172.46102769563666
228.54 221.44015112153676
223.83 217.40925520252856
196.46 191.57102374011504
206.93 196.80163393521337
223.96 215.7835356295572
227.72 215.61507992245524
225.07 213.77254193073463
206.26 203.7574816891291
280.92 292.93939027402655
261.99 255.69399118331458
184.8 183.393232917437
155.94 167.91349733175556
227.52 217.51916160564298
224.01 227.92441787136408
179.96 172.7073222126501
185.55 176.94665219611034
219.18 213.81718647717935
218.83 220.7549682619289
301.12 302.1605237033488
112.24 118.9419463488129
142.69 145.77213280789002
196.47 184.25110262941172
181.93 170.42150521103196
203.7 206.74706453296582
183.32 183.51466961989203
229.62 226.5310521372734
247.81 247.14174317079394
265.17 257.0388973184875
278.44 279.2877001966308
242.94 240.91401449061786
230.48 232.9387660552003
235.45 243.86679792699348
255.4 253.60807658387384
162.43 156.82763277876242
173.52 180.39397769875282
166.46 171.13445444099352
202.61 200.5184778192714
173.45 159.9882968416218
175.65 170.71186447370735
192.61 198.52295070082417
209.21 199.92049191814553
216.79 228.25206127191052
182.65 190.16133390648235
234.09 236.33778867107725
280.28 278.6393916422031
182.03 174.16418343260693
185.69 179.7315613618372
246.14 250.25588225384845
241.14 234.75039364716918
262.68 268.35969367299447
175.73 183.89251223164854
238.6 235.69426159194205
233.48 228.3580853868512
213.66 216.83417575905972
213.88 212.39076797877095
282.39 280.1901491572953
245.0 238.82961887946948
162.17 155.81802991441643
197.61 193.70666968479532
232.75 227.96529863958895
251.45 260.85094116173593
284.32 288.3362738638134
271.16 266.5483912469278
214.42 208.48950713554706
232.18 227.10770224997975
235.22 238.65297860892213
237.66 236.15425345355658
263.86 271.4001064119466
239.5 253.6202790166286
206.36 198.58836226803203
171.17 171.3795389336634
211.94 218.3546966758472
146.31 141.0409566101877
139.9 133.2622932901312
164.46 157.83799426408459
165.03 155.35704594201766
164.04 182.27524621623226
206.11 232.06222083560496
205.84 203.8179995378178
275.52 283.2656666501654
242.6 246.19903247198727
119.74 109.69762304426612
157.16 158.7526740571223
156.05 151.04348912697876
178.58 179.57726459590086
185.02 183.78219298550636
191.02 192.72887380196266
177.89 175.37217621654193
198.31 202.9853166646701
203.19 199.97779739698456
171.72 168.61548500366487
217.38 224.23695109085
238.23 237.45730357202788
205.94 202.86651979444161
263.7 287.13735888576474
238.46 243.2373933864461
242.48 255.0137961068948
260.99 266.68716883133715
202.38 221.1249863421565
144.24 143.85090318238554
217.32 213.92597422073533
191.25 190.92603343725827
143.83 138.1389911793568
135.14 143.0478867126037
202.6 225.324168331174
150.55 142.59263589878404
163.97 159.4027668026714
150.37 148.36271225986948
174.71 178.31951048191596
207.82 204.73482012483535
241.74 257.14746541178465
173.26 180.90312924875832
215.13 235.91668900350544
184.03 185.2892323198859
196.67 206.2792216883832
187.3 188.39696142343732
167.04 171.05760895987765
224.05 221.20404055048593
227.26 233.38482549414817
216.73 220.81968064136916
236.99 234.87259561641937
169.28 172.71073853937636
233.42 243.24503564631203
257.05 259.11753654216284
239.81 240.37743253335103
253.05 255.91943060911362
266.46 274.19525864199704
249.34 244.81906346500497
256.3 249.83980402157778
232.61 232.30594721601477
266.46 268.88490770362694
239.91 237.6402037807412
263.77 269.2201387848921
226.57 218.62798623735395
235.66 226.68196431572713
277.68 279.4004159015717
262.83 267.6762743355888
156.63 152.84156577809554
179.53 174.30240816781898
200.43 195.749347236533
200.89 208.4622445971812
237.37 252.00730230855794
249.47 252.54990754538133
238.8 238.14593418704075
256.57 265.1733934760029
210.83 207.07414422370073
220.71 229.03291085158995
281.26 278.6622836363755
248.95 241.49426375969944
168.62 168.40191380239852
223.45 220.3053711653145
241.22 242.66237782936219
217.47 219.2048265581617
227.03 232.04252611842048
255.55 260.90336898777394
238.77 236.3059137530198
215.09 211.25233200138078
221.18 224.39641454568155
233.51 226.25256958247408
215.08 226.89562979067722
240.95 237.9968365541071
241.35 242.3490955715084
269.69 265.5683561262085
232.44 235.0659809515326
166.74 174.55898763158365
223.7 219.3792573068285
241.64 233.2291163370417
220.58 224.15878124281994
204.4 202.18799310956905
262.25 267.2761821142742
241.76 243.5960032742775
200.0 187.94997838275725
178.07 175.36124289641504
230.62 236.32408141030731
271.68 279.8866945439948
228.0 227.45755264058462
211.81 210.73861533630148
256.33 256.14184863982996
170.18 167.27707297160833
199.35 194.76343365460664
230.07 229.73677353210266
222.76 221.82357973032617
192.22 184.5604559668853
164.71 176.67841199706632
163.19 168.1970589279157
215.17 210.12365527660936
187.3 184.38400398754203
182.69 185.3440010867357
232.21 236.19843636749604
205.05 203.12931400773405
217.56 221.2881278869858
229.72 225.94583329745757
215.98 226.3101001648317
227.19 231.11019104621613
251.58 247.48021165877444
219.74 214.1058895271873
244.51 245.6311737407073
216.18 209.40680291308058
232.48 236.45200535272096
263.52 268.33857405362306
226.84 238.18393813774273
222.8 222.1636838565109
240.61 233.58889781890917
303.76 307.88572227591135
270.23 271.3939817380521
201.64 198.02201102617735
156.93 160.0825853618943
137.79 143.60849194258117
126.73 131.68289792002682
192.53 207.81664563547963
175.09 180.15050699410594
185.46 191.83238747104883
219.03 223.0528887107959
179.12 180.9966608819477
201.57 200.8269333078839
182.74 184.43260292807753
204.01 185.38216380119619
199.91 197.72348668878092
159.82 169.58575925776577
167.59 161.96241154281418
199.03 208.65406771619303
255.21 262.8205644062836
189.9 192.4905677292702
174.03 176.10450954176713
204.16 196.71803034455255
181.3 180.3061305734031
143.6 145.81427386733475
181.11 176.3029379242995
154.3 146.20931077012614
196.64 192.18811652701996
201.52 205.50000008481146
215.31 225.82953968457562
240.51 238.8161016264023
254.13 248.56713908559047
212.1 208.56868147000208
215.28 216.14200555103338
158.11 154.22364153281484
210.11 214.08453732625753
199.92 197.76718949548268
231.44 235.10084141281354
195.54 196.74377226937173
189.17 185.0675828675081
156.99 163.44059004650092
205.12 202.43195675956994
198.71 202.2303968796925
234.23 233.2774417419642
184.4 186.4568270770447
223.22 220.0932656067469
277.49 275.3966743535341
267.19 256.0902546851987
199.41 210.33650981810752
222.48 216.04933781968273
254.48 251.43020801138755
275.05 267.6838889152591
237.38 234.09813823497575
261.22 259.28068655767765
233.6 242.97222291020555
231.33 243.6840137315547
289.51 288.00288561307605
262.26 269.83589852495044
257.51 255.8078010727466
243.68 244.8664265312794
272.34 267.42802821835437
216.16 215.7339854663052
235.29 240.47984055009022
187.68 194.67609839732265
234.16 230.83005157567348
178.87 174.72132089396177
185.14 185.89816887329596
237.81 243.5740378237356
215.28 202.3730527922131
252.05 242.71166593766452
280.06 278.79959546764735
239.46 242.7039595306714
226.48 220.84338243864187
234.64 234.78812862056554
290.73 289.1255851567515
235.16 231.77302632119245
224.09 223.39118574536542
238.76 242.36039145417703
213.05 216.73750861292896
247.3 248.43965331880156
224.83 217.97563149791566
201.28 194.70814681546588
227.4 223.8736446732992
252.17 257.58544363062055
255.32 255.6550165666769
196.23 194.15582920419303
204.59 194.2638661215293
178.38 178.04851711466046
176.04 170.88225957884052
188.7 190.1825177889716
173.81 177.36928838597902
214.53 216.45942215272925
215.05 208.71632722457525
234.19 223.22540557439137
254.17 249.18104354821537
198.38 196.37115563269214
179.87 169.28848037681956
191.86 193.7533033704896
174.67 166.49955016616548
212.77 222.95896553681985
235.34 243.89054410188038
244.34 243.4538866222885
224.53 231.44229434933584
257.7 267.5422405791421
253.29 264.9683109809241
214.86 220.1585855212738
262.14 263.8858292240809
251.6 247.76929318596802
233.65 240.60729150506126
234.38 224.55552729471597
213.86 209.31670077598488
185.28 184.9701651952373
228.72 234.91311371778662
168.93 174.02696649579798
222.34 219.09162922986408
194.38 193.58693900101827
233.74 242.74731529644762
226.27 214.9546997050851
183.9 176.30886363975918
179.04 175.3005705486404
220.2 216.40055088725637
213.57 216.09175255542658
235.72 242.30070817918502
265.26 276.6398414464451
300.44 302.8074699536446
222.15 227.33041149535435
255.74 263.3880586199317
206.82 203.30865594519608
246.32 249.37201455609414
228.89 225.78844617678942
222.99 219.52824866672358
254.04 259.2462429055628
250.63 256.1153156695268
259.9 264.4861145704932
246.3 238.41963744495933
234.65 229.29342566337004
215.16 227.98974214245325
210.03 214.2249897737444
212.1 224.00725974849988
221.96 244.278760203022
187.21 187.29587395165348
166.7 156.27858875179842
169.9 170.7073144681057
198.1 215.35665721725243
170.01 178.7517268235425
236.12 242.12148367851287
241.94 256.41168587365837
158.98 168.09276748858773
206.11 200.44013837994947
176.92 175.91580275143934
159.28 157.2898450184832
224.85 229.49153432569324
204.42 218.3139030654604
220.19 227.88283147848497
233.06 232.97941807397194
248.9 252.97989347439938
193.72 197.8883181314206
216.71 231.4177882130776
198.06 195.43390239255154
171.87 176.86123440340228
202.92 196.75163115975667
214.12 227.97761452579365
204.95 207.5336601996208
204.21 211.05993994542828
255.61 262.1064533865486
179.83 181.99671177011393
200.89 206.1392877739706
228.68 232.0674612926101
226.59 239.5619785667671
192.96 197.40503531743798
155.17 185.45866281505326
163.13 170.3599642057838
133.54 137.86690695854645
175.01 185.08326490970904
164.61 166.32299376273963
188.22 192.69908295289545
168.4 181.24819748046323
169.71 177.41285436380443
89.79 100.3365422119736
223.48 227.20393431815998
171.08 185.48028399604996
159.03 158.59101788790207
174.15 189.478361298638
162.95 163.05189376478955
187.44 197.66665374206147
162.22 158.71904828703555
156.08 171.5730402850182
172.05 163.02848779374594
184.47 192.62499978263233
151.12 185.98768319735655
295.51 306.99901396181247
320.02 319.08174697434737
257.19 258.0737120852362
330.71 325.0925012503268
342.9 333.13312271683225
266.92 271.0322254307209
280.07 299.7866453888576
302.26 315.72333174036635
318.9 313.37494235949606
257.7 257.3191689560002
259.24 270.9176921941204
318.69 321.54070660126166
326.74 328.81521581586145
306.85 301.3298194720919
235.18 245.94988372962632
266.9 277.1191555531101
315.52 321.2277824506365
253.64 265.5479550322408
266.24 279.59726040441666
275.69 274.45508236334126
285.83 295.04259027764203
321.46 326.9701692685944
317.33 316.54114313558705
270.76 267.8098010992853
274.72 280.40099769664175
307.3 317.6187043151562
286.4 299.91562301661793
277.26 298.3940266334553
327.19 328.66755511901687
298.53 308.0528803649797
177.3 198.6811218884098
163.87 178.61956753824438
166.17 177.45479946239217
193.51 189.04307940051365
174.31 176.41739999164105
179.14 189.39643627534358
158.67 164.05847729067628
193.49 226.2337802359102
179.86 223.11698922596986
234.81 235.53958444087675
198.99 193.2638851850492
229.11 229.97597755208022
279.52 281.6382104013358
265.92 260.4894647142462
307.82 319.4207801529992
297.31 292.8650226283355
288.73 282.71146765566016
344.65 358.9956262594622
343.75 340.8350597710697
356.05 347.73666159873125
353.3 329.3748007995323
321.95 310.4354696904068
311.88 313.8324959521169
301.15 298.8475669482302
327.32 340.41127368390767
266.54 274.7299314441928
324.11 327.31583110736017
346.49 340.45214491996717
231.31 234.1694390940223
228.44 226.37111052699046
233.17 224.21950997486613
263.89 253.12045447911956
274.36 294.78982519223507
174.77 180.23762344585074
238.5 227.41372905669837
233.7 228.79472595418432
261.96 254.79911559245502
285.36 298.6048790878434
257.6 254.88566102568709
254.65 247.79877868772516
237.3 242.5769275139058
279.79 282.7704848988828
263.9 270.417277077171
260.91 272.0461887168445
274.9 284.1943382715232
287.92 278.32523070913294
303.31 291.8333328196043
261.48 261.41463941933
305.84 305.24670194731243
271.86 268.7510946662687
279.67 295.67301006937964
311.21 318.6921524364716
272.11 272.2699244191763
257.86 254.53686602345206
261.46 254.9799198802898
315.66 309.9017451916966
282.88 273.62596440726566
317.61 321.75110179018407
337.42 338.3839431144643
338.84 331.9460341426354
325.81 327.0230802182485
303.72 308.33840931963107
308.14 302.7250950326767
317.86 320.4541783694989
355.33 363.52792552923086
348.49 344.31525453349013
314.38 324.27244459300545
285.67 291.67451787648565
372.55 370.5993517320777
302.66 295.2270630363315
296.36 288.1341979908745
301.42 300.14612698079065
330.74 309.9700319073013
310.17 304.5649276754388
252.19 257.2991361217506
231.62 231.34039980914181
223.9 223.38112724249348
251.23 247.90464609563583
260.1 259.2387759772948
337.19 330.6188068039258
366.69 373.22431063886853
334.04 326.50616359935697
298.67 294.3208040362657
298.76 302.22120601379123
279.67 290.0272933639324
289.7 283.19606506108437
256.43 255.3051381408149
296.72 310.52037952437865
266.53 265.5111216747782
244.93 247.83493767389092
231.32 249.4481247061696
261.07 266.24241187250885
283.82 283.0322784535989
302.7 291.54244321568177
275.32 272.20251938865175
264.53 264.84021351288266
282.34 269.06590375687585
371.3 358.50139395958536
328.48 324.196583064103
283.81 286.30668027632646
259.68 267.64192204905186
274.32 260.69919761235997
267.15 275.572176113492
301.02 299.54735747952816
306.16 330.34764260308424
340.19 342.82229014112363
303.0 310.9993136433876
261.11 252.17634054343648
322.46 323.4635467427168
299.36 293.0105150691137
305.42 302.8381897654581
351.2 363.16186750474805
280.06 291.6105948094943
368.12 348.86646053511197
296.07 289.56490467448594
288.48 290.5826800962226
244.07 257.5803102699226
235.45 235.7893858775583
237.2 230.94064359985404
261.59 285.7855063753726
335.92 340.37507651822216
295.41 285.08450699176615
342.73 336.26368946149836
359.73 361.22749598121095
268.57 275.4815823235858
279.67 279.61867947275357
237.39 254.28139494132887
319.62 315.43851627979427
293.68 303.98975274225506
311.9 296.89265733615844
301.15 295.17820065696174
266.06 263.32403252593497
270.58 283.3087193761471
311.13 319.3466172969851
291.67 272.37053204012915
298.6 287.74161428096244
269.2 271.7489356344813
295.78 282.0543474397459
347.34 344.8930200415399
282.94 284.1215631425685
280.01 276.96833321178053
330.38 331.1117406376281
287.59 292.5061940950138
379.56 361.1043694775942
357.22 343.3475219770589
317.14 296.81351080761067
291.75 287.7684715708457
275.5 276.6348130693699
308.02 312.9973991490453
231.69 223.9744639683898
257.31 252.5512624033232
307.78 304.0738845880661
279.48 283.7713580521742
355.36 338.66975896030107
343.02 337.3984732067816
328.81 318.9800712873072
289.24 288.0735736140565
292.18 300.18878905778115
321.92 311.7906760903468
278.51 279.30517331444037
224.74 238.17442170212277
302.89 302.2595187465446
266.49 271.43044418698094
237.15 238.27558106960373
265.7 268.8503137464684
284.8 281.0191192609602
309.84 315.3195165501205
317.41 317.2068726858814
349.38 352.4714899102636
335.03 345.83631055287697
314.89 314.84058870564877
315.29 311.5938635051503
277.3 295.79234983256026
298.02 302.78176482867593
325.83 324.28160185404295
303.86 306.1101421732698
297.87 280.841404830206
236.24 244.90203498834822
287.15 295.1716982705994
240.64 247.90492419398657
317.27 316.9134528564333
302.75 299.3766757420342
321.57 338.4019356293878
333.16 354.44963036077206
287.14 293.9581085246482
257.32 269.9348430269701
325.27 324.83192261388183
330.55 334.05484794006173
248.0 252.50444831613518
245.29 231.96032599325576
243.03 244.3331246683085
272.79 273.14118527751987
347.35 348.21255226570986
310.54 324.24490699761196
307.58 319.6130809803116
330.4 322.5655342121724
348.19 345.4979242907893
317.58 328.0552009778587
283.1 302.6689407918913
291.71 290.32330542009214
311.0 326.1076264855428
319.19 321.9014007847361
311.8 327.14654817627934
304.96 311.95058889310775
322.86 329.5545826556955
311.52 323.28803653504264
317.74 317.1442269486048
307.01 309.76999709527485
319.5 325.45543029322226
317.88 318.48793122031304
295.24 307.84812476576553
292.93 293.26243794906554
280.57 263.84379808647236
285.13 295.252964965538
320.16 318.5132869455604
276.4 281.49278620961854
293.77 303.16856945522704
251.15 249.77893196170857
322.3 331.6219762643557
320.93 314.30306347218414
317.16 316.9974561996454
274.95 275.10662506880715
280.9 294.2830614632018
166.47 156.36125943276625
213.36 206.88153266862548
182.69 183.2874068989168
223.76 229.6214631838354
206.4 214.6929017492941
206.96 218.30805723099976
228.73 227.12726073274206
284.75 310.5180197468734
271.02 272.8463238450577
276.12 281.14227339815284
267.21 288.5884442807133
281.29 284.12771650483955
287.41 290.2033989416155
238.4 253.7786665411787
262.52 255.9697735341499
262.33 256.5095331058506
289.76 303.22230072912174
251.98 256.5623645692723
271.33 270.7766901583041
299.39 304.23162985952507
257.04 264.5109627325289
255.27 250.18620652165214
264.31 269.3134325775134
251.18 254.83843150252503
242.56 255.57776957463494
275.06 277.66287086447875
261.55 268.14568956640085
230.62 231.5457632274385
220.37 210.54710744507787
206.23 215.96130758235
287.82 295.760924261699
227.9 227.80216983531312
217.73 218.78166403535175
317.07 325.2649558290681
290.04 301.8125407370605
293.76 304.6936994875754
276.28 271.61330227300306
294.63 287.96266621865965
304.81 304.36870345937416
271.91 266.47286687435826
218.48 212.45033270957526
266.88 266.0805962527374
264.69 271.3054814862645
290.04 275.42569090209713
272.05 278.2490057623734
270.54 272.17962040728145
211.77 218.76807853483518
274.75 280.4180996450443
293.68 285.75729250422546
262.6 263.5272391708447
302.13 298.55962841089996
286.92 296.8054357465081
258.23 259.48628033211526
190.22 192.30519240137914
268.2 263.0580172846856
238.11 245.5289041492768
319.35 320.7014500418228
211.53 208.43621955457587
301.16 298.38666377912773
256.48 262.4184589042542
227.84 244.14389422075757
250.25 244.437753707804
232.1 230.78859982489416
171.36 171.53164116626562
233.73 238.39764044417683
306.42 304.87176625347297
310.97 316.89772726163426
323.6 320.1267159713577
269.77 274.18428723143484
343.24 353.6671358145376
370.54 365.60257454374414
329.22 327.967256722293
369.18 355.56761111423896
382.35 377.151970439489
340.45 353.36381666720223
346.21 342.7841780041766
348.15 326.97217360837124
385.37 389.84098961772895
385.75 388.20975408445565
385.83 370.1202886804036
360.41 355.2404190973043
338.3 346.528892637716
401.61 409.14940263051693
344.01 347.0904977750988
378.8 376.98021492423715
286.84 291.68455471243726
374.31 379.59913641253087
392.92 387.59533649107533
357.83 350.8634674160644
349.26 363.76260845815943
329.11 336.6124060864221
369.25 370.98368054703815
336.24 335.8489133255076
339.6 333.4802320941911
338.08 333.6206017464711
370.66 362.01388553847545
353.15 368.42020701437644
373.9 380.10241107428715
384.02 379.1040181948908
336.79 344.11004460699417
315.55 316.3721001438912
369.44 370.69064504666494
330.71 331.21009555133367
377.69 367.652931391746
339.54 338.44324707583235
374.24 368.4498941255634
366.81 359.6696873636071
458.14 445.2952458081627
353.29 361.2942640427957
410.18 405.9215238175993
390.78 386.13370068342164
428.08 435.89328888357085
327.83 329.0096354198297
322.01 327.77921947064766
338.14 335.2643981568514
423.39 433.554249172481
375.35 371.53047497373547
400.24 403.5266014079103
288.75 304.224094556727
336.67 338.25694616012044
289.62 294.3361827288101
340.35 354.1541110960964
361.79 363.6148688912222
363.41 367.7962841638608
356.03 358.1102171228814
331.57 347.169099836663
318.13 330.68004927942417
389.3 399.89707495290486
354.48 366.33776401077444
347.64 347.9332077627731
371.8 381.2395178709875
381.16 383.48518061851064
325.51 319.92536280482386
337.03 336.31931186947304
343.75 335.59580453031094
397.56 408.6585875624419
313.97 316.97751736939273
408.43 413.5267050984719
357.17 346.39049329851645
290.76 289.23236370654007
366.37 373.3945125087194
354.86 350.02975372153725
324.27 326.2966923267828
324.21 327.4652169390223
285.45 301.662366778219
346.18 355.93359163033267
359.64 361.0229815782457
322.12 324.5547286877264
412.78 409.10088680988383
416.77 418.2917778046437
361.83 378.78683123612916
349.18 357.45542208306296
330.07 338.6018143404258
392.42 389.1023872069022
339.71 348.02312849984185
315.12 318.3312966627817
318.29 329.70985883592857
348.26 359.8022110798567
359.82 353.2074109435332
329.58 328.75129976214697
364.96 359.97985049685684
370.5 383.36314247863334
368.6 369.5233538593157
365.1 367.4605111820892
336.54 344.6784577403485
332.12 336.02958016306394
358.47 358.91203749356896
416.22 411.3571000615312
402.51 389.45312420331885
371.56 371.7471177532928
398.17 399.93587586180274
455.28 451.23258460561965
299.98 301.6369030805484
293.18 301.3402051775681
333.68 333.0583208055057
340.28 334.9670866527984
172.47 177.7615165066463
267.46 262.79756793056924
241.35 231.81105539922214
274.11 283.52247451832875
263.14 264.714964988211
234.68 237.4659200555425
126.26 127.53381763794025
219.65 227.3905402874681
193.49 194.3721075951598
162.58 161.95883678870032
266.64 262.24594239149405
297.09 299.9379515541491
225.31 224.04972361420218
266.1 266.941833216773
254.86 258.31475919163216
341.23 353.55723987030655
303.38 305.58555571836297
297.63 301.3995508324931
299.27 311.1656088091288
276.84 273.720451577027
249.3 249.16391063871362
252.42 251.00239477865318
341.1 339.17389042218946
298.28 313.3786533209669
299.37 303.81362819009144
293.11 296.45866194955966
282.59 290.46803277716094
203.57 202.9895862183995
294.56 293.7321459498752
262.71 257.9129604492589
219.86 222.71278311108026
232.15 226.19272792866383
213.87 214.96257609192577
307.67 307.9734231911434
300.26 297.15671507235504
319.59 326.34929730907083
237.67 233.8576394883985
236.21 238.72216726548808
268.37 258.38279338367215
306.56 299.14785499799245
293.05 296.04536486794836
332.73 331.95193083310494
341.82 342.1627031312915
325.69 322.9183777118445
306.69 297.98351963596997
352.83 354.4985280356899
346.45 335.795371640412
343.77 328.180855059778
306.12 288.41081910132056
329.91 335.3950679493015
344.63 340.65444793002246
325.06 328.8846467512951
349.77 349.3560837049989
291.99 295.05479792224355
308.71 311.0327635005435
246.98 250.94120212247944
308.84 310.0143670260252
320.28 316.60193898108116
242.7 251.2616876491368
361.76 356.44001659392217
318.03 310.1749032737662
361.51 369.55215661035714
314.09 308.2550544608735
267.87 267.3367332766452
288.63 288.76460315151996
243.7 237.24095389799146
262.64 255.91651527991436
243.88 243.13203179844334
286.2 272.79787340402504
296.01 290.3926528678376
348.89 339.68531910989725
318.77 315.1714020889121
301.03 293.40198903165333
316.57 325.2535159533359
321.73 325.5845003550535
346.22 352.4866456037697
388.53 386.8866935599779
258.95 251.77219977507502
357.56 360.5492874800385
322.11 310.5232394065158
318.98 321.65440783729326
267.74 280.6012358954057
261.25 268.3744934316354
230.87 232.21715415805568
249.31 248.16594561837132
234.08 233.83798276062822
272.7 269.457649156767
271.87 264.17305994428887
269.25 274.19409133820295
290.99 294.5300045755207
290.63 298.9434820141487
212.85 210.07472443451704
293.58 292.5059565173742
290.19 295.8279583915463
301.61 300.14293307074644
290.72 296.1432506139374
345.01 345.038669341448
336.34 328.644594593502
328.4 331.91583761873693
282.78 272.97792267612874
257.38 259.25104186261274
319.69 310.2378738566787
311.44 310.2433722634999
326.66 313.9006856026752
261.42 267.54541989900906
232.28 234.19278174739148
268.18 277.0207936997926
271.98 279.92426230038467
253.98 251.69562411892204
302.02 296.8167183301571
262.67 266.16826286843235
332.85 330.03865034067053
349.5 348.27819982408306
311.49 317.8401618265964
322.38 319.65456816730625
310.06 307.8604544108754
267.32 273.3584172944685
266.01 267.90045856757297
347.89 355.88131541388526
239.84 249.58592955015072
301.36 292.55603830392363
313.84 312.48297188318895
349.01 352.8004173112069
325.47 310.891987627253
314.46 314.44558986920276
311.29 313.85331806780505
283.69 275.7094309424157
330.95 329.2890205967376
285.04 285.79037600170517
259.32 267.7348257812786
328.47 340.98770034136766
318.7 326.5778404407554
291.21 296.7468363671039
341.1 355.0627435270703
172.6 175.76506222239473
237.18 244.61461943474444
195.26 198.02362895971467
200.99 197.16721488072216
270.91 277.61074884793504
232.89 239.439651777417
180.58 186.76421303138363
249.96 258.74628191464996
277.05 280.00870712986944
277.66 275.3003249452395
258.42 256.66482168063044
297.89 310.14913521235917
348.24 350.93591276801067
319.97 324.81080719430287
306.35 303.31690019184316
269.88 273.6479773229161
333.64 335.3872925716655
310.88 312.13365618627927
291.58 294.263320443167
236.05 240.36937006843993
291.83 285.1192379797182
319.66 318.51547975257085
317.07 313.0109604582507
231.1 233.21370219248286
250.6 257.5388468990828
303.33 318.0082863245234
285.89 283.7130577961125
321.09 309.5752614851903
340.83 351.15481885536883
305.18 298.96824424833454
233.55 234.04131435360523
274.86 276.4554205690406
322.68 316.9775835110536
219.1 224.07975716719562
266.84 253.32322267317284
240.0 251.1560975645257
223.8 243.36659194648934
352.02 343.8924041678931
337.28 332.83863410631
247.33 250.37521344161428
267.36 273.2090361814271
355.22 356.47328312512025
313.95 309.3374364330005
288.19 290.44171223824947
314.05 310.70743875873535
324.19 331.3291774170966
254.91 248.8298554976989
220.69 218.98867226548342
263.13 281.6549180635211
287.29 287.78203461108524
234.65 253.3786229209876
654.63 279.95146087354374
252.88 269.68125356904716
292.48 297.3041335739145
297.1 290.69003359112924
292.66 284.9850654632223
292.5 289.77987400549694
299.97 300.10028693605966
189.91 186.2267329392957
196.67 201.23976785028356
182.63 184.67109311106327
197.04 204.37095837636792
212.47 221.7967550269328
234.63 242.12864104932345
293.12 282.7249302972307
213.64 220.5845186716306
291.91 296.73388738845875
209.48 214.72028207906348
264.5 274.92051970244313
255.76 281.1510929791016
279.97 271.36307985685926
228.17 231.69885907786235
282.89 287.02983340503215
259.34 262.37580535847866
237.48 239.74896570682841
258.83 266.7718775200027
257.03 247.10929786746567
287.3 289.9319818332872
240.56 257.0226045216334
250.01 261.4454232200755
302.28 304.39426877416753
173.94 187.42857233755817
219.31 226.16961789181758
256.73 257.3136243825564
285.38 286.83761100851757
208.16 215.3263437556562
204.52 189.62365221797245
206.21 200.4430543850273
206.95 222.63711611145308
219.52 248.8268088159294
201.75 214.89755241327208
153.69 162.6837535550565
244.62 250.01082055158284
161.42 153.62603864813104
167.69 169.68911028301028
163.33 181.4235818235881
348.28 365.200746930186
160.45 180.95491382294998
256.89 261.1288219746267
253.82 259.01447987612516
235.07 238.01082540703067
276.87 275.7375106182183
297.22 276.6212068003489
202.56 208.39122125358602
232.35 246.322628585497
324.16 335.3170900979207
388.95 384.06799164117604
255.25 264.76150104352854
324.55 324.01426849337156
324.06 328.08191287599703
307.66 298.0918782557742
304.57 318.97050210430484
324.61 331.94717840815133
369.37 366.1982151121481
280.88 277.6254622593335
280.65 275.6515502947503
315.65 323.5443857260361
308.3 319.76325489570803
324.74 320.9845818119834
269.0 276.73554713919935
287.48 299.2430905324011
343.46 336.9319335930914
329.56 343.13497425497536
230.13 238.5538070734205
330.36 331.81305373531745
324.75 326.4541928577781
375.73 365.53967083189013
330.66 326.77676620915764
252.21 254.24407119592283
338.02 331.3406231589204
331.71 338.2008278345929
346.25 364.75039085664173
201.41 212.9074700682112
268.2 279.54730597907894
256.0 277.2542711382578
197.75 233.51902451607464
273.14 285.8666604787452
200.54 203.12953583807257
216.97 212.4026954986929
341.81 367.04337474348756
285.82 293.2435103239402
303.42 300.9240748760027
247.84 259.7150575167616
289.01 280.72820724255973
254.76 253.30734778811814
193.45 199.22528575934413
209.48 211.50107769532545
218.7 239.23720324829844
231.98 225.92489838940725
243.3 237.41077167585348
227.11 238.9024983880437
268.24 271.56394632173703
257.32 255.5807991212084
293.19 284.144121935956
271.32 279.1534446801104
292.53 291.3093985743221
240.1 240.2631378705736
308.54 320.53799455545686
223.84 226.35555301548675
272.16 266.96278666039365
261.58 266.47433031938846
241.5 243.72702759336062
298.87 292.7571625187006
300.69 307.8875346266989
264.9 261.1595640052439
252.98 257.89602477387587
422.57 416.04968123218464
355.04 341.0270873074272
312.33 319.58433376700145
324.85 336.9449073254849
276.47 308.885266425552
420.19 408.28421801196134
278.92 283.7282566713521
307.24 326.38220587862907
306.06 334.25331398787694
244.4 248.15740631076255
272.62 273.1571747381721
392.45 421.5328993573504
365.74 367.91386955156753
397.1 415.0342826744522
412.32 421.95289348771564
406.72 411.9493260177269
352.27 362.8745205475311
368.27 380.02241851499895
436.31 443.4870494252764
356.94 367.54132623309124
402.89 402.1231732907508
329.84 360.02013057936045
362.23 378.466549138622
283.85 290.04300848958724
367.97 375.3736027716702
308.78 311.95497806142976
386.01 385.2763893527028
385.21 387.88659103036065
323.63 336.9612574056828
348.81 371.5517909779959
337.47 340.554055505258
307.19 310.3349442851764
362.88 371.6101070922378
383.19 379.3149454944839
374.05 394.02090505562023
352.85 359.3375547626964
344.4 365.8252155817546
306.79 312.25227940882155
255.96 279.11524075033884
212.15 229.0192668556844
255.75 276.5470692768307
303.22 321.69286950796703
221.14 234.30145095793716
265.3 274.9938787824915
395.36 417.3261369497665
290.15 292.8883567213474
400.65 415.85895164390803
350.12 356.7980648679776
314.73 332.1266063677746
234.84 249.35457762086153
398.72 395.9433055795009
288.32 285.48708686910317
261.77 267.01260717701973
290.77 299.48411597398
273.9 272.4746238238247
219.24 223.23600789363277
205.56 216.46262540841832
324.29 325.94531873677977
319.93 327.63856428492755
295.52 307.0852619314549
266.7 280.98079591378183
336.1 346.53231968490866
266.82 259.30499200976817
313.91 335.0173696710346
284.38 302.0516641501549
279.18 290.7915324620868
326.25 330.59004513812323
243.95 257.1706266415898
253.7 258.8797465875973
196.15 196.95197072083343
172.97 180.36968103211314
316.64 325.5151349573616
264.01 281.0072987480586
249.92 241.51401587635715
280.96 290.8189949380427
297.79 296.0060972156701
269.75 288.10930417397014
213.06 229.94042638650433
190.92 196.88541951387305
296.96 313.7777570091836
287.9 299.6051077552746
251.31 264.1564083599767
198.9 200.81788274905006
247.04 242.62708100318662
253.68 261.5426878351916
247.3 260.9115675663477
248.51 243.57898332525582
233.01 238.47775381511838
198.0 195.71285779103147
216.83 226.3563788188544
301.67 300.9278383126793
285.0 290.1360659929827
262.11 254.0366204381093
309.0 309.99836691474354
432.99 435.8609969135513
364.84 373.47664735992186
398.17 384.62982861171525
379.27 379.05557377162603
305.63 306.3032198815435
385.48 381.9827895550417
367.15 347.82993759293987
430.78 430.49129815458457
379.74 391.452094224627
356.72 361.6872933275481
482.19 503.5888311414313
371.19 375.73470801611415
302.43 314.84572222481995
278.75 277.82730322972634
352.06 359.66253821589913
414.13 404.1550302405436
297.68 298.3113779315302
319.81 330.4470794153448
405.26 402.722194420498
355.44 367.19747138861715
405.37 399.43898187984666
310.41 313.61724196296063
373.2 364.06130376484396
353.32 349.8148541548893
423.15 426.0444351056027
327.89 336.4246544254322
344.53 356.9451587010868
363.59 363.98364250530494
350.55 358.77404513992866
323.73 324.12749039141306
313.29 320.5412126465215
344.35 340.0993577978238
203.67 212.41426983763728
248.38 254.7492698619468
255.39 251.58029337947252
251.88 249.8574868849878
338.6 344.4312541782881
288.93 291.5998211941613
252.87 260.66491112394124
370.5 382.42529096606347
285.86 282.05391514456005
326.74 314.74591672470467
344.41 351.82868008590765
321.83 325.1604136674449
294.47 306.26445524068004
235.67 248.84974914055687
305.73 302.3629817422884
280.38 284.46886685029455
293.09 292.2754377565253
367.65 368.9404260232253
341.56 354.0948017463738
367.37 363.9077062498218
245.99 252.98428530250067
255.4 255.18206990490899
365.16 361.4529367920686
357.91 374.9468504932512
389.68 387.92439036587643
330.74 326.91752493793894
313.25 319.6111303150845
302.71 292.3836307513219
324.54 330.1414851302002
316.1 327.8443859041586
326.9 340.1624199177183
312.36 325.80949151863626
320.67 318.6575371895539
398.87 398.4485357151256
293.91 280.9629820517419
328.03 323.3073584798514
304.39 309.35897210418347
358.87 367.1567845184865
400.08 404.956834030115
377.17 386.55653295676825
380.52 383.10146098534716
345.78 340.2795882789109
326.44 332.1590716900214
399.37 406.3267606071699
267.38 275.1864947135743
330.17 324.76969796891444
341.55 335.3658453567914
330.17 329.3486402582667
433.01 413.2100299350538
271.4 269.70749031981507
347.54 341.3662747328983
368.48 372.3894259229146
343.42 344.90690943212593
321.96 331.15085603917197
476.62 465.01829022106216
415.3 412.3736231522274
334.34 336.0771451044065
352.21 353.778517332977
248.09 242.0081499183417
418.42 421.6883790655879
365.53 356.45631257904046
320.44 324.9501917125652
287.56 287.27368248798507
292.21 283.48953609199833
318.93 321.87109794975595
356.77 354.12571251791326
264.91 257.6536066011197
428.65 422.35751151819693
412.26 407.5753244450166
335.42 338.4114708256668
277.23 277.4998974711517
288.65 300.75113232397985
371.16 354.8212085821037
357.33 367.4994121179502
278.86 280.23923574427226
313.11 321.0336408476527
399.58 408.96034287779077
292.87 296.0709073806162
352.33 335.90663486921454
327.09 315.48853987363583
310.08 302.03109369370213
346.61 345.3525269200065
356.81 359.1935631000106
319.27 318.0229944805944
292.55 292.2341112529246
358.12 357.95615002983976
277.22 279.3991427571325
355.19 348.2796898319016
334.24 328.51612294262054
362.63 352.04682192485495
317.44 322.03199684657363
324.22 327.7629872582777
348.51 368.42156876254126
397.88 394.2831970207892
401.5 405.9359193082978
258.63 254.3887455674542
425.08 418.8531778304264
304.66 296.2120481229606
437.35 414.6291754802705
365.84 355.9087217387947
278.6 281.4228211184408
320.35 317.4938223546343
352.92 352.71289183184365
335.25 347.95593325536055
389.96 382.077071495239
379.3 384.60306194827456
347.96 345.0028903318939
279.85 275.82741849629593
286.66 290.57553988751613
280.63 289.73173183772974
282.44 278.5089410918542
357.27 355.5009447254417
372.83 369.0663545016857
433.95 426.84171224881646
397.34 397.78082736950626
409.26 417.8170227550833
351.99 348.2783038495448
339.85 348.26267691379525
362.17 371.53627529677095
340.61 356.69552375043475
333.12 339.51889012911545
377.36 377.5648391316118
349.99 343.76086334026434
354.05 354.90649215829103
293.81 304.04730310268997
343.14 340.8570348754897
411.96 411.36115427176424
378.95 382.6329206217179
400.98 394.8475417103391
369.83 363.5709916414469
282.01 295.2632496932173
303.92 302.4804164395208
532.31 516.2523619035738
418.21 419.17231475698406
352.61 352.04654256540005
340.48 329.17859992969795
316.37 309.98925444483575
352.37 354.51333893289706
292.3 301.2318328405016
377.54 384.2004085053163
265.08 273.82195097203714
443.56 426.16027439491165
495.24 481.0567467524624
405.98 407.35842775661155
378.66 383.6085704862981
318.97 313.14850138059217
357.09 351.5472281121183
306.49 307.0560249780333
335.76 338.9764448872774
298.95 294.9494485612105
259.83 262.79973210753985
355.92 361.15806398746673
377.5 385.11747518505456
386.25 384.6088689468755
326.64 332.74301565087853
359.69 354.32757872073864
476.91 460.534195373678
324.31 320.2631624246141
399.57 407.9597312942605
387.06 387.87135260660875
311.02 319.1407199750698
278.06 286.7811883850849
376.31 377.61922049830866
379.54 393.9972068914006
317.07 313.8690175772186
318.6 317.0167878856308
249.49 257.0351711424296
245.58 244.96055646269642
355.39 363.24231002674276
351.63 362.75924791693205
337.8 332.67914524136654
270.53 278.2323530551099
281.3 287.4295931424116
303.25 319.6419115074238
304.96 320.4999842131891
357.39 365.63694312498194
323.26 331.7310389542628
381.04 384.7788467856783
330.05 333.0055244515943
363.48 367.3618935583535
355.26 366.14549570572194
276.72 285.06605377525676
345.43 350.9376137874184
341.87 342.70816296677845
332.52 333.0045303893646
406.89 412.20942662696416
398.13 395.684827039864
311.45 325.3659297095056
329.64 336.534763272682
272.24 280.79906482668173
277.26 278.25001454980156
300.04 310.039082977995
263.16 278.6719302397399
251.58 272.42848195798786
275.11 296.3462219858152
297.71 299.00808097773535
387.02 395.65088535829636
342.69 349.5418473643523
302.85 308.8693300984445
281.0 289.2525292333552
373.05 372.36627002651835
324.83 333.19191339002236
305.42 305.99163213510565
341.73 351.9036073832952
321.08 335.8793804220288
335.14 333.1321011200497
260.84 252.82916232833674
308.38 314.1816821797646
344.69 343.9102793724063
324.68 330.8925460503906
282.68 284.25080435123334
302.31 313.332170816454
372.63 358.3548392137321
299.99 315.2993535780635
242.16 239.68111543702932
336.04 346.60282951550056
355.79 361.4304971996274
289.99 318.532749695607
334.11 315.87731803866535
372.38 385.6270645260628
357.02 348.46261816884635
330.55 351.23435499040426
342.57 337.22369954294226
326.03 326.3332204283262
269.61 278.00470279875736
378.09 393.7273639453614
401.34 406.1405753361519
369.57 371.29610891380014
353.79 362.2621612644533
324.12 327.9700012324709
224.4 221.52041860614437
218.09 224.0470083618583
302.24 303.2020214877724
280.57 289.6386753704237
298.17 298.6336442057103
219.03 230.26929572084836
234.1 250.7375534769447
239.04 239.08459889933002
263.72 267.1394172975072
370.71 376.9793632913436
356.96 358.0450015205168
342.94 340.9381577081505
355.07 369.81518303267114
394.15 392.0476987832893
295.79 293.11515576871466
427.17 424.7697787717722
354.89 350.0294364013155
241.46 237.67063560334705
390.8 393.1804673318994
426.96 418.7035753538163
314.02 322.6915685902285
361.58 359.3371640871618
298.58 303.8350393023396
261.77 262.5656784902788
281.97 288.5860550979186
293.15 296.6390641442896
344.68 338.16733234305474
357.04 361.7586716724722
411.12 415.6381254437522
366.11 366.159345370313
355.42 346.2672973089618
338.75 351.1506126918667
360.21 363.092764529269
348.94 351.44084491897513
329.29 330.662312990075
397.76 416.2420207338446
285.88 279.79764692555034
260.05 271.108141052317
358.0 361.3903612586861
343.31 342.57443106450864
417.08 421.8744849370896
373.14 375.27246482336864
430.95 446.2909385828925
430.7 429.0367464909423
277.45 275.8791222595896
451.08 453.0726137174558
385.86 386.03319699859696
351.94 349.3889197123183
341.44 330.7325960148714
274.82 285.0230576907475
289.04 285.6641213046471
309.31 319.23629841058624
370.13 373.8579042581985
272.63 265.9909714991594
289.46 306.54652031989815
381.61 378.57983172647613
373.97 378.73975595930744
416.14 414.7986547447386
389.08 388.46189277680406
395.73 393.4131140108962
381.34 378.33786308484787
349.73 353.2046501850547
324.3 330.4935599736839
262.25 263.10592945851
365.93 371.69990628319226
394.74 396.424198275739
390.51 402.55238037875483
277.74 279.14112714489295
387.75 390.1449002519463
344.07 352.06774767904005
261.44 262.26963982623124
328.65 334.5714194100651
329.54 334.6903819777729
309.16 306.9837466906425
355.22 360.2834762087766
313.88 316.81082486427323
296.92 293.99362848178976
323.65 326.7340613751318
426.82 420.851236171434
324.55 341.7839884048563
343.43 345.3449380913903
407.83 406.3683568765595
411.72 413.8155769346021
354.69 362.623047821663
342.75 336.3463938158579
388.04 390.28161817949035
288.72 283.25216445288294
301.55 305.97049102557827
295.33 307.3643558772595
356.2 353.18298064454575
402.57 418.30230926642423
395.18 389.1155715549566
360.38 351.755869887318
334.57 343.0197377018293
326.91 339.57834804452636
362.43 370.48428052877034
295.33 301.47251356900415
276.58 276.8184440083306
286.91 294.06056440233573
328.45 329.67619127619264
343.38 345.06617831675317
383.93 384.9339171513892
402.49 407.6459851526694
350.39 367.7858830370971
338.83 346.7888248137409
379.43 387.61302388334184
305.56 312.0395765621517
424.95 417.01159173445023
320.72 327.4685000002502
326.19 348.13247458319165
323.13 322.7159586033797
272.88 282.2315532196957
311.37 324.19003943314203
394.69 401.87047502684266
247.81 245.6416691133602
374.38 377.45359763230863
304.23 302.39987738565964
305.8 307.87254880926685
332.12 334.14434772990967
318.03 325.7937257861214
285.23 280.85212875614104
402.41 415.6705609146923
369.03 368.51257454532885
377.85 387.6499069710567
372.1 359.3742932266179
382.23 394.7215604372271
291.82 288.15341639300016
445.17 444.4356661657381
393.45 387.48781756016825
338.02 342.6997857579927
293.26 291.8157071175663
334.77 337.81916461689235
408.31 407.65710100981147
366.52 364.1135296348684
375.58 392.294500934128
370.71 371.82048650125984
387.09 409.852231781608
348.58 361.2207178759961
298.57 297.62480396854914
341.47 333.9983660226252
322.75 315.6347435367179
416.13 412.82614785069467
362.74 370.04152122445294
401.56 411.71242546585285
355.33 355.9233162090071
312.81 313.0355383215968
361.71 370.93253858780395
328.22 329.3142641700815
314.71 315.1953333195434
308.15 310.62971084402665
294.92 292.09858012501434
351.27 339.74112706700566
421.9 424.4248462805639
408.7 409.54973680013654
391.97 397.646907784764
400.76 409.5542666859467
347.52 344.8119144817916
271.28 261.9474870117153
301.35 312.48627088071424
335.42 323.6396799691824
338.12 333.73756170696834
283.71 290.0684093615034
333.26 333.13665528235396
382.28 388.9428828824881
375.19 387.6376684500371
396.96 368.96278407898103
394.8 415.0633662236769
360.52 371.3247153521478
357.75 357.1279194558472
371.28 385.82411051515044
388.07 399.25727336996914
387.87 395.8449868352749
382.1 387.5884668644494
383.72 383.30996551842316
346.64 361.05997062986444
362.1 373.4521583869208
349.38 361.12445153094006
379.49 376.84675864654463
261.44 257.9765174878286
275.12 279.25139870186376
336.1 333.2826431030328
287.64 282.5923338936375
279.87 280.4209797738698
317.81 317.15924250979674
362.37 361.8350133796729
391.37 395.093745567415
317.21 302.1931786428833
270.55 281.2316711273812
298.74 307.3649142621221
295.49 298.76728125749617
305.08 309.4063491747362
311.85 301.9649519301601
460.44 496.10262388415595
296.88 318.55888834413
290.2 296.5392426327761
314.66 320.74829215079046
342.79 347.9540694451102
322.62 327.5770433993209
250.47 244.6103802267082
255.56 267.0173229824555
315.6 328.64885394733386
347.21 351.40980544879164
325.91 324.3981866479585
312.37 316.42961518350796
335.2 323.7509355330029
372.82 382.9343319706849
315.18 317.77791174469326
311.16 317.9893916367074
392.46 400.6793399949843
272.9 260.288157786746
295.22 302.9243091341506
345.91 357.1594511739935
277.26 274.91989515479
272.78 273.2726961829661
276.2 279.0364705073093
300.81 311.64572538492035
279.77 289.8216269763444
407.54 408.11165434059996
363.6 384.7718408012523
347.94 361.3526006440624
349.42 355.4870157628369
328.72 341.23890588748804
369.87 380.20263993339165
286.94 285.67769816247096
292.24 296.1586940015286
308.69 321.7358353743225
353.14 356.20155862779586
382.87 399.5440921869516
316.96 332.7406435135197
363.16 373.0282905537887
345.17 365.7468592820517
349.29 362.2945394470812
437.46 448.3132604996212
249.93 256.5668720945194
260.79 264.5846208762399
189.6 190.5837905489493
242.74 245.07823081814567
433.38 441.81116505115733
296.39 311.47318483293594
284.5 280.45304723796096
301.54 310.63799961458653
274.52 272.467981487766
283.34 302.25212201031496
242.82 247.18830536494357
274.47 289.6794874229419
263.34 275.9795383372436
268.25 278.79082688840595
371.42 378.750684447656
324.56 316.57581271970673
246.78 258.5862142172128
310.77 313.5087488898497
298.61 306.4079779334123
363.6 366.76952034513664
323.41 337.1841667706623
361.89 370.69180410105696
327.12 341.9987828934894
341.67 348.1080204653093
336.28 338.27819903576557
352.09 362.95426839970077
340.67 349.56528305359404
380.86 386.6103167490376
264.31 269.34184297947274
368.06 373.6816599203977
362.48 362.08126713163944
371.0 384.0644318245505
344.7 345.12427124102635
351.02 363.55070172628575
246.77 248.1235351873518
284.04 305.7981204489586
260.36 282.1406408241219
313.99 318.2935319989586
305.27 297.80527112342736
244.9 257.9483975344601
292.16 301.0537852228021
350.01 352.067742375733
367.96 366.3875494916476
310.85 337.03576971125426
360.34 360.73675589493973
340.16 340.0028030682956
258.95 261.9084582940982
293.79 308.3600825629534
302.38 307.30567678223395
266.74 260.36747419158223
246.64 261.037655190606
380.2 383.38235420865055
379.72 395.2486628476932
310.82 322.0957428123725
311.85 319.9052655758374
248.63 262.08004389219843
261.97 285.1620869494086
269.07 286.96680925932037
251.0 268.50877808400674
334.35 326.0403448674811
294.93 302.3397502688797
377.24 393.37476874738115
369.47 378.81381494447436
370.03 374.92506383007
390.54 400.4000854075316
301.37 311.6402136839357
362.54 370.6690747254594
397.43 396.0754825345547
257.37 271.1754096963227
274.86 287.4127154120343
286.33 296.7579972892434
352.1 360.64583038354795
332.15 327.8636177410376
377.17 386.6945947166271
367.92 374.9014106931717
355.43 365.15888267714666
299.13 306.06671831062033
368.09 377.8160084383396
343.02 353.0724200888188
295.71 306.61413514785943
308.58 318.0174064325089
316.76 315.0532840803609
389.53 402.6949247531179
337.54 336.20824723215287
432.55 422.3010339051382
432.84 437.1033459345636
378.7 382.3706307811541
381.55 378.73409963291755
376.96 379.058302599841
340.32 345.3443311732175
326.84 325.4563616215111
392.37 392.63942212064796
360.95 351.9079358996046
376.38 369.74552622268664
337.95 340.0285817227423
341.04 329.6584842931957
310.0 316.17438153169064
410.31 410.3104139330735
360.87 368.4521323829405
370.52 384.3051050320932
374.96 379.97299922834407
381.05 373.22362041099024
316.35 319.1519863388255
383.24 382.10237205729
380.16 379.76647706381334
343.38 335.1967706625134
390.2 384.64546223323936
404.74 407.7096297350954
398.17 392.7988081160187
356.5 364.6513980846343
471.99 486.19274153555466
413.61 410.94666287650875
356.54 354.45574836607085
313.04 317.31314067933096
373.27 364.8228701456121
339.88 343.64866153079936
305.99 303.4137624090448
455.79 471.8322667232941
399.46 404.23338900489637
384.6 379.16532228446414
345.37 350.08007077450685
343.36 330.98266142200805
415.51 417.97597062627165
423.99 420.7826336052432
302.8 302.72770630301454
304.89 299.36929425366327
330.35 330.8812422874034
392.64 391.928364738362
355.96 360.99451145449535
319.26 337.1078120413414
358.33 354.20205716752
286.0 283.61116590495016
351.4 361.9641668388335
262.84 262.50844994949125
336.29 340.923569388196
355.37 357.47723342170934
345.45 360.45582609882626
310.99 306.23713575326883
356.04 353.2293858013923
415.36 412.63695338026133
338.39 332.70755528416134
326.89 324.0265276464777
314.29 312.68654564185624
413.56 405.1747128237889
317.11 321.19596415721327
313.27 309.2682785126891
332.84 328.4307672256419
317.21 317.47473165394445
354.87 358.0650171517879
341.0 335.4613304011293
320.57 310.5888699602398
328.32 325.14925304258105
299.12 304.02784494213057
359.88 362.1435041931075
354.64 363.8079759048292
365.01 380.7133080622504
358.7 361.6855487574359
299.41 318.3767566909943
288.44 280.65587222992406
334.16 304.89274341608075
253.62 248.23093324111974
400.63 381.4447410484668
345.36 351.3823558817165
358.56 321.1990954176603
282.61 275.6010265924183
290.98 274.1783093397587
335.22 309.1140310601065
404.62 382.97928339539686
373.87 349.2640170342272
345.08 317.6380937454154
322.21 312.03205150219156
393.06 391.45069336372205
386.94 370.28712558699544
351.75 346.6025576501335
325.51 326.3436503851098
342.06 335.38927557209615
396.8 372.72804891980286
405.68 391.7188221786317
434.53 406.8935079287002
375.04 338.5521030285647
427.66 411.49891293650757
412.93 400.8163207342739
390.88 390.461736000417
356.4 350.43328352591766
392.43 383.9490206100398
429.99 421.86171360638593
434.27 424.22235047579466
404.73 391.45231208499536
315.64 298.59256876893926
318.69 313.7537344940114
342.64 325.86580224017644
410.19 401.0912227757116
331.33 312.64757325055086
385.25 374.2140861770811
364.73 364.9279696736414
408.46 395.0234079632115
324.64 300.0138944484524
316.34 309.6721336898665
312.81 293.50368991312394
344.62 326.199444745362
354.2 343.6220342360188
324.73 307.22751264493394
396.93 366.4893137989742
363.4 364.0209491226095
352.25 336.05592077012136
337.28 312.87514080633446
376.47 367.53233349889064
362.7 349.8491422749569
431.69 422.66063305675107
415.87 415.72561220753755
420.31 408.21193330276725
410.98 391.5431538888461
396.1 392.5152874612474
437.8 416.04125041432496
364.18 350.5948023820083
345.74 339.74542060755533
397.07 386.09875665382765
347.04 330.39960168497817
330.52 311.4773421455621
429.95 400.7368850608354
356.62 361.6664217602802
366.02 350.7904375417976
426.66 429.88094836005916
268.13 261.46044557647673
251.59 244.34616592492358
327.03 311.72507140670166
281.29 274.23544037802355
332.64 339.53903144167214
328.47 316.5873890808392
323.95 303.3655715882223
337.46 322.23339232467777
268.17 260.9814330822388
337.5 328.06095316990456
353.4 350.4852570125515
290.39 269.75161671466554
327.37 316.90211826449627
299.28 304.0105568063932
250.57 259.0654198002708
283.98 272.6775791017825
197.84 203.9167222246653
226.34 199.33486097363112
252.81 262.80082501198603
292.7 297.95164979528795
217.41 195.4669213477021
248.36 251.394891625208
272.96 265.39556612645197
255.14 236.2399429980586
215.14 205.37220279410906
280.58 259.3627320398954
210.57 214.01577188403684
242.22 245.34053541368516
210.05 205.07116020527738
234.66 231.53749882245285
227.55 236.2469636273418
185.62 173.2119821744541
182.77 164.13864937453891
299.41 304.0173106558162
291.94 284.8206636864671
287.45 270.6126841407045
242.91 244.68813306058595
358.59 339.0737427663613
355.39 335.2724977615519
320.87 311.55699094160263
321.14 323.9827311421261
352.55 358.18790946493573
270.62 257.776857799603
304.2 295.045468826909
313.04 285.5820562629111
322.05 289.4758773820074
286.3 281.9569867387613
361.03 355.2715158033639
267.17 257.00506565809314
318.85 309.06572081353727
294.09 286.12321356921456
237.43 236.59308436202383
239.22 235.95537142559215
172.38 171.8920082483606
261.69 252.42419113738418
241.19 238.91816670003675
283.74 281.44259275724664
272.45 267.45313271392456
291.13 292.6427585799472
279.56 271.6916028591681
433.23 440.1606165800125
417.52 417.62337680427055
313.23 313.0671872941114
334.77 335.0391126214481
332.82 304.93340185525904
321.08 309.0268262668722
349.78 349.5613438168331
328.86 326.68985837233276
428.59 436.85946030189484
379.26 375.8179870813572
395.4 406.9880923731678
326.9 315.4127116449513
515.88 628.7798753919973
287.2 268.33811963542655
283.63 284.7158722750837
311.48 312.9698377361851
303.38 299.7423207806611
360.35 359.4112063003509
333.65 326.1123774313233
347.06 334.26948709453495
348.02 322.64593901772196
293.94 289.73120476695436
363.85 354.6358160648176
387.25 390.63873236366294
376.45 383.74902127855097
395.09 381.0731388962529
323.91 308.23459697138355
402.17 396.4479721226155
394.02 390.54237302706144
360.56 356.7336011339663
326.06 320.39615660264076
418.03 419.8846236618548
418.08 418.65331687616936
300.28 297.92934019784303
370.91 364.0479211332272
383.03 374.9838598369966
220.24 222.92862948896254
306.46 317.0630408876557
294.79 298.88297747337
348.96 329.0156347165988
335.63 330.5644133420311
296.41 303.52923563478737
332.25 329.1665415139481
306.87 301.3579391833997
373.67 362.69201737247386
192.99 173.63797999696803
272.1 264.75720454564566
336.07 328.067116080163
338.5 327.6015352948833
316.62 302.6278193107059
232.15 202.4757256488879
266.37 260.3372044604737
245.89 240.36179024714266
321.44 307.50999881907865
339.9 340.903266592662
378.39 366.7286702815089
301.23 307.4558274933278
332.77 339.5733122100736
327.13 315.1581685576729
300.99 311.7376828064854
353.29 344.6923899935733
228.1 228.97978131893262
271.77 278.300803484857
381.93 375.13102803160854
341.52 340.915749865849
282.67 271.56803143981256
397.75 393.6764849152379
320.38 320.41143341898555
327.52 327.6813940867621
294.15 280.99102129526915
390.43 385.06634043362425
271.35 247.0573405871806
300.54 315.6768544603324
210.6 206.9092862606316
254.96 240.47021811015577
243.43 250.3620032122436
349.07 334.11488149324737
336.1 316.0183457978024
293.15 295.8171846966263
433.87 433.0046249193767
319.79 308.35659934897126
358.56 349.5791885152778
439.89 436.0219203726799
344.92 334.89815498031635
328.89 315.70826691204627
395.24 386.26949751031844
410.83 401.25646008883666
461.21 451.9807135083651
405.49 407.0251476574363
362.9 348.7187730761966
371.69 361.0980985551097
355.88 332.0116717561682
364.0 353.8869996609379
437.18 436.67622766855357
399.75 391.51354224045224
392.34 395.6088342966824
325.25 304.1986360688942
336.93 321.0112504601052
296.01 284.09396629961486
376.57 366.6505383630569
431.42 411.323084438347
340.85 345.4104935450207
342.57 340.7309474142648
398.47 386.1546153000364
325.85 320.78909763661
352.16 355.788972805631
419.12 400.72173024991514
383.72 380.43264667555354
393.67 384.44303983605215
355.82 355.86433090545023
308.14 305.8168423658337
307.4 295.1685804182913
280.38 277.5678147171148
261.91 257.4826125132279
353.68 360.6595357951412
334.97 335.35998742622894
372.58 370.56861499948985
303.89 313.03427100112447
401.27 397.97835737381484
369.26 370.9168842044377
337.05 343.47107085884306
325.92 313.22949048202776
313.71 294.2141358355709
246.66 220.51956920823815
222.8 222.38169784821588
305.87 296.58503419134263
310.5 305.42360006869524
372.34 371.75941761468886
412.34 389.76412045514644
415.75 414.5258141343942
247.6 240.72371856471534
377.96 364.87143668865343
342.5 345.3474313726903
391.44 389.7804876194455
263.97 247.39945563372243
283.66 279.89394742946035
302.22 304.62681181379867
346.93 345.09296719330945
370.27 371.287748072667
277.23 265.33201669694705
268.46 240.70298759332883
321.67 294.15899672890635
327.55 314.5451960352182
399.24 385.06173561885953
370.58 381.7100829949836
367.51 363.348357526698
315.47 279.0047581648288
387.51 377.4743276224142
358.7 352.8730532648494
367.14 361.1690110242772
324.2 330.273103548858
308.06 299.6319687155276
400.02 399.63774838489246
407.79 386.65821776043873
390.46 377.40682899594117
365.87 379.0230397891308
325.37 337.02820782912465
395.72 383.7286905072672
403.74 415.23390794551597
384.29 391.19187657400266
382.72 380.71851300802507
403.06 392.91649331635716
410.29 416.86542502790127
334.41 320.77079996850966
418.34 392.5465740901151
356.99 336.9654166389282
354.55 351.6774060679078
385.92 375.42717466843374
382.62 375.77818999353497
328.73 320.0755915149481
394.42 381.40355416498346
355.16 345.8025013247972
323.23 307.28599399541514
349.95 336.98937111164844
345.82 332.59787242262666
398.6 390.9162981672037
409.0 410.49028019181935
376.82 373.215697105209
391.51 376.35632848310956
362.81 361.202536676799
307.1 303.71669264742854
361.08 335.0158912393044
359.87 346.57198819161215
383.61 379.602713734033
385.04 390.0647575662341
337.26 332.6483737873651
346.16 345.3300788413026
371.59 389.25944871743314
368.7 359.66332001518583
323.49 316.6633100840777
378.62 362.5737081174726
372.73 367.7242505056458
347.27 340.1801544667953
366.59 379.28136091691783
398.84 391.278781337679
363.08 362.04923240300775
370.11 378.29633794670264
363.78 369.7242677365402
361.59 355.5732676456268
392.01 397.8588207119584
413.58 417.63458439718505
396.84 395.52808546776896
397.02 388.42076818291696
341.8 343.2540261424065
398.62 379.98256831337784
348.77 326.83283422321415
287.75 282.22561453987674
288.65 284.22005905136103
409.16 404.6361011934422
340.59 345.26086370126575
353.05 340.1890249261961
333.25 314.76145444287
303.18 298.6593431444258
361.55 363.0251900626324
388.75 388.8884758156659
356.51 359.88658248360025
348.1 348.20664165038363
348.15 345.8010279685808
367.01 367.79891041360423
367.47 361.847865894086
362.06 349.6175627343209
350.75 360.1102800340975
382.98 379.0774317141185
367.84 380.10605859711353
345.53 344.7737355961316
350.8 353.09810980549787
345.48 351.2097205205935
353.42 359.50738479209724
334.5 319.54564011912737
362.87 347.17503492252814
343.88 345.271437742207
360.45 353.12494965754047
338.54 325.3861556079676
322.42 301.0846088536407
370.52 366.88842560916606
310.37 284.2031558663741
368.48 369.39715240735126
334.48 342.81132535813583
346.15 324.56598871178403
323.29 343.0646191475938
338.45 316.82243755408444
317.16 313.04475501202194
328.84 313.3814975760389
365.5 361.8962856206731
386.03 383.12669436989444
368.03 353.7006614231259
356.22 338.1627042706999
395.1 401.8910801183228
283.57 268.1278441617295
398.78 402.49061126931474
339.82 329.9546949672867
357.45 341.63559910705055
352.03 341.1388618328394
412.16 396.83063017988883
361.71 350.75607487068214
403.04 377.45189444326536
347.34 324.9868963366778
326.15 322.67681695308374
327.44 307.0247311692765
337.73 336.92479321449355
430.22 441.69218687779403
402.36 407.97788943099255
344.51 347.9857972653838
394.54 393.7172540388499
366.8 370.17498725525604
399.35 408.0403840530974
351.8 360.93221084910545
389.46 387.2192323742281
309.73 309.39086684969664
302.02 288.4436496134731
301.84 306.3201692783045
420.92 423.4050298855052
375.61 372.11773635624127
330.68 325.7036591052144
374.38 369.4506760561205
315.81 306.4238007199533
370.4 367.430423756761
442.41 442.88122654844835
417.41 414.702210548183
359.45 363.96518274553387
337.49 341.79242394168284
390.17 378.29528610622447
358.34 356.0020230969596
422.94 420.351487679309
330.0 340.7527339584025
322.75 334.43728848368016
357.64 345.8097750514204
316.71 305.3022659946758
294.65 281.30851411975175
342.57 343.45383563127643
341.6 344.68752161364074
328.26 316.64268407843645
310.44 296.0977234552707
389.49 383.53371282536966
313.6 319.78392387750944
343.65 341.3002890674127
309.89 309.5843617614699
335.85 327.4258816305734
270.44 260.7570574871014
303.63 285.40915021503156
302.4 300.16829263317356
296.53 279.28442545649574
314.09 286.28449405897913
299.99 294.34962039806567
397.19 403.3541051580062
372.86 366.7813115986161
329.59 337.2823797036903
334.34 336.0818447404044
355.21 353.9926834656559
347.92 357.81430344022334
429.73 418.1561536665793
295.73 285.41693716326614
376.25 385.68279400825685
387.3 401.62556539329955
289.3 273.3662327708961
297.82 288.4661639396444
332.73 325.26187322497776
356.64 361.5697569882938
301.12 292.81774038263353
293.29 293.0096254966687
282.09 279.0450267997958
372.99 372.5963697626214
358.63 362.2550665004713
357.48 363.436214223787
389.87 347.1290859894202
311.55 310.5268673468487
306.77 314.3484192852153
342.94 343.5734508857434
313.17 310.7840222427016
385.35 388.7797222456744
303.99 308.13962401225433
389.05 386.12294241092496
339.59 341.82256238413794
400.14 382.298363743809
325.43 323.75690354106104
341.82 322.61121198026905
306.13 318.609068651405
332.42 327.694381756254
319.64 316.7977176182891
296.78 291.8509112596581
377.84 367.14524415877554
391.81 383.46872511439676
392.42 379.39478271079633
406.27 398.0741337309458
412.22 396.7662115520801
320.08 312.94156212601376
363.09 355.71748025929844
354.9 342.1833629233332
304.96 289.00075295767937
381.51 384.27957680735244
370.4 362.1903049976677
393.15 396.3147944625065
316.92 317.8766405709838
365.1 371.2258698531775
401.39 392.2007034435927
357.83 358.1721189194247
367.78 361.00102232218154
397.61 384.45241685884315
368.2 359.15116482419603
401.1 399.43849208410523
380.04 375.8411722696111
376.3 374.35330929415966
346.21 351.7239822674703
364.99 361.1112368278227
368.29 361.59965723980645
325.41 312.1868302975103
281.57 268.3869330186395
341.39 339.298697887124
407.61 420.6413462210576
383.06 392.0087652826305
392.26 394.863536890968
320.86 314.644868203495
392.79 399.0503247189415
311.93 301.83223750554833
297.94 295.94641557447653
370.91 371.8918996285764
382.96 362.3867902932257
377.56 370.2288818909633
366.31 360.6096348963282
408.5 396.99447313258077
372.95 380.4369741012955
345.95 353.7264995998201
349.36 338.0002083367633
408.79 409.80862891250445
392.48 394.26253357354216
379.77 344.47389697211236
392.16 389.89529561235383
380.03 366.09150345796866
408.67 407.37325888941876
281.52 285.19551371840146
322.08 302.486555774613
251.26 254.58378442959227
340.22 339.307591659463
303.66 295.90949627815866
264.71 260.7981438094731
213.33 231.2934425181688
243.1 260.4873906409284
246.24 238.81813433055814
233.38 245.01262898403712
240.9 243.36760247181013
213.33 223.6093724625893
182.07 156.14677799341155
191.8 187.33622237046535
247.79 267.17786415879925
294.37 291.76215318053164
338.29 323.2573659058204
340.65 333.86150912240123
311.32 305.10827432684266
316.33 311.41019225417125
292.94 293.9438429366252
268.26 276.6451763417637
257.48 253.66272373126725
228.89 222.4733764797848
302.45 310.6755228052944
259.82 251.48703708204323
326.44 333.33060842955445
359.88 372.178241912255
289.4 277.1687422558174
350.47 334.52023231723985
397.83 385.3505198869756
215.11 215.43163281391446
317.08 323.55604104860004
348.74 339.4122239667712
336.34 364.43462937490887
382.24 372.91510948202176
297.91 299.3025217647486
323.79 328.0008883994698
310.7 322.7735638991172
302.06 311.34870446811226
310.52 298.02702461532476
386.36 393.55838924318704
243.48 245.79924858101936
430.47 433.2045097995718
357.7 356.1697922024894
375.06 376.2612726548984
373.81 379.3078567463407
349.79 346.0052348948566
340.69 326.668723258972
347.84 337.3062833741657
380.02 384.67098142023883
292.94 282.12064468550886
336.5 336.26907398107926
363.72 353.29066001842665
334.14 332.7090762827642
309.41 313.1245950775052
282.68 286.4380674833989
297.79 295.9530424700501
322.59 313.8828292960246
367.15 360.7676035613432
358.99 351.89208697852393
360.37 356.73344753542176
333.26 323.7309662233162
414.53 407.13122084066265
283.18 305.04645692737256
292.26 294.28641407797386
347.44 357.08625298611105
362.89 358.19227788485404
359.92 353.6115240216141
340.21 340.83665113879266
327.41 331.74954296978433
302.41 304.52599268422216
382.36 376.53689337622984
366.33 369.2100808966561
363.16 358.5749629422093
341.24 337.1779706851754
294.83 307.18843481508986
329.58 325.59945462531584
284.69 299.8537956960821
345.09 348.45019932772936
341.98 328.55189349407544
343.11 331.888557214059
301.55 293.96552555824223
320.47 318.12125481237285
316.62 309.93761794068087
298.66 299.13431202749473
302.59 298.3177251916129
370.73 376.9140998009487
341.88 350.0764402668433
340.41 334.83745753012937
297.07 291.9536835488673
322.84 318.640260372912
319.43 305.4682055404127
384.92 385.76114368960486
333.51 332.811097128776
356.14 350.89227985173466
305.82 297.2334034678134
249.18 248.41144752725478
251.49 253.3332223587287
232.4 232.19136183043048
308.69 301.9880725872828
233.7 230.97575223875495
308.35 311.96875760162027
387.35 375.391380482317
350.93 344.2560103096946
345.96 354.0003296323356
292.88 285.5512305846578
225.3 244.5334694821734
266.22 267.6823192531422
329.13 326.61927954859937
363.82 355.02057639501004
325.37 326.03943123892134
311.26 310.7358044874372
312.71 322.12002157683617
348.77 334.9061971701659
329.41 329.33223064802144
302.2 303.7368694837144
314.23 326.1505725797175
305.82 306.4380381979235
287.07 277.04410107325367
351.03 347.7723276106249
333.66 321.15198488652317
370.61 374.26025922313084
255.34 255.57506781129183
199.12 206.0053587045931
305.81 327.8124265186896
226.15 219.5471344456456
256.24 259.4501322448664
292.85 291.71922300016126
268.14 261.27057348925115
209.3 243.31580878363292
228.69 236.79126611956008
304.53 321.1468481929803
320.62 325.55281110569274
353.84 360.4914429352066
381.85 379.92704870276947
378.69 379.994996083708
376.67 372.36549842270847
331.52 332.7923876105898
327.93 316.9933899233493
318.91 316.4056171928385
296.9 312.8147072122116
307.92 309.51948922123995
378.31 369.4717833841455
346.06 345.0628671536496
346.91 342.35794823768595
343.08 358.1641417815729
370.28 371.9282211427285
286.58 295.294881118842
326.16 304.63684391702014
335.2 306.6780761804408
340.58 332.7936081257425
312.92 295.53987029668383
286.76 298.79298542398374
297.7 297.38840090059597
413.35 401.7961397496607
409.63 411.59554300635295
371.32 377.15135951791
363.04 348.21768248461785
268.58 282.34418165235854
335.05 333.7283762698585
321.18 318.1348391527704
348.52 346.7302280651846
327.47 327.6041430674587
300.7 291.75753394588145
361.54 361.2883045436548
302.1 303.91815554816435
363.14 339.69869881273576
337.99 332.4774741171759
314.86 300.8477738522664
347.3 356.1554906514038
343.64 341.1726231412996
348.6 343.512800492162
345.18 362.77048258313516
340.9 326.88553074665964
358.15 380.60539960377275
347.86 355.8519027947865
335.86 362.33100809192604
303.85 326.3790424468427
316.92 300.80322676788376
338.81 334.68274600593764
341.15 345.73978732518015
395.4 392.2135879385982
380.35 382.1707318033767
371.54 356.057951601337
332.94 339.6501931791249
275.61 290.5866750613417
351.95 355.9162743714848
366.17 377.1264819119708
362.22 362.51562233006484
309.42 278.9867764854175
306.01 319.0512093132409
329.9 320.0914816788173
343.05 355.71107708190857
315.97 308.43421822007895
365.46 363.62761493908624
352.76 366.98054894102006
351.72 361.87466386337667
329.97 324.45495857816104
373.58 369.2759968025749
315.58 314.7290339161035
309.45 313.7716486806648
329.48 322.87836100650543
346.42 341.59029053986984
332.13 337.62798993654667
349.69 340.07821992433
321.68 329.4700353417678
284.5 275.62242018820723
284.41 284.97068711342956
339.1 345.3004897489951
339.23 331.05580787313306
384.61 384.60941296057797
366.59 355.12326333382964
307.4 315.4653050249139
322.21 328.2808479994608
387.55 380.8021817112172
337.61 330.0642925002929
332.43 322.82033251524626
361.3 355.2901054237781
358.51 350.9270427205081
373.72 362.3919216521098
353.49 359.12174224206115
381.03 357.9930738126356
369.76 358.45256898587695
340.54 352.44762773639127
329.83 340.3725046489899
345.53 335.1121084066806
288.86 280.6521600681517
278.82 274.74969698032464
280.47 277.7981669270587
309.76 306.9619155126059
326.16 341.23572628745933
294.27 287.412282349178
316.29 324.3954855682839
335.57 348.47951234779373
337.85 339.1673968062423
372.47 372.6901320253695
349.97 349.4792182041701
348.65 355.1977630994375
296.67 288.9562667834859
319.39 319.14187035933634
308.47 295.250745001895
357.37 343.92762076841154
340.12 329.01271575997885
339.0 343.73988169270785
304.23 301.7957565660493
333.77 345.25396333984804
322.2 324.8278909723634
306.27 308.2393027931697
231.26 257.90606876817776
264.58 256.95317185403223
332.64 328.5825697588116
252.84 258.13294128361787
243.69 230.22712373661554
304.63 314.63235431320885
281.99 280.83796329608424
292.98 280.751975076513
143.45 152.1328420282838
136.8 152.37449397647944
298.87 300.58510358105434
315.75 303.5824583196742
317.02 302.5994119538326
301.16 197.3234091917357
276.92 224.81444401976557
288.06 283.7705444456793
250.56 257.4770819925676
319.09 306.4889908000907
340.74 330.259867130344
297.42 288.26901499160124
336.4 338.9367747479321
339.75 335.353887639055
274.68 263.2669915694911
352.85 332.6677866914039
327.93 311.01632836416474
315.87 324.2536805521247
326.49 331.91250935203175
282.73 284.32139985827257
349.72 328.34332581560955
352.09 344.1723154660716
316.89 308.27586585908045
328.95 325.8180121107623
324.9 308.6197346857648
296.3 297.04364409161354
216.09 225.0774841895013
162.56 175.63108659233237
280.4 216.4699050314181
324.84 323.17156246440334
262.71 258.1302263708152
289.01 285.81318388647566
348.06 343.906108496671
203.42 201.5478748830556
274.77 261.7076133968254
236.5 227.72957330653622
273.74 268.4524108840485
258.96 264.96523186176034
266.34 272.3081875927438
337.49 323.70842950955705
356.04 351.73553063813085
270.34 270.4126735196336
280.29 284.3676280852052
270.48 263.82453607015816
299.51 295.7244030514812
223.37 232.81052406975442
243.94 241.25126253767945
351.77 338.3134031980735
234.47 230.72679676041534
312.45 291.36855720094707
152.7 158.3682351187524
283.68 281.9899003561741
289.34 300.3107265347968
316.6 321.0196564346685
324.6 305.45831001440035
291.47 239.22582487875587
301.71 287.7369740198304
341.35 337.3710082081082
339.46 336.71237560541545
239.71 241.04717328635127
304.54 290.5297903331524
203.27 215.9912656383843
344.54 353.4577760919263
287.69 242.1022098140861
370.7 358.2489846020328
363.58 343.4777831437313
301.06 267.4365241639518
262.8 209.91308769472
365.27 361.0488555980343
258.21 217.51219966315986
303.41 282.85877366386154
337.13 340.45513779503335
316.12 330.484501334747
310.53 319.1457727377426
314.04 306.8123400470397
306.02 305.50508849626544
289.39 273.1299495473927
294.58 286.1780591510901
327.48 316.5512001058406
289.73 291.53329209649723
251.08 244.78082147080698
216.58 215.55637693526415
303.17 278.11055055542374
175.38 192.24395726075977
193.56 212.53623610124365
211.72 232.00651561682525
246.81 262.8812817200626
279.98 286.212128653738
326.01 308.23156457564164
267.22 275.991268304068
