65.88 42.604248046875
72.0 63.25708770751953
60.81 40.28201675415039
91.04 77.33654022216797
80.09 62.787057876586914
118.47 110.49143981933594
155.33 147.35833740234375
154.77 153.0098876953125
142.88 133.4636993408203
181.14 183.13141250610352
165.23 162.31025314331055
156.8 150.24777603149414
176.17 170.93273162841797
121.26 112.65747833251953
176.4 172.26070404052734
146.09 137.60853576660156
150.99 145.7183380126953
122.97 114.78840637207031
129.56 124.79926681518555
80.79 78.9489517211914
76.18 72.3828353881836
105.47 96.2815170288086
148.46 140.58990859985352
159.95 154.4962921142578
143.99 146.00495147705078
106.88 101.46237564086914
155.89 145.54095840454102
165.99 150.4991912841797
175.38 173.08502960205078
166.05 166.7864227294922
159.07 162.24147033691406
131.79 129.75965881347656
149.56 142.88647079467773
113.41 110.21652030944824
105.42 113.14967727661133
108.14 112.3946590423584
184.03 183.0897445678711
191.76 181.19867324829102
200.81 212.0182876586914
167.45 162.8996467590332
169.09 174.7653045654297
186.24 185.10930252075195
168.11 174.5123634338379
211.9 217.14707565307617
215.67 213.1866111755371
192.25 192.25015258789062
236.14 233.0729637145996
172.77 168.63580322265625
149.93 148.62028312683105
202.26 198.3658447265625
211.29 213.34488677978516
271.8 277.4505386352539
303.07 305.5779609680176
294.8 310.7155990600586
139.31 133.1135025024414
178.34 178.55883026123047
219.87 223.55327606201172
230.26 227.5496482849121
288.86 298.69024658203125
249.64 247.38689804077148
123.86 121.45443344116211
154.57 148.30217361450195
167.05 161.84786987304688
168.87 178.13677597045898
186.48 187.57645797729492
208.9 211.12614059448242
256.36 267.13233184814453
195.2 195.68043899536133
240.65 242.6296844482422
235.15 241.61107635498047
171.1 169.24534606933594
215.53 222.94118881225586
233.72 239.18524932861328
256.82 262.9494323730469
272.39 283.71485900878906
250.59 241.2392921447754
166.59 173.58208847045898
159.8 167.34663772583008
142.03 143.13478469848633
159.1 164.75311660766602
115.93 112.35221862792969
105.21 104.90999603271484
212.23 208.7065086364746
235.11 237.37693405151367
161.7 161.33810424804688
237.43 251.20684432983398
222.79 229.40236282348633
152.98 152.05380630493164
188.94 185.46528244018555
193.93 201.28836822509766
151.35 151.27716445922852
226.48 232.0419044494629
195.09 196.59117126464844
227.79 235.2100715637207
238.09 247.00363540649414
258.35 260.0880699157715
175.31 173.08516311645508
193.64 192.12177276611328
187.41 191.28407669067383
218.38 220.30148315429688
194.62 198.44337463378906
216.34 219.3664207458496
168.35 171.26919555664062
238.08 246.43077087402344
164.26 164.78873825073242
211.14 217.29555892944336
217.32 218.77992248535156
236.76 238.2016944885254
256.68 261.09342193603516
235.87 240.54858779907227
240.67 245.31476211547852
168.08 164.2508888244629
225.48 229.35150909423828
203.38 192.12100219726562
276.35 276.3274345397949
228.31 229.47307205200195
257.94 264.24626541137695
222.81 219.14418029785156
234.99 231.83140182495117
275.75 292.8600540161133
119.02 107.66625213623047
123.56 124.14522171020508
157.58 157.4933204650879
155.85 153.39535522460938
194.67 191.15034866333008
198.67 210.32784271240234
175.48 173.01504516601562
173.63 171.77523803710938
173.22 174.11743927001953
212.94 212.18010711669922
226.82 231.78573989868164
184.5 186.80700302124023
235.89 242.5549545288086
222.29 224.0849151611328
271.78 270.65884017944336
238.49 239.70823669433594
236.37 236.4155387878418
213.96 214.9298553466797
208.24 208.65643310546875
256.48 258.11325454711914
231.67 229.07583618164062
208.19 222.57764434814453
245.82 248.52633666992188
254.47 257.9692916870117
229.02 228.138916015625
218.93 218.5470314025879
221.33 216.7531509399414
217.95 220.63055038452148
169.57 170.14821243286133
230.68 227.04093170166016
252.99 258.6903266906738
200.17 206.2942886352539
229.22 229.0777702331543
168.81 167.1610450744629
238.61 243.1199951171875
175.08 178.67463302612305
245.18 246.0149269104004
213.29 217.96337127685547
150.88 140.5234375
184.63 184.65873336791992
233.03 235.83417510986328
251.35 253.1339874267578
238.12 238.19175720214844
229.84 233.8013916015625
192.69 197.6332015991211
210.82 229.28239059448242
228.59 239.07511138916016
200.15 215.1904525756836
238.45 249.7266616821289
229.9 241.65453720092773
205.86 219.40507888793945
209.08 222.88678741455078
129.54 134.20534706115723
191.31 200.84723281860352
161.58 160.84418296813965
201.26 224.51971435546875
300.56 286.8791046142578
297.13 285.6338653564453
327.7 326.3334503173828
324.38 331.8782844543457
242.18 247.4329833984375
230.93 227.84972381591797
276.09 269.496524810791
327.18 322.5741996765137
223.69 223.85443496704102
273.05 279.2130584716797
259.91 261.0722427368164
281.1 283.0990333557129
284.9 286.76368713378906
299.2 293.3323440551758
270.71 262.4674949645996
265.76 271.7257652282715
291.88 292.11354064941406
166.26 168.72115325927734
272.2 279.1489562988281
273.7 281.83428955078125
351.23 361.1365661621094
297.72 304.4025459289551
293.21 305.232479095459
234.49 236.9915313720703
185.45 183.12482833862305
224.14 220.4051742553711
240.27 250.38809967041016
278.83 281.6741485595703
252.72 246.4904899597168
257.8 255.16591262817383
264.78 252.7377815246582
265.05 264.4271697998047
320.98 316.90121841430664
306.47 307.8102912902832
346.87 351.79412841796875
280.04 289.6095390319824
310.07 307.92882919311523
294.85 282.2722358703613
279.61 279.00677490234375
242.17 239.6855697631836
252.65 250.70206832885742
224.9 236.15219497680664
293.27 298.6362838745117
269.08 263.1939506530762
273.97 263.24713134765625
259.05 249.52057266235352
270.36 269.9900588989258
294.81 295.90882110595703
288.16 288.94366455078125
273.9 273.9793510437012
253.39 265.5397644042969
317.91 325.2558898925781
268.66 278.45273208618164
289.02 291.46016693115234
281.47 282.07272720336914
256.41 255.3155975341797
365.27 356.0555877685547
305.35 286.2702827453613
294.76 288.43233489990234
274.11 272.6950149536133
264.43 271.89727783203125
279.35 284.0228042602539
323.34 327.56547927856445
293.4 297.8477478027344
270.54 281.54285430908203
291.32 291.9511375427246
294.8 290.16329193115234
304.45 306.642635345459
276.75 277.0155487060547
295.66 294.5867919921875
351.14 349.9641532897949
259.35 268.0530014038086
304.46 311.544921875
249.58 263.07801055908203
298.34 314.1815757751465
286.39 285.48527908325195
277.26 286.9439010620117
271.26 264.79496002197266
314.99 320.1285057067871
274.14 280.4548568725586
240.75 240.45073318481445
191.68 189.8401222229004
196.72 205.18749237060547
277.95 276.51654052734375
233.09 229.62104034423828
245.81 244.8201446533203
293.07 292.89106369018555
247.23 251.95676040649414
258.42 262.36212158203125
235.85 239.3739776611328
262.7 257.33628845214844
255.35 256.42370986938477
274.54 267.8744125366211
276.34 274.5445442199707
219.62 219.33948516845703
282.97 293.3518600463867
265.35 256.3620262145996
237.68 239.91638946533203
236.99 242.4900131225586
203.99 211.30290603637695
270.74 275.34668350219727
208.94 214.81825637817383
260.5 268.7766761779785
263.59 265.2777099609375
244.32 235.92968368530273
239.48 244.55950546264648
276.59 284.670841217041
271.39 280.01733016967773
300.93 312.86038970947266
247.89 248.99824905395508
245.23 246.47101974487305
283.91 280.9336700439453
335.99 343.3840103149414
377.19 373.22752380371094
380.55 358.09626388549805
373.07 372.85118103027344
355.47 347.702205657959
334.4 339.66686630249023
385.3 391.1006889343262
343.18 346.1256523132324
324.29 316.3443298339844
371.37 381.9629135131836
326.26 318.2471923828125
330.4 334.3193016052246
412.57 415.6328239440918
371.91 371.7644233703613
378.97 379.98866271972656
327.86 323.1797676086426
330.12 336.6100082397461
352.21 356.9966049194336
331.22 333.18577575683594
385.76 377.58509826660156
310.89 317.5239677429199
339.25 334.2156066894531
289.41 293.5095901489258
324.52 322.11521911621094
322.52 318.11671447753906
304.29 318.1713333129883
338.73 347.7688522338867
381.31 383.0310516357422
340.09 338.7817497253418
397.44 402.1544876098633
309.63 313.11384201049805
412.75 414.060115814209
170.5 163.99856185913086
205.78 212.81982421875
280.74 288.5346374511719
229.35 243.43220901489258
244.67 246.4196014404297
218.23 219.22173309326172
262.32 263.64005279541016
222.26 225.15913009643555
228.74 227.6887321472168
250.44 244.10485076904297
282.62 280.0430679321289
214.56 213.19381713867188
238.23 236.43242645263672
224.75 229.01061630249023
278.74 275.0362892150879
232.02 238.19751739501953
328.21 328.7538146972656
307.28 301.64532470703125
264.65 267.12503814697266
275.38 276.30673599243164
282.54 282.52148056030273
350.85 347.32471466064453
281.74 284.33560943603516
331.15 326.48431396484375
306.4 303.70137786865234
312.55 307.529239654541
308.72 295.68545150756836
310.66 315.4909782409668
298.44 302.75184631347656
275.17 269.53596115112305
284.61 290.0162658691406
217.56 223.18356323242188
285.61 293.0253448486328
306.82 314.59100341796875
344.97 344.5084419250488
302.91 297.6880073547363
300.49 300.4105415344238
291.35 289.02819061279297
314.2 306.7460136413574
309.83 312.15075302124023
332.57 334.73565673828125
306.05 308.4700622558594
282.95 290.23615646362305
250.97 254.12559509277344
314.62 316.9505081176758
233.37 231.86806869506836
306.38 313.21588134765625
249.76 251.1812286376953
311.0 313.36429595947266
283.63 290.78636932373047
264.27 263.7232131958008
209.61 203.64051818847656
207.3 203.18194961547852
196.74 204.3793716430664
244.21 249.50228118896484
251.94 255.59403610229492
290.68 289.7071838378906
229.16 236.90569305419922
271.82 274.9422950744629
294.22 291.45299911499023
342.38 331.1884231567383
357.67 359.4141387939453
297.25 292.5603446960449
315.7 324.36869049072266
303.92 308.14842987060547
264.03 263.97681427001953
244.64 255.81695175170898
285.05 278.31239318847656
214.44 214.06282806396484
247.62 251.10326385498047
268.86 269.0794372558594
283.25 283.0070610046387
244.32 238.87725448608398
229.86 230.9088478088379
252.59 248.39612579345703
204.88 206.99579620361328
287.18 274.6470947265625
217.93 213.82238006591797
217.2 210.09652709960938
201.03 192.09131622314453
340.48 349.1132278442383
317.87 314.77480697631836
321.67 324.6982879638672
274.98 275.0805435180664
295.37 300.6536331176758
271.2 270.81684494018555
330.01 333.19456481933594
337.5 333.3255424499512
267.16 271.40888595581055
252.51 263.3678512573242
234.54 237.12005233764648
281.75 277.6396942138672
189.15 173.10847091674805
293.01 294.7767028808594
222.29 228.0515899658203
217.74 209.88652801513672
289.64 286.85910415649414
235.79 231.61701583862305
252.79 250.5985336303711
242.86 252.36609268188477
293.25 293.8662223815918
229.4 236.2338638305664
250.11 261.13407135009766
242.16 243.76655960083008
297.71 302.21519470214844
238.61 240.24701309204102
281.31 296.6521987915039
373.39 377.6974411010742
393.65 388.71704483032227
323.54 328.8368949890137
320.69 322.04688262939453
321.97 339.3855781555176
277.06 281.93526458740234
301.61 294.30487060546875
271.72 284.3239059448242
327.9 324.67552947998047
323.35 330.32352447509766
296.21 307.5251998901367
350.61 346.07820892333984
331.83 333.0587844848633
257.14 263.3119087219238
310.36 312.432373046875
281.3 278.5780143737793
320.27 326.06204986572266
239.21 235.19997787475586
307.74 302.26708984375
205.95 216.49424743652344
309.96 313.0889129638672
196.82 204.84791946411133
304.21 301.3007354736328
365.58 365.3722114562988
291.19 291.28035736083984
375.86 374.48254776000977
372.14 367.5689697265625
378.81 375.97618865966797
346.54 349.2111625671387
295.73 295.32925033569336
383.34 374.7909622192383
257.77 255.46896362304688
294.54 288.5848083496094
319.03 324.48533630371094
351.41 361.5974426269531
404.78 402.88472747802734
335.64 330.49069595336914
198.69 203.17598342895508
211.6 222.12794494628906
254.9 258.66394805908203
234.08 238.21785736083984
275.89 271.0800476074219
329.1 335.68785095214844
302.05 303.4871635437012
249.47 255.54107666015625
305.45 308.089656829834
378.97 373.38397216796875
190.49 194.06106567382812
266.2 267.3540687561035
225.78 222.00457000732422
317.36 311.69629669189453
324.27 322.49584579467773
276.35 284.3554000854492
273.12 276.0322570800781
324.44 318.13279724121094
286.6 284.22707748413086
333.4 336.89036560058594
401.67 400.7008361816406
315.51 325.5433654785156
384.0 383.84432220458984
286.44 277.6244354248047
252.19 253.30358123779297
386.51 381.2334747314453
306.01 307.9622116088867
279.54 276.4037971496582
306.06 311.2289390563965
368.65 363.72472381591797
287.04 282.83826446533203
261.84 259.7295684814453
324.41 314.64576721191406
293.0 295.86223220825195
330.7 344.2691345214844
317.83 324.4923324584961
310.41 313.2340888977051
286.16 287.6867485046387
283.96 276.690185546875
337.91 343.5389938354492
355.65 349.58557510375977
333.36 329.84740829467773
389.58 393.03001403808594
312.27 313.9207534790039
404.04 398.9928894042969
321.73 326.29659271240234
384.64 379.9855651855469
346.05 335.2828598022461
346.97 349.9415626525879
367.86 371.8628921508789
332.36 337.7667694091797
341.93 343.85416412353516
341.93 329.06503677368164
337.02 338.290225982666
370.73 366.8332748413086
286.57 286.42784118652344
345.09 350.42697525024414
353.34 353.6924285888672
358.41 360.82209396362305
357.95 356.55220794677734
299.63 289.6599006652832
429.0 424.17726135253906
342.62 342.30340576171875
369.72 361.0075874328613
311.02 303.06571197509766
328.29 329.0496711730957
333.36 336.56250762939453
401.75 401.6862487792969
375.7 376.9315986633301
350.09 345.78724670410156
349.24 347.78753662109375
252.23 262.0947456359863
267.3 265.69946670532227
311.41 319.3933753967285
250.72 246.28662490844727
245.77 249.42215728759766
307.13 312.2442932128906
239.49 239.5804214477539
285.94 278.8261184692383
317.72 325.3846893310547
355.4 358.59090423583984
323.91 326.751220703125
397.41 394.3016777038574
363.71 349.7926712036133
275.58 279.29627227783203
272.06 269.8156318664551
245.48 247.08082580566406
296.04 294.78987884521484
311.75 318.7939987182617
345.22 344.4582328796387
376.81 372.56293869018555
319.25 324.7509422302246
337.98 326.41553497314453
223.94 228.9731674194336
254.33 263.8338432312012
286.84 285.4231185913086
294.79 296.9128112792969
337.4 341.4798927307129
359.37 362.6896057128906
302.69 302.8009338378906
334.76 330.1097106933594
275.05 280.6075210571289
324.5 327.3679962158203
316.46 315.2862548828125
221.71 227.73290634155273
273.92 269.69591903686523
274.13 277.6839065551758
248.84 253.10698699951172
227.93 235.4286994934082
292.85 294.55722427368164
353.24 347.95544815063477
398.4 407.78892517089844
400.67 408.141658782959
418.66 412.32801055908203
360.03 362.426815032959
338.9 344.2113571166992
415.71 423.7287483215332
420.83 413.60746002197266
358.84 362.35388946533203
324.94 311.72621154785156
418.06 425.4477729797363
381.76 380.5173568725586
323.3 322.38308334350586
283.41 295.02701568603516
407.55 402.7696990966797
271.3 271.72172927856445
336.91 336.9491386413574
273.95 266.3696098327637
357.65 367.0868606567383
360.86 360.2436866760254
344.24 352.96337127685547
394.93 389.46192169189453
352.97 346.0125846862793
355.47 355.8803825378418
369.28 364.8522605895996
385.4 387.74835205078125
237.47 238.03745651245117
277.97 282.9634552001953
391.08 397.2657585144043
359.73 360.14772033691406
386.51 389.21631240844727
348.92 353.7494888305664
349.12 338.65692138671875
383.63 389.4666442871094
348.6 354.26930236816406
403.05 412.1864929199219
390.07 394.5131492614746
355.58 348.2966766357422
350.32 349.4622230529785
373.34 379.88392639160156
271.55 268.2054138183594
298.48 306.50661849975586
350.36 345.0761184692383
297.52 294.7233695983887
323.23 329.62987518310547
354.47 351.56444931030273
364.64 364.2421760559082
267.12 265.3847846984863
342.07 341.10340881347656
301.97 315.4841728210449
267.41 283.7963562011719
205.74 209.24042892456055
195.0 200.4717559814453
287.64 295.08890533447266
252.78 251.17729949951172
356.98 360.7967300415039
305.47 312.83314514160156
366.18 367.234130859375
358.11 363.13157653808594
312.77 323.43957901000977
329.91 332.1974868774414
354.75 357.7050247192383
349.24 344.2754898071289
362.98 365.0088119506836
332.43 333.6785354614258
304.89 304.15496826171875
370.83 373.8962745666504
358.46 363.94654846191406
287.74 293.41325759887695
371.21 372.9114685058594
342.58 350.0234680175781
229.98 219.68511581420898
254.72 262.8358612060547
319.17 323.3861770629883
419.75 415.35430908203125
362.38 367.6778450012207
362.48 365.8920440673828
339.77 337.49725341796875
294.37 298.46014404296875
346.39 348.50040435791016
272.37 276.6651954650879
329.72 328.6132164001465
302.64 307.7672538757324
336.04 336.60221099853516
319.92 320.4984817504883
271.77 275.16043853759766
295.79 307.04940032958984
355.71 352.7001953125
374.54 377.47017669677734
334.23 332.6955261230469
386.24 383.7764663696289
350.83 344.5404357910156
373.97 367.1539611816406
349.95 345.203556060791
369.41 372.5398979187012
335.07 332.3188171386719
347.99 348.4870491027832
339.61 334.97341537475586
294.73 288.5352783203125
291.64 283.3014488220215
385.81 385.0543975830078
382.29 378.10131454467773
275.09 276.60323333740234
297.63 304.3598403930664
349.44 348.2467727661133
333.37 341.2124786376953
247.97 252.552978515625
360.8 360.39805603027344
359.18 355.7009086608887
401.34 386.3918037414551
317.99 320.9182243347168
291.72 304.1374740600586
373.44 357.3131332397461
327.17 327.4694290161133
317.41 318.21761322021484
326.34 310.6094741821289
375.35 359.28723526000977
302.34 292.77426528930664
394.06 378.2690544128418
443.08 425.9956283569336
294.95 293.7880516052246
325.23 306.7229995727539
240.3 223.60735702514648
176.9 168.11845779418945
287.09 278.52928924560547
290.24 298.6675682067871
343.15 346.14890480041504
420.83 428.6611909866333
340.8 329.4796018600464
344.75 355.07612228393555
384.48 382.9993476867676
416.33 399.53900146484375
411.76 402.42163848876953
360.85 356.73522567749023
411.39 398.8602638244629
373.29 359.9232521057129
357.94 346.6898994445801
360.4 357.7451820373535
387.49 374.76979064941406
315.06 312.18207931518555
357.23 354.85137939453125
344.95 344.3214645385742
302.51 302.3654479980469
382.36 381.9467582702637
377.62 376.2737617492676
360.05 361.2240676879883
298.26 279.6756019592285
367.31 366.7800521850586
366.84 370.8936195373535
398.83 392.2526168823242
382.41 363.4652099609375
343.88 326.83811950683594
355.81 343.5378723144531
324.85 317.02144622802734
336.37 338.33351135253906
356.97 354.51258087158203
421.41 416.79071044921875
321.66 323.41080951690674
309.2 307.78929233551025
330.33 327.0702648162842
304.36 299.90843200683594
332.29 334.13790130615234
359.02 355.56293869018555
360.2 357.33545684814453
307.45 301.4053955078125
323.5 311.68420791625977
327.85 311.7065200805664
303.26 301.66175079345703
355.47 364.0048141479492
264.82 251.56188583374023
353.96 333.30847549438477
283.98 268.1522216796875
289.99 281.53980255126953
306.41 283.68949127197266
315.23 305.8466339111328
234.69 235.83893966674805
216.97 210.79739379882812
313.17 299.9756050109863
299.98 293.6104202270508
320.91 308.86481857299805
282.56 277.23876571655273
313.21 320.40856170654297
298.14 291.50782012939453
352.52 347.27596282958984
289.54 287.23390197753906
343.65 349.2580375671387
318.46 306.31044006347656
324.78 304.81991958618164
261.48 251.62399101257324
250.99 254.07110214233398
294.73 298.80628204345703
