3.12 2.8984586327216655
54.6 56.51335555554141
34.24 28.721273157427355
47.56 45.89111572433319
46.86 44.057604099603594
89.87 92.80890778029396
122.97 119.4789690008149
49.52 47.372240881526864
68.12 70.4374778140062
64.64 67.91100902170555
87.67 89.36273749224318
74.38 77.23920045828866
90.83 95.32175071508826
77.91 77.99039625846343
91.62 91.78418487697688
69.3 74.61854776800061
90.99 92.76488833573252
84.85 85.56810945510105
81.55 82.33529366733188
138.59 128.55178755037684
129.92 120.14538405407984
121.79 120.49550330982231
146.31 144.42791665122357
77.84 81.20615011109916
101.27 101.44178487577756
98.56 94.75930318784782
118.58 119.43638708018423
119.88 122.90059165916554
112.36 112.67302831038681
160.58 156.95732232374942
135.47 134.9953208098184
153.58 146.98138814205805
186.94 179.20741537157897
129.43 126.52479371254455
140.58 134.03839174502627
145.63 145.97470628607164
152.23 155.32470517286583
180.65 171.78270673748082
140.07 136.0136560296896
164.5 164.59478164031836
124.18 129.10114491325325
157.03 151.60225931803458
84.13 91.09621330238612
113.89 112.12201676066424
104.89 100.39988730705852
97.15 94.27548033124738
123.72 127.65351526585175
103.51 104.26067195623307
122.89 125.17638383637777
119.09 117.6779670072669
179.11 181.38233307341247
108.54 114.31948990241172
144.54 149.50099726533318
148.16 147.1371282526214
110.38 109.28980729413995
123.17 114.86757018002037
134.76 128.0466761898898
169.78 176.3288146187412
115.96 118.90898590883087
149.89 151.00011668803432
161.2 170.84999767036658
121.56 119.70636744623802
124.41 119.85821403815419
144.12 151.44332470276896
163.21 167.78155653614982
138.42 136.3499239445389
170.84 167.03823738616552
134.01 130.9346950685288
137.22 138.78211173424907
147.1 148.30683136391482
149.75 151.56060720958268
146.5 146.26434986004892
157.73 155.72925800594854
153.56 153.1434779930123
143.26 144.64636127096807
160.48 158.72221093432861
145.56 141.01399470065232
149.31 139.02798952353774
139.39 141.1530859531086
130.3 126.65464923639274
127.25 129.7891832578725
55.33 55.73846312291968
111.66 103.05601882137054
103.04 104.52727821672184
296.18 303.6714392121909
224.38 212.4750984660525
143.83 129.32846237945324
220.66 217.28657794319167
124.48 137.9394900657803
214.11 204.51277910342515
198.39 187.94567399737906
165.94 160.3702323264906
179.97 185.4006607817171
201.07 199.43436576783242
198.41 202.00830097594994
233.38 234.84461619150875
205.55 196.60833400931813
190.63 186.30013500877362
176.02 182.04392322998032
177.11 179.96872898366354
226.94 216.59396559581955
228.88 224.07699221345928
190.6 182.6900927683419
172.9 172.5431703563115
240.3 238.98338200182445
208.18 200.91276835196985
260.61 258.43352842196487
215.05 203.4417193136858
204.92 198.25036108696946
177.88 177.98834584918725
248.89 244.59818233323193
215.47 217.64927198448132
181.21 179.48795545281646
182.72 173.46706141016108
228.54 222.07496992871071
223.83 218.02429873640307
196.46 191.51268989087177
206.93 197.8957567925419
223.96 215.93907262663188
227.72 216.85039510198655
225.07 214.15527657898613
206.26 203.4875520525671
280.92 291.2618466861859
261.99 255.89717641150867
184.8 182.89412154340872
155.94 166.45855227261285
227.52 218.65777114048518
224.01 227.38119487466923
179.96 172.89592248215357
185.55 177.03311373657633
219.18 214.506785295488
218.83 220.0930064300072
301.12 301.72097979957124
112.24 119.12214484006276
142.69 145.44387625521534
196.47 185.1034126810783
181.93 170.9241362704999
203.7 206.62632023418408
183.32 184.421709984408
229.62 226.8060416214218
247.81 246.77143019494915
265.17 257.32721804123867
278.44 278.24656079464336
242.94 240.9825713077637
230.48 233.55002123817943
235.45 243.71963415609534
255.4 253.80577652332633
162.43 157.70590308051123
173.52 179.53929620487702
166.46 171.67579820641492
202.61 200.6541721636589
173.45 161.44242919159063
175.65 171.38864361703412
192.61 198.4606650046035
209.21 200.9929569745217
216.79 225.4657726344014
182.65 190.22807330950516
234.09 236.55525177396183
280.28 279.35743388881843
182.03 175.59661097766656
185.69 180.12601452468775
246.14 248.94809076461638
241.14 234.818043933363
262.68 267.53566162273637
175.73 182.2983416912424
238.6 235.38033599324154
233.48 229.16362768719657
213.66 217.03413097222804
213.88 212.96707918165637
282.39 279.5998602753343
245.0 239.81193072601587
162.17 156.45210194847607
197.61 195.4733851880322
232.75 228.53181760391584
251.45 260.2241652614225
284.32 288.20758593122395
271.16 266.1765731141768
214.42 208.72163696457673
232.18 227.80055475750163
235.22 238.82579169953408
237.66 235.9529497961199
263.86 271.20571647523246
239.5 252.23689548675995
206.36 198.04737871232277
171.17 171.89962187599212
211.94 216.96278278080612
146.31 142.29480818762923
139.9 135.30081170545324
164.46 158.20863817529576
165.03 157.43890298781005
164.04 181.0714576385522
206.11 228.45062277705927
205.84 204.72344761084113
275.52 282.2883488755714
242.6 246.2210528356469
119.74 112.75433570439574
157.16 160.12056229695835
156.05 151.10682001084547
178.58 179.82547993785747
185.02 184.21198401759227
191.02 192.84280277190774
177.89 176.0596698868527
198.31 202.7390851102939
203.19 200.01983362249007
171.72 169.13653671175035
217.38 223.87784500127515
238.23 237.7848966668446
205.94 203.24446043602273
263.7 285.1482061493908
238.46 242.14852105561982
242.48 254.33669611388152
260.99 265.9138534220581
202.38 219.8587846617648
144.24 142.1675565626269
217.32 213.40441928390496
191.25 191.79232427308492
143.83 138.11732457333565
135.14 143.5160348550877
202.6 222.58625872339664
150.55 145.02621636954635
163.97 159.8850789277168
150.37 148.25112140973195
174.71 178.6476664915333
207.82 204.75593354760903
241.74 254.47136151826084
173.26 180.8558430497335
215.13 232.69946279988167
184.03 185.49132412711754
196.67 206.65354221960067
187.3 189.05108893599783
167.04 171.28345809490185
224.05 221.30245402043283
227.26 232.94895111521447
216.73 221.47455414667147
236.99 234.89776163125288
169.28 170.06677972013196
233.42 242.03617556326665
257.05 258.6975112898749
239.81 239.02440141275878
253.05 255.45448683125818
266.46 272.77151331328184
249.34 245.22098053825573
256.3 250.32137625699139
232.61 232.2178233890746
266.46 268.3899302389086
239.91 237.34403096895437
263.77 268.2106283543064
226.57 218.79049429215672
235.66 226.5839643379266
277.68 279.21410665459905
262.83 267.0445805072329
156.63 153.67338693665204
179.53 175.79218695292766
200.43 195.58968118825055
200.89 206.8705718653981
237.37 250.76882063359045
249.47 252.4964825664399
238.8 238.1291014109842
256.57 264.7632890152969
210.83 206.62663589398113
220.71 228.0238951040727
281.26 278.49356637802725
248.95 241.8783066447139
168.62 168.92700155976394
223.45 220.26529311694304
241.22 241.97170393964737
217.47 218.55062138425058
227.03 231.50025505184465
255.55 260.8206553393952
238.77 236.1243571878249
215.09 209.9893670957853
221.18 225.0993811687004
233.51 226.22028266713144
215.08 225.01012238986416
240.95 236.4137992974846
241.35 241.9407367080277
269.69 266.03848436645774
232.44 234.53944584980613
166.74 175.5549015244682
223.7 219.92943078852386
241.64 234.06281060308964
220.58 223.55292181558988
204.4 202.04981049339975
262.25 267.0404606263245
241.76 243.9318263757064
200.0 188.89659664164014
178.07 175.7564865225425
230.62 236.12726862057445
271.68 278.93102439982596
228.0 226.75334907611307
211.81 210.57121014856617
256.33 256.52111007015986
170.18 167.72473774309492
199.35 195.7866938246077
230.07 230.56473357960806
222.76 221.76427201223777
192.22 186.2331145553271
164.71 175.16743604701958
163.19 168.1619030581124
215.17 210.69801756705925
187.3 185.26378112088113
182.69 185.10461854158658
232.21 235.94214955134166
205.05 203.7333659569156
217.56 220.8744894179712
229.72 226.66802645342906
215.98 225.38175066872782
227.19 231.17256735426525
251.58 247.87238093424477
219.74 214.43789036020985
244.51 245.67206644227986
216.18 208.96758272432714
232.48 236.2535607937324
263.52 268.08950832559276
226.84 237.74637337203072
222.8 222.15021691489562
240.61 232.6195323352198
303.76 306.3244151240907
270.23 270.70449472942084
201.64 197.68216012784762
156.93 160.73609720044908
137.79 143.34291599594886
126.73 130.73975729886436
192.53 207.05147574056167
175.09 180.38167908011545
185.46 191.7729307657049
219.03 223.1843592037525
179.12 180.8345305599394
201.57 201.2063805329975
182.74 184.65701918072645
204.01 187.65931440390892
199.91 198.98734034907594
159.82 169.4866735254035
167.59 163.0159842491536
199.03 208.279406307417
255.21 262.3583556637567
189.9 193.53708857131932
174.03 176.78301424568735
204.16 197.8453706873549
181.3 180.24186871365575
143.6 145.69178565612793
181.11 177.18502162562203
154.3 147.5772802682163
196.64 192.2312626964709
201.52 205.07509842221324
215.31 225.07201744095306
240.51 238.14417378645726
254.13 248.491587288216
212.1 208.56596147402462
215.28 216.9755375446995
158.11 154.6454519625422
210.11 213.74201674575147
199.92 198.165983737716
231.44 235.30018877089117
195.54 196.65163708033825
189.17 185.55572896096217
156.99 162.74542525327718
205.12 202.29667351611639
198.71 202.0241909280561
234.23 233.25212886952585
184.4 186.6496072860159
223.22 220.20692426703113
277.49 275.1425282171539
267.19 256.41421077015355
199.41 210.04114205355472
222.48 215.88362216937546
254.48 251.8796024105082
275.05 267.5719811990335
237.38 234.8096551666011
261.22 258.8206160872566
233.6 241.55194827008913
231.33 242.97266182042836
289.51 288.07814326462176
262.26 269.061979928514
257.51 255.0370980053019
243.68 243.87089361334517
272.34 266.69238966599903
216.16 215.97763189399365
235.29 239.73513409997054
187.68 194.24450741163082
234.16 231.42866648429856
178.87 175.73374499132453
185.14 185.15912871296513
237.81 242.40840624677548
215.28 204.29266700864434
252.05 244.18750174528932
280.06 277.7359976151701
239.46 242.9224613398652
226.48 221.08940002016675
234.64 234.57532929340368
290.73 289.0144462286828
235.16 232.46203963334534
224.09 223.0331224774274
238.76 240.97177834321266
213.05 216.5723121482579
247.3 248.5948485200387
224.83 219.27559624949308
201.28 196.61734227199784
227.4 223.91498713387554
252.17 257.1711548404493
255.32 255.2204597656164
196.23 195.62204363909223
204.59 195.69712870683745
178.38 179.0908958989752
176.04 170.8316358536894
188.7 190.26115420448136
173.81 178.14795041635494
214.53 216.14452473220936
215.05 209.72004269639012
234.19 222.4494735007834
254.17 248.71931651596435
198.38 197.3448064383955
179.87 170.91711802605596
191.86 194.64245704065883
174.67 167.76892664956702
212.77 221.97804231457383
235.34 242.98150562826774
244.34 243.43777882843565
224.53 230.42311560168235
257.7 263.6260971647872
253.29 264.51013177031155
214.86 219.98750521065995
262.14 263.8590466992771
251.6 248.21753891264356
233.65 240.28479231064944
234.38 225.68163961211496
213.86 209.9034880353562
185.28 185.4459300986041
228.72 234.37937707056
168.93 174.10257964580845
222.34 219.99256662743068
194.38 193.5264794786464
233.74 242.37645968743107
226.27 215.9206691304324
183.9 176.5926370188398
179.04 175.70040925366567
220.2 216.47706923317728
213.57 215.2758532267403
235.72 241.70652922403647
265.26 275.2684234857271
300.44 302.0342014189483
222.15 226.4062317459201
255.74 262.22030365691916
206.82 204.3842937469059
246.32 249.3595313441595
228.89 226.05236684342682
222.99 220.23392458924798
254.04 259.13949470605394
250.63 255.22485180984407
259.9 262.96903564159925
246.3 238.35005340985722
234.65 229.48759204318634
215.16 225.32516337238204
210.03 212.35160669057134
212.1 220.79907083695159
221.96 240.03793677867753
187.21 187.9058918504519
166.7 156.7481655883298
169.9 170.82195800144137
198.1 213.42796043251698
170.01 176.6521313027606
236.12 240.35125903122616
241.94 254.39510775543206
158.98 166.761254118328
206.11 200.7347116952774
176.92 176.01533828476752
159.28 157.16420335937528
224.85 228.56594974397927
204.42 216.936986208164
220.19 227.16164678731937
233.06 233.56029934372378
248.9 252.24519415675724
193.72 197.64504147149293
216.71 228.65459948599707
198.06 194.84039399359173
171.87 176.46812523225933
202.92 196.0763255244402
214.12 225.3540726964013
204.95 206.448612538084
204.21 209.88940443670342
255.61 260.48501021128925
179.83 181.8560155269692
200.89 204.24550056635547
228.68 230.1282519278256
226.59 236.8399793064068
192.96 196.79762663360108
155.17 176.2483404466961
163.13 170.76746492438429
133.54 139.0301970300708
175.01 181.97743884929864
164.61 166.4382788487074
188.22 192.07794359652502
168.4 179.3028537553417
169.71 177.67146633215802
89.79 104.38462087299217
223.48 225.52538801670786
171.08 184.94637362553706
159.03 160.88526551076492
174.15 182.99562165714084
162.95 162.54517529159168
187.44 196.9547067695796
162.22 158.69797214923517
156.08 169.72538403683023
172.05 163.76595512472795
184.47 191.99645945143345
151.12 177.7114785088451
295.51 307.8162288437613
320.02 319.4579766829767
257.19 257.4569970644096
330.71 324.75185958075326
342.9 334.0887762790901
266.92 271.8900559831415
280.07 299.5727632863935
302.26 315.7911380931398
318.9 313.55906548336054
257.7 257.3567359686205
259.24 271.0871480750497
318.69 321.38413757791193
326.74 328.72434506455437
306.85 302.19531264774577
235.18 246.1395229271975
266.9 276.8315804621531
315.52 321.202907080217
253.64 265.24913626485414
266.24 279.8181870325556
275.69 274.48402652765077
285.83 294.86060003532856
321.46 327.314178552557
317.33 316.78353516685513
270.76 268.2686473040236
274.72 280.3048409925044
307.3 317.436364137818
286.4 299.4172392015165
277.26 298.4657797794695
327.19 328.8404569455651
298.53 308.28817826588414
177.3 194.36147404943443
163.87 175.64612603869148
166.17 175.01665208164906
193.51 188.7101165798839
174.31 175.84288095363493
179.14 185.67729926116098
158.67 162.08033924799412
193.49 216.41702175241147
179.86 212.35413635460262
234.81 236.04478904365948
198.99 194.39959155070233
229.11 230.873211366745
279.52 282.0680448296032
265.92 260.8912117096767
307.82 319.9935691274085
297.31 293.24166300611074
288.73 283.2543480666792
344.65 358.84705781706987
343.75 340.5097016962558
356.05 347.43506637876874
353.3 327.54275068683194
321.95 309.6639943040355
311.88 312.7549525038391
301.15 298.16927756053695
327.32 340.87973417035187
266.54 274.43607309011145
324.11 327.3449007288697
346.49 340.5682113088418
231.31 234.041686736489
228.44 221.84098970597307
233.17 223.8648947671678
263.89 253.4725480742418
274.36 294.3933697592853
174.77 181.2983147707767
238.5 227.58466790509445
233.7 228.80847878249034
261.96 255.111583114724
285.36 298.11239750152424
257.6 255.31824407690067
254.65 248.90192029886776
237.3 242.6131568539183
279.79 282.875060863364
263.9 270.7789279267504
260.91 271.9013790362539
274.9 284.26763067196816
287.92 279.30277776992654
303.31 291.7571643793041
261.48 262.0672674859607
305.84 305.1815269748701
271.86 269.02466207996736
279.67 295.5800093199384
311.21 318.80762470813005
272.11 271.2732880732202
257.86 254.95597435513656
261.46 255.20617353976954
315.66 310.2681203647837
282.88 273.81161644257844
317.61 321.7719626672951
337.42 338.7770022904411
338.84 332.34716798896045
325.81 327.39073112963206
303.72 308.40673140481726
308.14 302.75011951583696
317.86 321.16341961154234
355.33 363.3595612326408
348.49 345.87258772443295
314.38 324.0746688710061
285.67 291.595455128951
372.55 371.0642108931711
302.66 295.62700444600654
296.36 288.1146011981736
301.42 300.06713828127613
330.74 309.99584503501416
310.17 305.1762078605996
252.19 257.3317856426179
231.62 231.3674973969766
223.9 223.10843415921255
251.23 248.14196223351846
260.1 259.3469033554282
337.19 330.271932678482
366.69 373.49576474480887
334.04 326.68724266687997
298.67 294.725256996458
298.76 301.80898042710356
279.67 289.73104582232065
289.7 283.097775614858
256.43 255.01297410719314
296.72 310.67982574478646
266.53 265.4026068002653
244.93 248.0725059704376
231.32 249.03338903988896
261.07 266.60447298603077
283.82 283.14225274875264
302.7 291.4389857257693
275.32 272.21886154107335
264.53 265.27344150710064
282.34 269.511766463876
371.3 358.8072048566028
328.48 325.82270995181875
283.81 286.4665568023456
259.68 267.93846437613297
274.32 261.4629623401721
267.15 276.4862022587201
301.02 299.6416787359665
306.16 330.7502052800476
340.19 343.52489749225816
303.0 311.271007842368
261.11 252.0944753545314
322.46 323.8657794955069
299.36 293.357735935695
305.42 302.97499977419045
351.2 363.73236093043727
280.06 291.08043345211973
368.12 349.6920823386602
296.07 289.6681986197548
288.48 290.4597581649797
244.07 257.51837157158803
235.45 235.9488505105473
237.2 230.63599749115372
261.59 285.36283462201493
335.92 340.06908897481793
295.41 285.48747200769196
342.73 336.4749515120506
359.73 363.51511018320275
268.57 275.11941940542846
279.67 278.96187233907426
237.39 254.28606225798586
319.62 314.89112548912743
293.68 303.89946819747433
311.9 296.8769427024698
301.15 294.89723550290256
266.06 263.7323120483992
270.58 283.2595428739943
311.13 319.8636759829895
291.67 272.71698826968486
298.6 288.006116844561
269.2 271.9004827863956
295.78 281.94929861967404
347.34 345.66643386474317
282.94 284.5655625871131
280.01 277.10756281535384
330.38 330.8862673345611
287.59 292.0635248317719
379.56 361.7483433464198
357.22 344.4943949772126
317.14 297.58586634982765
291.75 288.562961107642
275.5 276.6423615962751
308.02 312.8526179912605
231.69 224.20817138784963
257.31 252.7296210721755
307.78 304.10805566791083
279.48 283.8741544335246
355.36 338.6642501292467
343.02 337.2716012767531
328.81 318.98786866421597
289.24 288.0357102048392
292.18 299.99591923453124
321.92 311.5128618136072
278.51 279.2566206896417
224.74 238.67282880872014
302.89 302.50193633014135
266.49 271.64593451819394
237.15 238.5410560234194
265.7 269.1973144795924
284.8 280.85963611931663
309.84 315.93868812937984
317.41 316.916284517825
349.38 352.90602988260815
335.03 345.72067872645147
314.89 314.76258790294935
315.29 311.22904457174394
277.3 295.5448849421719
298.02 302.5732757493329
325.83 324.20141124576
303.86 306.15373809950916
297.87 280.8194575804963
236.24 245.11890690799612
287.15 293.95686649358083
240.64 248.22897117989316
317.27 316.9385145060628
302.75 298.9820576955018
321.57 338.0819608308531
333.16 355.0046869572193
287.14 295.29218036579886
257.32 270.27153283935684
325.27 325.91136357078483
330.55 335.00274818962384
248.0 252.4809261081976
245.29 233.2106421142334
243.03 244.26365729183155
272.79 273.1398658201025
347.35 349.0602986674105
310.54 324.46931826260106
307.58 319.77703141276487
330.4 323.21514306743006
348.19 346.6117150401389
317.58 328.1729383234548
283.1 303.4661134279896
291.71 290.704918609186
311.0 326.017416256633
319.19 321.9264382766552
311.8 327.0681588790611
304.96 311.36144129601325
322.86 329.40808915506386
311.52 323.22056678409047
317.74 317.43964323505077
307.01 309.18559695628954
319.5 325.5607811602221
317.88 319.3519296367196
295.24 308.22792979876687
292.93 293.46385284470307
280.57 264.59036586581846
285.13 295.6803930768984
320.16 318.8333908022584
276.4 282.2514500035397
293.77 303.5876208177842
251.15 249.55857438776422
322.3 331.49046566329855
320.93 314.1343753527151
317.16 316.9606195343524
274.95 275.16518599698145
280.9 294.4975763190039
166.47 157.1577490779598
213.36 206.73784695291576
182.69 183.3816206108509
223.76 229.80657587678718
206.4 214.32540331095737
206.96 218.8737017908304
228.73 227.05839502355894
284.75 309.5710518076217
271.02 273.1166074971731
276.12 280.8509802742946
267.21 287.8753373326823
281.29 283.88211065012007
287.41 290.6471541765628
238.4 253.4210201034786
262.52 255.81114793929115
262.33 257.0488764073578
289.76 303.1380117185905
251.98 256.84202062136865
271.33 271.18452800625823
299.39 304.2824991910924
257.04 264.68482087892124
255.27 250.54789333014816
264.31 269.44922950883984
251.18 254.59707221886313
242.56 255.56222816188574
275.06 277.4381158764201
261.55 267.8367972660342
230.62 231.9441573198195
220.37 210.33780356902543
206.23 216.04755775101924
287.82 295.3895589691638
227.9 227.5713816653119
217.73 218.869177385563
317.07 325.4243505956305
290.04 301.7819728602103
293.76 304.71914784941544
276.28 271.55914393472756
294.63 287.97410720416326
304.81 304.426792899872
271.91 266.77944788852653
218.48 212.83866157850343
266.88 266.21112171364837
264.69 271.0855181941288
290.04 275.2076868258516
272.05 278.1314674237354
270.54 272.4639258655688
211.77 218.6190548241856
274.75 280.64382728987346
293.68 285.66431859817754
262.6 263.65912498524557
302.13 298.1871715976487
286.92 297.1111925320145
258.23 259.84369169502315
190.22 192.6183711581757
268.2 263.4051813860294
238.11 246.0252972855219
319.35 321.3020365968893
211.53 208.33333028948155
301.16 298.35760204016884
256.48 262.3199789619835
227.84 244.67813540860644
250.25 244.88321003587268
232.1 230.76218270296994
171.36 171.1570962300322
233.73 237.84151267258582
306.42 304.69889947652007
310.97 316.46079910871873
323.6 320.388081969425
269.77 274.07311110866704
343.24 353.5502108404349
370.54 365.4654832686065
329.22 327.9219346106297
369.18 355.88910973610734
382.35 376.78893727650376
340.45 353.40251831703847
346.21 342.75981373027895
348.15 327.07217853045995
385.37 389.7170694938963
385.75 388.12027289300306
385.83 370.2583309391567
360.41 355.4150415708267
338.3 347.0873128456311
401.61 409.3935967445774
344.01 346.81879193761984
378.8 376.8576109872078
286.84 292.3920310096503
374.31 379.3129854032564
392.92 387.84750825812387
357.83 350.5848394200258
349.26 363.6208361786217
329.11 333.99477186906233
369.25 370.78798400372307
336.24 335.41439751598176
339.6 333.68039965474344
338.08 333.63578274683493
370.66 362.38086240137284
353.15 368.15523686169985
373.9 380.0710304980349
384.02 379.1087082331573
336.79 343.8334372256402
315.55 316.0363061571232
369.44 371.1347763701163
330.71 330.93453958379564
377.69 367.4622954172862
339.54 338.56006273107766
374.24 368.46865964313537
366.81 359.67025660092327
458.14 445.6951925432577
353.29 360.79369022497303
410.18 405.95653581030757
390.78 386.0997912949374
428.08 435.5657087230357
327.83 329.0718002262387
322.01 327.8397583617736
338.14 335.3145061170504
423.39 433.7069368363787
375.35 371.96497015235195
400.24 403.476361547599
288.75 303.8531609021746
336.67 337.7193714928617
289.62 294.3310787275077
340.35 354.28676535968316
361.79 363.93226137776196
363.41 368.01825772413275
356.03 358.68495352237966
331.57 347.11327199864314
318.13 330.4821851488545
389.3 399.4880723818556
354.48 366.1427420478103
347.64 348.1940997279876
371.8 381.07481126396766
381.16 383.41727698307517
325.51 320.06015261386585
337.03 336.392603677348
343.75 335.53596298241916
397.56 408.76016322252633
313.97 316.9366071919949
408.43 413.6477850032097
357.17 346.5924446241401
290.76 288.8985389405749
366.37 373.17074163509085
354.86 350.02186126411743
324.27 326.82062087289046
324.21 327.36138249624764
285.45 301.1986348425546
346.18 355.34802861078464
359.64 361.17927286005533
322.12 324.3145471510964
412.78 408.5558719165269
416.77 417.77950995562713
361.83 378.90690469406684
349.18 357.4568019942579
330.07 338.4281680964927
392.42 388.97122003093483
339.71 348.07703897250593
315.12 318.496535607784
318.29 329.7642379866176
348.26 359.73768904474
359.82 353.4068339947932
329.58 328.8943519623484
364.96 359.9044730087412
370.5 383.1348230471818
368.6 369.20316897741884
365.1 367.2325612318579
336.54 344.32757644497906
332.12 335.78776345879436
358.47 358.9488271180495
416.22 411.1443481419482
402.51 389.747919737023
371.56 371.6837284568312
398.17 400.09797275284484
455.28 451.52138658314215
299.98 301.42043836125976
293.18 300.9224546096988
333.68 333.0463281666175
340.28 334.7703033774991
172.47 177.7031796840949
267.46 263.185922313884
241.35 231.65164828270957
274.11 283.37905836820124
263.14 264.76410322382765
234.68 237.49486910612498
126.26 127.97393060628058
219.65 227.218229202524
193.49 194.41997676121636
162.58 162.10223678164445
266.64 262.1018995446412
297.09 300.16756612464286
225.31 223.03582411344325
266.1 266.59935000717167
254.86 257.54892239152457
341.23 353.3593013888625
303.38 305.54387906867885
297.63 301.58155056007547
299.27 310.84060195307416
276.84 273.73925154469254
249.3 249.11499082249154
252.42 251.0538737833218
341.1 339.13769667566646
298.28 313.155854297366
299.37 303.6582226036497
293.11 296.4103836806427
282.59 289.9379057708918
203.57 202.49016329045347
294.56 293.8849768453729
262.71 258.3069639180055
219.86 223.10302435658616
232.15 226.6175241384123
213.87 214.39762688503657
307.67 307.642222057224
300.26 297.20800738718367
319.59 326.27508699027936
237.67 233.65188117005167
236.21 238.4912004691945
268.37 258.7282420535851
306.56 299.0350904105806
293.05 296.16782773453866
332.73 332.15188755465266
341.82 342.12878993110485
325.69 322.90150367515275
306.69 297.79158027509004
352.83 354.34054671066565
346.45 335.8378880127107
343.77 328.33913671407805
306.12 288.5008275463114
329.91 335.24157604726935
344.63 340.8257555783683
325.06 328.76634299813406
349.77 349.31672514630014
291.99 295.0655497462873
308.71 310.76296799932175
246.98 251.00673426758067
308.84 310.0360835432909
320.28 316.6782045488961
242.7 250.93169351206814
361.76 356.0792415859998
318.03 310.46196237569745
361.51 369.27360418491486
314.09 308.32521299355943
267.87 267.53608784424733
288.63 288.4682850989733
243.7 237.46196413135777
262.64 255.85024792955141
243.88 243.2954394534757
286.2 273.5099615817203
296.01 290.449319380521
348.89 339.91270917165707
318.77 315.0947932626559
301.03 293.4673060303793
316.57 324.8049555065359
321.73 325.81034450933316
346.22 352.3856641513816
388.53 386.91051061220526
258.95 251.8063238720265
357.56 360.62711177914485
322.11 310.47284984549225
318.98 321.2670765012134
267.74 280.40608064006324
261.25 267.90082999003937
230.87 232.28721443891428
249.31 248.15505926878447
234.08 232.8586854650539
272.7 269.41309782588826
271.87 264.2911071497266
269.25 274.23677124442855
290.99 294.63432467922996
290.63 298.9893354091028
212.85 210.1227547746939
293.58 292.7491130981982
290.19 295.39954673953133
301.61 300.15714286770634
290.72 296.2795245168892
345.01 345.22191081340304
336.34 328.6929689816533
328.4 331.8791030629451
282.78 273.3967224574957
257.38 259.2283452403731
319.69 310.187842372965
311.44 309.8786930929598
326.66 313.6287277132707
261.42 267.2168572357
232.28 234.21314139409697
268.18 276.81390077598627
271.98 279.7331929588794
253.98 252.09634615162557
302.02 296.85140389904916
262.67 266.59892093657623
332.85 330.335229708919
349.5 348.19291016395124
311.49 318.15117389678346
322.38 319.72300805036065
310.06 308.1699442773532
267.32 273.21193906358025
266.01 267.6980258441536
347.89 355.62519179203156
239.84 249.01969627001984
301.36 292.55052480807797
313.84 312.3217596686534
349.01 352.7251443537331
325.47 310.8927472850049
314.46 314.65988606931654
311.29 313.8094712162355
283.69 275.6425816123561
330.95 329.20019598095064
285.04 285.8403567956314
259.32 267.7853899277245
328.47 341.0501048081471
318.7 326.77511403817243
291.21 296.4385396351511
341.1 354.9590304337563
172.6 176.14364996596902
237.18 244.88538647098278
195.26 198.62846322192976
200.99 196.85661128725903
270.91 277.1364912753506
232.89 238.93091548494485
180.58 187.27888665551697
249.96 258.55888050645234
277.05 280.4251303200387
277.66 275.07834464243405
258.42 256.31288667703313
297.89 309.9059421567094
348.24 350.67714986107956
319.97 325.0085525631562
306.35 303.88536321852814
269.88 273.81239467130644
333.64 335.1006366013694
310.88 312.26173163261694
291.58 293.9693694199747
236.05 239.8733317640399
291.83 285.2227427868231
319.66 318.55558492296115
317.07 312.9177710546217
231.1 232.99222944900623
250.6 257.193213376687
303.33 317.64175685595
285.89 283.9679603585699
321.09 310.02844031939287
340.83 350.9433301734379
305.18 298.76479029874884
233.55 234.08007456920606
274.86 276.6443539811019
322.68 317.05735510512716
219.1 224.34857363947717
266.84 253.46375394246226
240.0 251.2256280740382
223.8 242.31136604354234
352.02 344.0011676773563
337.28 332.95078101583874
247.33 250.55916404570374
267.36 273.1574362875406
355.22 355.8833705594049
313.95 309.3100431409167
288.19 290.36950877599264
314.05 310.3058894821785
324.19 331.30536488250664
254.91 248.94437542803735
220.69 218.66813425562466
263.13 281.6702114969644
287.29 288.0678147833857
234.65 253.07924181923394
654.63 279.8558028042174
252.88 269.56774710553583
292.48 297.6472917005328
297.1 290.5552341596644
292.66 285.22923154496357
292.5 289.6341857016723
299.97 300.08624513849304
189.91 186.1603279910308
196.67 201.07415945250756
182.63 184.6591558186312
197.04 204.25594979108755
212.47 221.58437824401028
234.63 241.5136003162856
293.12 282.6994566118722
213.64 220.39218950843542
291.91 296.80972223329087
209.48 214.49497122966454
264.5 274.5506020626021
255.76 281.42476858578544
279.97 271.51234768607355
228.17 231.60983806064638
282.89 287.3104133178284
259.34 262.34527860609217
237.48 239.77979153902942
258.83 266.70486584673955
257.03 247.66933775536498
287.3 289.8851099188046
240.56 257.0322486987441
250.01 260.87913911608274
302.28 304.23607654629205
173.94 187.41412551986897
219.31 225.19244724398337
256.73 257.6599225808677
285.38 286.8497825956549
208.16 214.73649495732587
204.52 189.9424048374235
206.21 200.38293663218477
206.95 222.70385054430545
219.52 249.6423325097165
201.75 215.01801478992064
153.69 162.34415745991487
244.62 250.8112644327443
161.42 153.79745986589023
167.69 169.91602478393082
163.33 180.69738511118692
348.28 366.47567998400837
160.45 180.60340171677134
256.89 261.1609583310828
253.82 258.5808653067826
235.07 237.88394700504352
276.87 275.6143941022006
297.22 278.3908548146294
202.56 208.22310825692412
232.35 245.4566239770011
324.16 335.19413483925274
388.95 383.64386700244756
255.25 264.7247862045011
324.55 324.14687819641654
324.06 328.31388585896633
307.66 298.2020627673995
304.57 319.12620054049324
324.61 332.3832616465477
369.37 366.46924650627136
280.88 277.605093119496
280.65 276.5826157958328
315.65 323.72956688486505
308.3 319.79718555236735
324.74 320.7112283955886
269.0 277.2464548329184
287.48 299.0714669587298
343.46 336.81918106108196
329.56 343.3724569937617
230.13 238.19348298971346
330.36 331.6483629103844
324.75 326.2985451640199
375.73 365.48452728696134
330.66 326.74342406280186
252.21 254.2390123433238
338.02 331.3194805150553
331.71 338.2165301164844
346.25 364.884871334148
201.41 212.96594460700786
268.2 279.3430816385013
256.0 276.702132526437
197.75 232.08543168240288
273.14 285.91177914502777
200.54 202.89450585859672
216.97 211.74417946431637
341.81 367.07271605753823
285.82 292.9572732569914
303.42 300.78366641535905
247.84 259.8357554192411
289.01 280.93365509307597
254.76 253.3005759018605
193.45 198.7508412551345
209.48 211.40698765867654
218.7 239.4258502934229
231.98 226.2478334527869
243.3 237.36573581064985
227.11 237.72324991117037
268.24 270.8147645683854
257.32 255.10998704497544
293.19 284.3285558949297
271.32 278.9927678196802
292.53 291.15542321080136
240.1 240.55955137550959
308.54 320.1664547719422
223.84 225.59432398464907
272.16 266.8354270920295
261.58 266.50175654433593
241.5 243.98546009308808
298.87 292.65852481110943
300.69 306.7866323763089
264.9 261.21217405446936
252.98 257.5574329159342
422.57 415.8814841430009
355.04 340.8433551551834
312.33 318.3063054318469
324.85 336.80675595639923
276.47 308.6944278798284
420.19 408.79276847202414
278.92 283.7926170421307
307.24 326.0744953903403
306.06 333.96323658939883
244.4 247.48671383486797
272.62 273.3427882625068
392.45 421.5464034588854
365.74 367.9539851366667
397.1 415.08401084863124
412.32 421.8571197246762
406.72 411.80160585369987
352.27 362.77719312834466
368.27 380.5660719754011
436.31 443.85642149912786
356.94 367.57434692584445
402.89 401.87135892983747
329.84 360.1579285494582
362.23 378.17005205044916
283.85 289.95586849385194
367.97 375.13122867425744
308.78 311.79022292197993
386.01 385.65338737336236
385.21 387.50805246036975
323.63 336.53783595340656
348.81 371.5509395404038
337.47 340.481477102043
307.19 310.17266034719967
362.88 371.68296146521755
383.19 378.9774391837197
374.05 394.42869812563924
352.85 359.4045995001431
344.4 366.017233781303
306.79 311.8411279410117
255.96 279.22637666341734
212.15 226.93258833422422
255.75 276.0084891167417
303.22 321.6538803862978
221.14 234.22325836545522
265.3 274.88833678299494
395.36 416.8121535300941
290.15 292.2860318211503
400.65 415.84373839373995
350.12 356.3120828412831
314.73 332.27866981740857
234.84 249.0213863190831
398.72 395.5849650899349
288.32 285.82863065004346
261.77 266.83427096867683
290.77 299.4784673499263
273.9 273.1280665619257
219.24 223.37700742946672
205.56 216.56008016574583
324.29 325.6004778191282
319.93 327.226927379967
295.52 306.99630678800503
266.7 281.2967711375499
336.1 345.91049707220265
266.82 259.3353233843238
313.91 334.9340381731594
284.38 301.92214090060617
279.18 290.61133380224237
326.25 330.55763473421854
243.95 256.8340068126615
253.7 258.8030213477407
196.15 196.41081096965962
172.97 179.96842458291812
316.64 325.6147205318194
264.01 280.20006736189504
249.92 241.266067860526
280.96 290.6927606005512
297.79 295.9004434682899
269.75 287.87587850331533
213.06 230.21892336249982
190.92 196.71283608700304
296.96 313.6080606661965
287.9 298.9501885631391
251.31 263.59779372796294
198.9 201.04872113684954
247.04 242.3092806857253
253.68 261.14854161168785
247.3 260.770911347934
248.51 243.2731884989331
233.01 238.0904344217336
198.0 195.6250222667061
216.83 225.90201333441718
301.67 301.54242795746444
285.0 290.54044656396854
262.11 253.85366233205568
309.0 309.9301457573801
432.99 436.04017942808196
364.84 373.52838124169557
398.17 384.785104329771
379.27 379.25644804863873
305.63 306.185552235723
385.48 382.0836212248305
367.15 347.92660778951705
430.78 430.7426865158423
379.74 391.69844985243435
356.72 361.5365908583731
482.19 502.6846262698227
371.19 375.4008337135536
302.43 314.06664109681344
278.75 277.805188798585
352.06 359.8418518107385
414.13 404.1263213636442
297.68 298.32992442734644
319.81 330.2902739978078
405.26 403.1860483319718
355.44 367.3864767016095
405.37 399.4777502939366
310.41 314.0343191484636
373.2 363.6474096233566
353.32 349.8295675425972
423.15 426.1479647908192
327.89 336.10643184269503
344.53 356.95602164914754
363.59 363.8310766087466
350.55 358.473552365256
323.73 324.1713349082603
313.29 320.62479409979454
344.35 340.2265615011847
203.67 213.01577779654966
248.38 255.47201519424644
255.39 251.2884041866808
251.88 249.94144305394525
338.6 344.71255001320225
288.93 291.9098701818166
252.87 260.5907507157182
370.5 382.1717739263096
285.86 282.3747551836124
326.74 314.746308369922
344.41 352.09418450767964
321.83 325.1491844705582
294.47 306.1280750692053
235.67 248.56295455825463
305.73 301.94804787307527
280.38 284.7632070903412
293.09 291.86742877951565
367.65 369.2870485833011
341.56 354.32182556709523
367.37 364.1954347952859
245.99 252.64105040110786
255.4 255.7660740895587
365.16 362.25401940324673
357.91 376.4124289015515
389.68 388.43458332559374
330.74 327.1177985783997
313.25 319.45137778673916
302.71 292.73347549642557
324.54 329.9561484136481
316.1 328.20580902268375
326.9 340.26041872572296
312.36 325.8931588237734
320.67 318.71642598207677
398.87 398.1406900176815
293.91 281.09574833827133
328.03 323.188556784658
304.39 309.82694325386285
358.87 367.09443091535695
400.08 406.2911308466915
377.17 386.4519270904725
380.52 383.16393694017694
345.78 340.6830992402763
326.44 332.0406535206211
399.37 406.2814983957499
267.38 275.4013626201271
330.17 324.6872599133003
341.55 335.3865657603437
330.17 329.5980173553671
433.01 414.29737169577203
271.4 269.6817950567869
347.54 341.36233190064337
368.48 372.54706667518167
343.42 344.6781839133811
321.96 330.99365943764104
476.62 465.3191773001617
415.3 412.46080715942446
334.34 336.6778730848632
352.21 353.8658829422645
248.09 242.1455815269142
418.42 421.8049380790738
365.53 356.59254675839566
320.44 325.0258680493476
287.56 287.5058799466153
292.21 283.6259001571014
318.93 322.17324425437437
356.77 354.19553856011754
264.91 257.92819243395473
428.65 422.74437593903923
412.26 407.5107135351599
335.42 337.7769228698459
277.23 277.4353068265825
288.65 300.9763567457812
371.16 354.60396924207487
357.33 367.46933089891206
278.86 280.2655382387355
313.11 321.0456413050442
399.58 408.9501773795282
292.87 295.9020115884338
352.33 336.0928204990876
327.09 315.8511509470959
310.08 302.15268495729464
346.61 345.58324858961106
356.81 359.48574715057003
319.27 318.5652032602674
292.55 292.1370697341214
358.12 357.7409992444258
277.22 279.3417630716368
355.19 348.2793564580955
334.24 328.60472867245204
362.63 352.2218554618908
317.44 321.92120808132125
324.22 327.7156722734142
348.51 368.4955805529407
397.88 394.2826582494002
401.5 406.28986839285875
258.63 254.4932405445552
425.08 419.80894282243685
304.66 296.5884061318271
437.35 414.9834282209236
365.84 356.16048447651156
278.6 281.6575100548276
320.35 317.496831865871
352.92 352.8237139570207
335.25 348.1887057860028
389.96 382.0983210150027
379.3 384.483720919565
347.96 345.18210833471676
279.85 276.13193202082755
286.66 290.2838934491972
280.63 290.1635642839826
282.44 278.83301164679244
357.27 355.5117006860553
372.83 369.05800921507887
433.95 427.27420176944725
397.34 398.00309973702645
409.26 417.46102786012017
351.99 348.2829839610082
339.85 348.6620919310799
362.17 371.4666038620076
340.61 356.3719093022855
333.12 339.7340602187089
377.36 377.73962146678053
349.99 343.81087012952116
354.05 355.0583632315132
293.81 303.98021293129574
343.14 340.63894038080383
411.96 411.26488610618316
378.95 382.6562071961893
400.98 394.88713903754336
369.83 363.68914894794926
282.01 295.3262488960477
303.92 302.54574718744493
532.31 516.5321552528387
418.21 419.54327344872974
352.61 352.20020866040386
340.48 329.34745492104975
316.37 310.2121302422479
352.37 354.3961526973554
292.3 301.21677900959725
377.54 384.03171847083456
265.08 274.0074945510412
443.56 426.42299025030434
495.24 480.85728138978544
405.98 407.37627107425664
378.66 383.6808809093037
318.97 313.20984712508704
357.09 351.4931421023372
306.49 306.86590708852714
335.76 338.6003361889434
298.95 294.99664149039404
259.83 262.748105366361
355.92 361.4770315118757
377.5 385.283812433642
386.25 384.66861437895557
326.64 332.7452239971231
359.69 354.52812817717603
476.91 460.34824265111075
324.31 320.2408404396132
399.57 408.2484320402037
387.06 387.7696544853505
311.02 319.38011059558033
278.06 287.14417114534723
376.31 377.7075841018765
379.54 394.10791735993195
317.07 313.8613325303478
318.6 316.73185119622593
249.49 256.4640430151833
245.58 244.864493344601
355.39 363.32633538039227
351.63 363.14817323452303
337.8 332.0560775504164
270.53 278.3990033361855
281.3 287.3431307237375
303.25 319.78124750796303
304.96 320.50797276906854
357.39 365.0312185466559
323.26 332.4022424291021
381.04 384.3005230224429
330.05 333.53131024548765
363.48 367.3806691345259
355.26 366.087499593914
276.72 285.1117371324251
345.43 351.1310199825473
341.87 342.60660620948875
332.52 333.20555468777076
406.89 411.8809635738292
398.13 395.8445399456136
311.45 324.91540216221597
329.64 336.6234026816639
272.24 280.8053128883496
277.26 278.26482653064517
300.04 309.8788054605525
263.16 278.90986590198327
251.58 272.04998211913954
275.11 295.5381506955514
297.71 299.0168947118104
387.02 395.7571812289613
342.69 349.7736722674504
302.85 308.747818663744
281.0 289.5202778539373
373.05 372.35661001259
324.83 333.2015319467899
305.42 305.919871283943
341.73 351.93768867780346
321.08 335.8625006892756
335.14 333.30203572178164
260.84 253.10611323950775
308.38 314.3089091255576
344.69 343.84869785548983
324.68 330.96124247819483
282.68 284.33217759136255
302.31 313.2736285042533
372.63 358.5261877058034
299.99 315.5219836323373
242.16 239.82240045153497
336.04 347.48311517001565
355.79 361.49091611984096
289.99 318.7625011066027
334.11 316.26553542018263
372.38 385.7250265717638
357.02 348.31696251434136
330.55 351.236972056429
342.57 336.79020795046273
326.03 326.02964651448514
269.61 277.70600567028333
378.09 393.5782481194616
401.34 406.2840152032927
369.57 371.6215417731023
353.79 362.24812442961394
324.12 328.1082185209121
224.4 221.44362376602854
218.09 224.19687049256868
302.24 302.67972602972213
280.57 289.00046748785127
298.17 298.1300448110277
219.03 229.91982917787556
234.1 250.99990242372533
239.04 239.30968417278402
263.72 266.9347028239227
370.71 376.9576970353208
356.96 358.05577254416306
342.94 341.0116411964123
355.07 369.46289934457303
394.15 391.6917635660906
295.79 292.53943275727255
427.17 424.8736799939754
354.89 350.1232445658392
241.46 238.10089533882385
390.8 393.0473057907305
426.96 419.4471099791806
314.02 322.8008429407888
361.58 359.3181220694067
298.58 303.6323282360696
261.77 262.60258536879036
281.97 288.38628562363544
293.15 296.5096104270755
344.68 338.1587924841525
357.04 361.6136859108336
411.12 414.97425477537394
366.11 366.5083015761923
355.42 346.2732322024512
338.75 350.9215688381894
360.21 363.07228445631904
348.94 351.68911578500735
329.29 330.4921760793027
397.76 415.8911760161623
285.88 280.203226717911
260.05 271.16713094227384
358.0 361.63111811273615
343.31 342.79562692142406
417.08 422.3631650764892
373.14 375.708673389225
430.95 445.9386012073457
430.7 429.8081569718132
277.45 275.9594055453862
451.08 452.9051675543976
385.86 385.78276319760147
351.94 349.2400901277751
341.44 331.0046254447197
274.82 284.7985834795302
289.04 285.59842808357234
309.31 318.66672064550335
370.13 374.1368253829883
272.63 266.3374553946024
289.46 305.4577974097637
381.61 378.6695893060147
373.97 378.7839110936059
416.14 414.81024062205694
389.08 388.44894759548595
395.73 393.3351516997353
381.34 378.2443494964535
349.73 353.150447288539
324.3 330.3901737254725
262.25 262.9576564468776
365.93 371.82154771061187
394.74 396.5904567666753
390.51 402.7379450469953
277.74 278.3817678017381
387.75 390.2190667991185
344.07 352.323376564875
261.44 262.30870569503827
328.65 334.34637769130813
329.54 334.5954734574391
309.16 307.2932141779751
355.22 360.2828829094478
313.88 316.84166200355986
296.92 294.22208266885065
323.65 326.9942203966641
426.82 420.5020553349498
324.55 341.60053369748886
343.43 345.7019800635553
407.83 406.6035438647397
411.72 414.32261926491935
354.69 362.90184573768033
342.75 336.79881669732555
388.04 390.2652247214664
288.72 283.5507572436589
301.55 305.9391329463799
295.33 306.42233075499803
356.2 353.2640253566435
402.57 418.50102199128185
395.18 389.21119251122013
360.38 351.72274986304296
334.57 342.9161022560868
326.91 339.8002991688779
362.43 370.2766943576461
295.33 301.5231780221474
276.58 276.9369787109081
286.91 293.6519954278218
328.45 329.70840888058143
343.38 345.26693065478685
383.93 385.42819904103874
402.49 408.0254531685079
350.39 368.87049526176656
338.83 346.9532739430976
379.43 387.7848531442782
305.56 312.17201903121264
424.95 416.98621235133265
320.72 327.57890199290216
326.19 348.2534219275309
323.13 322.51666566490775
272.88 281.65618341795044
311.37 324.29954799071317
394.69 401.72839757271163
247.81 245.78213818816013
374.38 377.2847023489044
304.23 302.3212423194574
305.8 308.04775956374715
332.12 334.0975681024694
318.03 325.5081445855504
285.23 280.7692929847323
402.41 415.8570595075477
369.03 368.04500153515914
377.85 387.8319096951495
372.1 359.45877360358753
382.23 394.5255384926045
291.82 288.71402666876884
445.17 445.09440558928077
393.45 387.496667252802
338.02 342.45506924656416
293.26 291.20079505885263
334.77 338.01752110105105
408.31 407.64060970722716
366.52 364.25096148490235
375.58 392.2864806331285
370.71 371.9867890061252
387.09 410.2247548998831
348.58 361.26082812398874
298.57 297.6781853041459
341.47 334.02196265670494
322.75 315.9125858373913
416.13 412.91035142888796
362.74 369.7311178675191
401.56 411.85247411765454
355.33 355.94275392964545
312.81 312.88143530586666
361.71 370.32589772589483
328.22 329.38956200209424
314.71 314.86322787816573
308.15 310.42801105165154
294.92 292.303433542163
351.27 339.8643568838106
421.9 424.3637132306657
408.7 409.55294457297816
391.97 397.80900096346625
400.76 409.7927173975036
347.52 345.0319970446882
271.28 262.0216409705633
301.35 312.3897698060793
335.42 323.8628367747201
338.12 333.82420152353063
283.71 290.0306529411512
333.26 333.0780404921254
382.28 388.57702863638764
375.19 387.566182416845
396.96 368.72494466148595
394.8 415.3345751818556
360.52 371.1677486131525
357.75 357.1944818635325
371.28 385.6722067016567
388.07 399.19978730265603
387.87 395.8408321237319
382.1 387.4666699223978
383.72 383.60526167528934
346.64 361.1025132649015
362.1 373.38372994631686
349.38 361.02235406946164
379.49 376.80611375283775
261.44 258.3851884116997
275.12 279.0016579437813
336.1 333.20420578989376
287.64 282.18275079850343
279.87 280.4667725898746
317.81 317.05784279133326
362.37 361.71401187417996
391.37 394.95599713523006
317.21 302.6505559623483
270.55 281.4278888879476
298.74 307.38397152325007
295.49 298.4734427916353
305.08 309.17204715960975
311.85 301.68237909550413
460.44 495.4524822831221
296.88 318.31423516507704
290.2 296.63264424207625
314.66 320.8810530764366
342.79 347.93860779973477
322.62 327.71654603062177
250.47 244.15637673307702
255.56 266.94545670031823
315.6 328.4377703234769
347.21 351.34444601703234
325.91 324.4822748208092
312.37 316.43054558342925
335.2 323.86465853878485
372.82 383.31487065130324
315.18 317.7186211544236
311.16 318.27433100848157
392.46 400.859107536488
272.9 260.29309543270557
295.22 302.7473841977213
345.91 357.173642562413
277.26 274.79279827921
272.78 273.3501021576811
276.2 278.8280852710087
300.81 311.4523486028412
279.77 288.7293712917634
407.54 408.5816833176536
363.6 385.03964104708507
347.94 361.2387434345324
349.42 355.64660317411756
328.72 341.53299316180465
369.87 380.3463430113071
286.94 285.1483754289531
292.24 296.24316075650944
308.69 321.39683597929013
353.14 355.8972917916738
382.87 399.49657926321197
316.96 332.8067568399925
363.16 373.1770514641965
345.17 365.7667175909552
349.29 362.68426792032915
437.46 448.51437382421796
249.93 256.63903175198607
260.79 263.8963207675398
189.6 190.93024907581773
242.74 244.90130797078004
433.38 441.9709355236163
296.39 311.6761582528998
284.5 280.22463403619474
301.54 310.79627010933706
274.52 272.7791871269321
283.34 302.4969965067129
242.82 247.2890858684611
274.47 289.61720042339914
263.34 276.14218142820005
268.25 278.62870814026877
371.42 378.69453436673996
324.56 316.49074475630215
246.78 258.35863140772364
310.77 313.53986643607664
298.61 306.49697305430726
363.6 366.8293438255986
323.41 337.0919847994484
361.89 370.39048229358866
327.12 342.1271846934029
341.67 347.9216409081386
336.28 337.7976736533228
352.09 363.0952849086956
340.67 349.4292739740813
380.86 386.09637259074884
264.31 269.70094208822013
368.06 373.6440196123178
362.48 362.3232785802179
371.0 384.0282462511771
344.7 344.87188619455895
351.02 363.96830399220187
246.77 248.64824530594188
284.04 305.81718261324374
260.36 281.7472674210668
313.99 318.47715560690546
305.27 297.3719622999448
244.9 257.5952743119448
292.16 301.52919553731886
350.01 351.27738171778105
367.96 366.06457662329103
310.85 336.8658907347807
360.34 360.7458832763941
340.16 339.92502798021917
258.95 261.9942516010944
293.79 308.22550749449584
302.38 307.28302678898496
266.74 260.506010839219
246.64 261.1000158176752
380.2 382.9659664431647
379.72 394.9608463419579
310.82 321.6376277342639
311.85 319.4574110059929
248.63 262.6170570055435
261.97 284.99435555514765
269.07 286.5617333433209
251.0 268.48760421047837
334.35 326.52210989177104
294.93 302.38868500120367
377.24 393.5417616118978
369.47 378.9253230436568
370.03 374.846924140568
390.54 400.8376336378547
301.37 311.9270683607245
362.54 370.5891341203792
397.43 395.7959005358957
257.37 271.39314661658125
274.86 287.16561310654384
286.33 296.85756157271175
352.1 360.6450884905053
332.15 328.00302594226423
377.17 386.78779098341295
367.92 375.4358548057621
355.43 365.4027765186588
299.13 306.2669512642173
368.09 378.20319915230334
343.02 352.9051300462947
295.71 306.8573466399541
308.58 317.97393685682016
316.76 314.929235128227
389.53 402.75230392766144
337.54 336.0391339208564
432.55 422.3246918822757
432.84 437.65148842590315
378.7 382.3383343627688
381.55 378.7890574130968
376.96 378.7888684660005
340.32 345.5761390015582
326.84 325.0440185572905
392.37 392.57270899634983
360.95 351.6563698983602
376.38 370.00510358555925
337.95 340.08167944486746
341.04 329.5366187529069
310.0 315.9526324860765
410.31 410.5172686977715
360.87 368.67583181207755
370.52 384.0748918986409
374.96 380.01616181365694
381.05 373.1825760292121
316.35 319.2888723576442
383.24 382.2769688808715
380.16 380.038319985011
343.38 335.40654516558163
390.2 384.27889533405664
404.74 407.53603308408816
398.17 393.19002546293433
356.5 364.6842987571225
471.99 486.46460005552103
413.61 410.81515768360765
356.54 354.66240209840925
313.04 317.33570779322207
373.27 364.8652232365814
339.88 343.610058254495
305.99 303.23256840210774
455.79 471.35342406669974
399.46 403.909814964813
384.6 379.08747389474496
345.37 350.3103818754527
343.36 330.88657776194697
415.51 417.6235520890469
423.99 420.9730449876808
302.8 302.9021055533372
304.89 299.42584037063295
330.35 330.93852065795335
392.64 391.86980547867023
355.96 361.0368969195857
319.26 337.14508983997257
358.33 354.1405222813454
286.0 283.8383976945213
351.4 362.122431583517
262.84 262.6478739148641
336.29 340.9938692859794
355.37 357.4899687358837
345.45 360.44324611325953
310.99 306.23574607407414
356.04 352.8128864115721
415.36 412.82836663341783
338.39 332.6265009241156
326.89 324.03412512092336
314.29 313.12331536109843
413.56 405.00865043088095
317.11 320.99057064992365
313.27 309.2626281246008
332.84 329.06414456391286
317.21 317.6751786564055
354.87 357.95770641449116
341.0 335.4358813129161
320.57 310.4656133079104
328.32 325.6086885818203
299.12 303.69664586735166
359.88 362.2399317471305
354.64 363.8983246353666
365.01 380.52944550099375
358.7 361.8915417581135
299.41 318.237163201823
288.44 280.5549097915891
334.16 304.97770815825913
253.62 248.28056411593286
400.63 381.2417476569246
345.36 351.26837978648746
358.56 321.26753983042175
282.61 275.63646416364844
290.98 274.4969689238615
335.22 309.02831474883254
404.62 382.8028988546136
373.87 349.2911227372924
345.08 317.15619385484405
322.21 311.89478572840267
393.06 391.57645546388795
386.94 370.19320083550997
351.75 345.694554452375
325.51 326.0804754334522
342.06 335.23367577812155
396.8 372.6667239059981
405.68 391.89832585895635
434.53 406.7679740318913
375.04 338.68567308757827
427.66 411.42711534625005
412.93 401.0948430294231
390.88 390.2597738652459
356.4 350.4824117194876
392.43 383.719489371834
429.99 421.9127765246574
434.27 424.5000770154907
404.73 391.5383155515947
315.64 298.51708412989643
318.69 313.59959596828173
342.64 325.57537209074366
410.19 400.88402255115574
331.33 312.77571707804856
385.25 374.380859970579
364.73 364.60854519938755
408.46 395.5641897632511
324.64 299.650630980401
316.34 309.6315691363038
312.81 293.35661662228364
344.62 326.21186647619874
354.2 343.60918550083875
324.73 306.69386992655376
396.93 366.2958684545717
363.4 363.87320917976086
352.25 335.99121437811783
337.28 312.7270363089079
376.47 368.0068783883636
362.7 349.6497451331799
431.69 422.6827009003287
415.87 416.13389268600025
420.31 408.02056180091574
410.98 391.6937241233796
396.1 392.7468306219123
437.8 415.95950422645603
364.18 350.91110022969013
345.74 339.6245651254209
397.07 386.117017275189
347.04 330.5614074997843
330.52 311.3762695544732
429.95 400.75080548688265
356.62 361.64517688425184
366.02 350.4861222950109
426.66 430.4774012829176
268.13 261.4431151710092
251.59 244.34359588141834
327.03 311.5216069889324
281.29 273.6363875037937
332.64 339.68969411823946
328.47 316.43778756667007
323.95 303.75098717405876
337.46 322.44474516522854
268.17 260.9005871726293
337.5 328.38514817511214
353.4 350.7551672163521
290.39 269.8890431451285
327.37 317.01663288884515
299.28 304.0532705344086
250.57 259.7817856316282
283.98 273.17782917719546
197.84 203.4302913743044
226.34 198.73991940922758
252.81 262.37581108424257
292.7 297.6729314469943
217.41 195.30746150829046
248.36 251.6897864651279
272.96 265.3665008370686
255.14 236.64204890538912
215.14 204.87454521331728
280.58 259.4984029103029
210.57 213.63683966078779
242.22 245.12431501152378
210.05 205.04210810996423
234.66 231.17772586849145
227.55 235.88727534688232
185.62 172.7597439780379
182.77 163.81313899567613
299.41 303.98342551985075
291.94 284.6965111701766
287.45 270.5409759104969
242.91 244.18610803260864
358.59 338.9464274030266
355.39 335.30998167152427
320.87 311.44955375020794
321.14 323.9377412649251
352.55 358.9849863503284
270.62 257.1244232425335
304.2 294.97066256746496
313.04 285.5822100909292
322.05 288.9875816484159
286.3 282.2693331440789
361.03 355.2815413551247
267.17 256.7056499161237
318.85 309.0403176434687
294.09 286.72577806642687
237.43 236.81084953135277
239.22 235.41224657897956
172.38 170.6260697412803
261.69 251.46773340079736
241.19 238.63549126645606
283.74 281.2449020298222
272.45 267.1702778361181
291.13 291.8024857010168
279.56 271.2591681493551
433.23 439.95365526149504
417.52 417.8363311273493
313.23 312.9578323069487
334.77 335.16032979425887
332.82 304.8956806303012
321.08 308.84782765870557
349.78 350.46948909546916
328.86 326.7875306408451
428.59 436.8318684678235
379.26 376.24972594096374
395.4 406.8070681495716
326.9 315.6142727066893
515.88 629.7335812822963
287.2 268.29103848910677
283.63 284.6039228994738
311.48 312.67776851363743
303.38 299.96557757858875
360.35 358.6500882164989
333.65 326.1149693236537
347.06 333.43587432746654
348.02 322.14199515714563
293.94 288.9753896028108
363.85 353.96498049821304
387.25 390.9500130949962
376.45 384.19997419494393
395.09 381.2498425236978
323.91 307.82903416272916
402.17 396.6326710645409
394.02 391.0334439759275
360.56 356.9212537255448
326.06 320.69823598275195
418.03 420.02398867146445
418.08 419.7335283963588
300.28 297.52318660565385
370.91 364.03509537122375
383.03 375.49791788733245
220.24 222.7903168129728
306.46 317.0977463342057
294.79 299.2265775005899
348.96 329.39558356627464
335.63 330.5451962861748
296.41 303.33947600016194
332.25 329.01120205481743
306.87 300.9155109073596
373.67 362.3920374770452
192.99 173.3576394245976
272.1 264.38136043306685
336.07 327.5165649199517
338.5 327.2923752292093
316.62 302.2293782931927
232.15 201.95987646839936
266.37 260.0712563516617
245.89 239.9708840206855
321.44 307.8257111047311
339.9 340.8123110784723
378.39 366.77454736842776
301.23 307.05503141972287
332.77 339.4880639340614
327.13 315.27189400327745
300.99 311.41535203621976
353.29 344.51890097141364
228.1 228.74733470097624
271.77 278.04348369932893
381.93 375.9123661616258
341.52 340.3022911977579
282.67 271.45993810620894
397.75 394.33202028221996
320.38 319.4320793781066
327.52 327.9327978482014
294.15 280.73944702473204
390.43 384.08313775874626
271.35 246.5724647636223
300.54 315.5182624409246
210.6 206.5390673510732
254.96 239.60503994082293
243.43 250.27393930353497
349.07 333.9975874082896
336.1 315.82477910128165
293.15 295.5465221570724
433.87 433.05293291133813
319.79 308.59059034449604
358.56 349.59794784531937
439.89 436.34111557151505
344.92 335.3014655885449
328.89 315.5347405494075
395.24 386.7835820861069
410.83 401.648833367814
461.21 452.2249981927283
405.49 407.3713011611691
362.9 349.1313092915026
371.69 361.30139427966657
355.88 331.85317554817937
364.0 354.1301046620138
437.18 436.6771953326591
399.75 391.7877307535338
392.34 395.6689634210375
325.25 304.22348184628567
336.93 321.3657174979512
296.01 284.35966741187264
376.57 366.6943507892606
431.42 411.88406594805656
340.85 345.48962254037434
342.57 341.15380073855414
398.47 386.1451269677821
325.85 320.95477734265074
352.16 355.6747621395934
419.12 400.9752228411471
383.72 380.6246469595872
393.67 384.21437018287895
355.82 355.7794527662068
308.14 305.4146142658391
307.4 295.16013122117505
280.38 277.5140071565261
261.91 257.2370320150845
353.68 361.1367394066708
334.97 335.7849535256485
372.58 370.25412643323796
303.89 313.27478687803875
401.27 397.9507836142355
369.26 371.1870796386599
337.05 343.49989971836845
325.92 313.1391504657097
313.71 294.48372969490833
246.66 220.64996791318424
222.8 222.37105819138898
305.87 297.051762637793
310.5 305.38291893788653
372.34 371.8959956193665
412.34 390.60785730634547
415.75 414.7599481954525
247.6 240.8101374129832
377.96 364.7148782847262
342.5 345.1004947499498
391.44 389.6265688047843
263.97 247.11508609540246
283.66 280.0115547609295
302.22 304.7695899650783
346.93 345.5461985522356
370.27 370.9957888147592
277.23 265.34218671396746
268.46 240.37280817866494
321.67 294.22053561535137
327.55 314.7589847448894
399.24 385.0052442061721
370.58 381.7665813053827
367.51 363.36166378464156
315.47 279.04525788497426
387.51 377.62190958308435
358.7 352.5238811258932
367.14 361.2404007819336
324.2 330.19589558409893
308.06 299.4580489273029
400.02 399.3570416138809
407.79 386.647497658879
390.46 377.6076538290497
365.87 379.26001825744885
325.37 337.1034826780616
395.72 383.98856480581463
403.74 415.4685854522209
384.29 391.5960639234535
382.72 380.6524426807568
403.06 392.72446263485
410.29 417.37357070385104
334.41 320.7027994567213
418.34 392.5873422034893
356.99 336.85043316673136
354.55 351.7013613677783
385.92 375.60179920509074
382.62 375.4483896653673
328.73 320.4371061046863
394.42 381.73909674498486
355.16 345.77891388869034
323.23 307.4491776202292
349.95 337.0286543081065
345.82 332.87484910957875
398.6 390.77643628224257
409.0 410.745778109108
376.82 373.54076100140696
391.51 376.83810418524615
362.81 361.2070252153832
307.1 303.41662927958265
361.08 334.8505884320438
359.87 346.73911677522915
383.61 379.72825667921245
385.04 390.17717524400973
337.26 332.7697582324431
346.16 344.8825482114196
371.59 389.33877166868444
368.7 359.5972968726612
323.49 316.5425043812125
378.62 362.49887059376294
372.73 367.7568934091769
347.27 339.97397779315673
366.59 379.52100237579776
398.84 391.10391038734895
363.08 361.88735643832825
370.11 378.0361193584164
363.78 369.3884622242323
361.59 355.4989683989789
392.01 398.4328234801593
413.58 417.9241359595388
396.84 395.4233027353296
397.02 388.53446234645645
341.8 343.67788111828924
398.62 380.01099806824385
348.77 326.60806480419797
287.75 282.3612367420285
288.65 284.05332686832725
409.16 404.3322363076982
340.59 345.2008101549716
353.05 340.13341366832367
333.25 314.5806543089898
303.18 298.5023577770064
361.55 363.2721491634927
388.75 389.168823533752
356.51 360.04707158896497
348.1 348.02050811189395
348.15 345.9871351349691
367.01 368.02340366285307
367.47 361.9599039160674
362.06 349.5830902933295
350.75 360.2784571492285
382.98 379.1719320571307
367.84 380.390558363696
345.53 345.074867559525
350.8 352.95250386664816
345.48 351.0463329513736
353.42 359.7607813695373
334.5 319.4495096986582
362.87 347.2336522786277
343.88 345.1047281803746
360.45 353.0918922307767
338.54 325.1383574757566
322.42 301.38664460710663
370.52 366.7600780625555
310.37 283.21406806734865
368.48 369.91365979620826
334.48 342.70318595818253
346.15 324.6618867486876
323.29 343.2603873608118
338.45 316.4525426242516
317.16 312.9990473762154
328.84 313.16367004544145
365.5 362.23274086903353
386.03 383.27787154574105
368.03 353.37600719447903
356.22 338.2197058729327
395.1 402.43619437412246
283.57 267.37862511755594
398.78 402.6588915246084
339.82 329.9334616420977
357.45 342.0373768520809
352.03 340.88017552278484
412.16 396.68679532331885
361.71 350.6125393087794
403.04 377.6899442245498
347.34 324.88038203493875
326.15 322.535065677298
327.44 306.8809880393673
337.73 336.7766687801546
430.22 441.92442234203
402.36 408.17434444513543
344.51 347.83267529082826
394.54 393.8336956887019
366.8 370.3456162106665
399.35 408.2732822334309
351.8 360.91962885935084
389.46 387.48519447056646
309.73 309.581343150382
302.02 288.0533746291134
301.84 305.5751235101904
420.92 423.6687734178772
375.61 372.1911832778683
330.68 325.5178016353291
374.38 369.5089539393956
315.81 306.2334604293607
370.4 367.1124610957424
442.41 443.61134002952934
417.41 414.70774434436817
359.45 363.93888284158135
337.49 341.5801898974139
390.17 378.3623832201591
358.34 355.87315133655204
422.94 420.1348103124508
330.0 340.86564631509253
322.75 334.05924730969605
357.64 345.7896373600412
316.71 305.3475008567043
294.65 281.52851775513653
342.57 343.4158462004954
341.6 344.31102569697975
328.26 316.6095239944162
310.44 295.76454617920785
389.49 383.48093334178486
313.6 319.55657311783585
343.65 341.19679295004136
309.89 309.30347332267604
335.85 327.4111111011941
270.44 262.0360650999168
303.63 285.2638861569811
302.4 300.17925466889795
296.53 279.2873572816619
314.09 285.99865965232414
299.99 294.3377859796546
397.19 403.58011242116686
372.86 366.82126043948995
329.59 337.6354839194317
334.34 336.2502538857495
355.21 354.2340242351912
347.92 358.74999622283053
429.73 418.10478824659737
295.73 285.08556437928763
376.25 385.58828366264436
387.3 401.9324313271577
289.3 274.4574906516996
297.82 288.2203538027446
332.73 325.01698542726257
356.64 361.9185852527451
301.12 292.7307409601921
293.29 293.1782112033243
282.09 278.6826967842762
372.99 373.2044814449675
358.63 362.52704466583737
357.48 363.2039565235343
389.87 348.70674048590314
311.55 310.185978187164
306.77 314.18847569951305
342.94 343.76541674018193
313.17 310.8735312299789
385.35 389.37348659409935
303.99 307.9179353448301
389.05 386.1732697553607
339.59 341.87967511713924
400.14 382.75438941677623
325.43 324.02971251203377
341.82 323.42756533410216
306.13 318.5729557102844
332.42 327.5878604771459
319.64 316.4012614842567
296.78 291.5832872598937
377.84 367.0565703069881
391.81 383.5721282424424
392.42 378.9328252240539
406.27 397.86906751660587
412.22 397.3027679456028
320.08 313.0998340245309
363.09 355.42952128753944
354.9 342.5627759169878
304.96 288.7251296573977
381.51 384.1072528397116
370.4 361.96750359785494
393.15 396.46124297747156
316.92 317.5959422018739
365.1 370.8520132510195
401.39 392.2652725015687
357.83 358.3455108335705
367.78 361.13360612473946
397.61 384.1401899169092
368.2 359.33046243166405
401.1 399.57614815977104
380.04 376.1818233355921
376.3 374.47895768924303
346.21 351.7371771610608
364.99 360.930970303592
368.29 361.8488201341707
325.41 312.2593379473862
281.57 268.75254555014556
341.39 339.6409225136142
407.61 421.1560599639428
383.06 392.08393321074396
392.26 395.42315530277455
320.86 314.3577591883226
392.79 399.61854434689326
311.93 301.5068915983631
297.94 295.65180098592
370.91 371.96977885972154
382.96 362.26759319128115
377.56 369.98077266816165
366.31 360.8237973101349
408.5 397.52752345265816
372.95 380.4013125688419
345.95 353.74163469948763
349.36 338.44358243897886
408.79 410.22120081510366
392.48 395.08575362076175
379.77 344.1492303223873
392.16 390.00785299309115
380.03 365.9716376164987
408.67 407.23694481786555
281.52 284.4044393534485
322.08 302.47715360144133
251.26 254.0383482788848
340.22 339.5511216132708
303.66 295.2158437903748
264.71 261.1949440361886
213.33 231.3361416443244
243.1 260.8037219142078
246.24 239.41365201524712
233.38 244.68846938516813
240.9 243.25104967694895
213.33 223.42774063175997
182.07 156.4162699946148
191.8 187.16639963277171
247.79 267.13029484247926
294.37 291.94790122563643
338.29 323.2032787493265
340.65 333.9700899165366
311.32 305.63717894576826
316.33 311.15882838167954
292.94 294.33633042315194
268.26 276.6641893766534
257.48 253.47931963992718
228.89 222.54972125770436
302.45 311.0222636238556
259.82 250.97668115755565
326.44 333.45053754053123
359.88 372.5437794368706
289.4 276.68624119854474
350.47 334.62915237206533
397.83 385.27011609862734
215.11 215.18956592972214
317.08 323.64274623166676
348.74 339.4265603945208
336.34 365.39146153850083
382.24 373.1559988275769
297.91 299.2566023137241
323.79 328.8294020099508
310.7 322.7194103339181
302.06 312.826999623473
310.52 297.3992753608577
386.36 394.1160263039432
243.48 245.43973595648393
430.47 433.1898100883072
357.7 356.31257571444223
375.06 376.7685237437255
373.81 379.8207423914658
349.79 346.50544534540876
340.69 326.9116950347425
347.84 337.20831372094136
380.02 384.86736115004646
292.94 282.0153964852128
336.5 336.7716637479091
363.72 353.6876827017834
334.14 332.0466526087038
309.41 312.4771818407953
282.68 286.1582939472612
297.79 295.7883414240142
322.59 313.72480830926247
367.15 360.65145104380264
358.99 351.9680666334127
360.37 356.83921030082973
333.26 323.7377825973693
414.53 407.5676191637574
283.18 305.0503814664035
292.26 293.9704459950899
347.44 357.4337884727208
362.89 358.1784655830605
359.92 353.87313041695194
340.21 340.92195655863617
327.41 331.4638372465641
302.41 303.9611855192909
382.36 376.7774684422743
366.33 369.1406657313226
363.16 358.41151321584516
341.24 336.99029171273537
294.83 307.0480240507089
329.58 325.4488616302288
284.69 299.5716606342494
345.09 348.68383806870435
341.98 328.68791467420806
343.11 331.46977985513263
301.55 293.4184240806522
320.47 318.4881587064604
316.62 310.0716813169191
298.66 299.21419093889415
302.59 298.6894859264624
370.73 376.76924764664096
341.88 350.71333667552113
340.41 335.03553360111124
297.07 292.1417772535664
322.84 318.8487850486016
319.43 305.38549723731796
384.92 386.24618021271897
333.51 333.22097661351864
356.14 351.74438401607216
305.82 297.41061698900404
249.18 248.7167273695692
251.49 252.83938834855965
232.4 232.93808889387506
308.69 302.4063972625831
233.7 230.54678074743245
308.35 311.8246848325173
387.35 375.9802791759544
350.93 344.26289053513955
345.96 354.254653263675
292.88 285.5489968959414
225.3 243.69331367857131
266.22 267.81829378306855
329.13 326.6085346941886
363.82 355.21896257357145
325.37 326.41724014752805
311.26 311.0850693134345
312.71 322.50172503565057
348.77 334.69916420142823
329.41 330.1163934309896
302.2 303.7476186944514
314.23 326.5648727270857
305.82 306.35437114538666
287.07 277.2490383801106
351.03 348.18010846913523
333.66 320.87378154179873
370.61 374.8134942516949
255.34 254.6576830056359
199.12 205.74447369705504
305.81 327.1058208609895
226.15 219.74066032918054
256.24 258.97278794479
292.85 291.65791927421867
268.14 261.06419634971473
209.3 243.28488290480783
228.69 236.52815643587024
304.53 320.99212490489515
320.62 326.1680622656437
353.84 358.8925002304518
381.85 380.1313649813433
378.69 379.40265761842943
376.67 372.40062454651377
331.52 332.17570406753015
327.93 317.1521793458892
318.91 315.4675373321238
296.9 313.0399321290924
307.92 309.7349638813557
378.31 369.53436783688596
346.06 345.1227195793239
346.91 342.00302134388835
343.08 357.8860892662439
370.28 372.29516978217333
286.58 294.77424722784514
326.16 305.1649466807332
335.2 306.76730670831176
340.58 333.23622473508306
312.92 295.92837910849
286.76 298.7392429299616
297.7 297.44014590939565
413.35 403.0948851803313
409.63 412.4074318966147
371.32 377.88595901407973
363.04 348.0373399050984
268.58 282.1185670786408
335.05 333.62415109985847
321.18 319.31716408256426
348.52 346.309055197546
327.47 327.60905167315747
300.7 291.78996835890956
361.54 361.2766385413678
302.1 303.99950479934824
363.14 339.6552085930639
337.99 332.57795649905233
314.86 301.07299955422275
347.3 355.6552582983676
343.64 341.1393496430726
348.6 343.07093277919193
345.18 362.6055305570537
340.9 327.6510873025609
358.15 380.771984168027
347.86 355.67389679251835
335.86 361.8782172306003
303.85 325.9759301656289
316.92 301.19188333035413
338.81 335.2810669143905
341.15 345.8016747584618
395.4 392.27890614266664
380.35 382.16687349363775
371.54 356.4281095766671
332.94 339.03598172258995
275.61 290.7761474526575
351.95 356.2196691263707
366.17 377.4312220204802
362.22 362.9337417721465
309.42 279.5716307637069
306.01 319.3460629573085
329.9 320.12596573992687
343.05 356.6622723176426
315.97 309.85809741780605
365.46 364.22723351041907
352.76 367.51094817610584
351.72 362.6495165818447
329.97 325.63693529650044
373.58 368.8528040129808
315.58 315.08131736639274
309.45 314.62294954091675
329.48 323.3087357124845
346.42 341.54161456101514
332.13 338.4453569214602
349.69 340.0624170763409
321.68 329.58165318898625
284.5 275.35138522488114
284.41 285.0021186272477
339.1 345.12156666655284
339.23 331.34987881161913
384.61 384.75816121259237
366.59 355.35248748341127
307.4 314.8770910407246
322.21 328.6756345148871
387.55 381.78770103626755
337.61 330.5670607095904
332.43 322.59856064130724
361.3 355.7528297479865
358.51 350.9169154507354
373.72 362.60924624026705
353.49 359.60028631620037
381.03 358.23445803000465
369.76 358.26769138161944
340.54 353.25508780277664
329.83 339.0332634461323
345.53 334.84194171681446
288.86 281.09845574148375
278.82 274.91358053902695
280.47 277.7210581736771
309.76 306.7331118904393
326.16 340.9869050830628
294.27 287.23516010127014
316.29 324.88587790288966
335.57 348.7251021502155
337.85 338.5070416141949
372.47 373.2666738456464
349.97 349.37739133440925
348.65 355.15922815137884
296.67 288.3943665962751
319.39 319.7773246882234
308.47 295.72887329779337
357.37 344.0169635685486
340.12 329.095158165298
339.0 344.2454950271351
304.23 302.27052135837994
333.77 345.7308510199762
322.2 325.5750145650054
306.27 308.7977266182232
231.26 258.3191240683327
264.58 256.4762611435428
332.64 328.9042217197617
252.84 257.82179992608184
243.69 231.51417483066075
304.63 314.52619022310535
281.99 279.63939486809886
292.98 281.09160386672136
143.45 153.3972398022774
136.8 153.21721925569855
298.87 300.6010787156708
315.75 303.71367901873685
317.02 305.89073521938894
301.16 210.9414590595759
276.92 234.46046700135452
288.06 283.56943501448313
250.56 257.34772552907566
319.09 306.29183114469515
340.74 330.8489210009945
297.42 288.56948930512993
336.4 339.24057732735525
339.75 335.46154973624016
274.68 263.6520377856195
352.85 333.77639406031113
327.93 310.83444193481625
315.87 324.6674317222366
326.49 332.28306505057134
282.73 285.2571044987253
349.72 328.10670916350114
352.09 344.35427089074585
316.89 308.19223582500496
328.95 325.3811517053392
324.9 306.3899538784555
296.3 296.652248821564
216.09 222.94239468565945
162.56 178.16172156620826
280.4 214.7624677058132
324.84 322.9807218462428
262.71 258.1248037129077
289.01 285.28813557790016
348.06 343.6316530552776
203.42 201.81369419174248
274.77 261.10849505673144
236.5 227.20326585620865
273.74 268.40899771511835
258.96 265.0470484408198
266.34 271.6454914882804
337.49 323.82345000423476
356.04 351.0294939115673
270.34 271.1289438321396
280.29 285.1540219443962
270.48 264.11262263659023
299.51 296.2089999970062
223.37 232.85972747978306
243.94 242.08045638336537
351.77 339.176004172505
234.47 231.23370196925433
312.45 292.5024641194982
152.7 158.75154640322677
283.68 282.12392277309306
289.34 301.01657797912884
316.6 320.75262150376886
324.6 306.154906823038
291.47 249.7910451478167
301.71 289.4019730129166
341.35 337.05475351043833
339.46 336.3313078421249
239.71 242.20452585112173
304.54 290.4555563058443
203.27 214.85203242332128
344.54 353.6291492273774
287.69 245.24004538188163
370.7 358.77308984150636
363.58 345.80691913941666
301.06 270.12962017127035
262.8 210.53768185871232
365.27 360.8929601675323
258.21 221.3690316900575
303.41 285.0828956952237
337.13 343.4650276781185
316.12 330.99249363430226
310.53 319.0486843682367
314.04 306.46927915798426
306.02 304.6564329106063
289.39 275.05582770695486
294.58 291.43491013104625
327.48 319.193297725034
289.73 293.1390957937679
251.08 248.1824604975381
216.58 216.2565868036527
303.17 277.6843083988127
175.38 187.41839338006488
193.56 209.54280329460028
211.72 233.80136548695373
246.81 260.05521039028974
279.98 286.8574881421913
326.01 312.0188523376658
267.22 280.6767825282889
