3.12 0.517318071264718
54.6 39.300054608718625
34.24 25.52676148488555
47.56 43.865931045353435
46.86 41.59737440418876
89.87 120.01880900045076
122.97 118.97086530690308
49.52 52.15283993473063
68.12 64.43441920581853
64.64 69.70254444819821
87.67 82.26609961351818
74.38 64.36808418053648
90.83 84.46041274727133
77.91 74.84822025532459
91.62 80.42617392902777
69.3 74.4719333919978
90.99 78.3477058461504
84.85 87.49955932984415
81.55 81.22794141844753
138.59 131.1454827334901
129.92 130.91875177485565
121.79 106.39484484616747
146.31 146.18903201217657
77.84 74.70672676520647
101.27 94.82226331490756
98.56 101.08237467382803
118.58 119.18253049159576
119.88 129.76071906290895
112.36 124.04931872992915
160.58 167.28368872982475
135.47 130.25403209362884
153.58 166.29525362237607
186.94 193.7966547007262
129.43 124.59694105608337
140.58 137.27465723360365
145.63 140.14887315611844
152.23 147.4361264164261
180.65 183.04557998017407
140.07 139.10074931472585
164.5 180.8616971098913
124.18 115.6611857657872
157.03 159.1250461524759
84.13 89.61716973201794
113.89 119.57162564653451
104.89 102.05583835351725
97.15 100.10806628820431
123.72 117.83768259867242
103.51 99.26947376002566
122.89 123.59150568174383
119.09 117.5929016346615
179.11 176.95022397818053
108.54 109.015661968171
144.54 144.0229176985887
148.16 149.11391480224577
110.38 103.85216669417568
123.17 127.6801069743731
134.76 137.569665593946
169.78 172.46404910022596
115.96 116.87727953583608
149.89 151.15321297309094
161.2 161.5976626488569
121.56 122.73111190365292
124.41 128.4503967546127
144.12 149.93255201099538
163.21 165.0348200579825
138.42 133.9071205330985
170.84 158.7763513336328
134.01 130.41842609213685
137.22 139.93517195907327
147.1 139.68917299761944
149.75 153.04376223080178
146.5 150.37743590443563
157.73 155.69653389035187
153.56 154.26197684654827
143.26 155.64965084760738
160.48 163.3347350598451
145.56 152.38743030951755
149.31 153.9430681652775
139.39 129.44749916350557
130.3 141.33141815080185
127.25 141.02018937890517
55.33 57.62282975730909
111.66 112.52828230578122
103.04 102.12973048326782
296.18 304.23495126503053
224.38 226.67656503735344
143.83 135.61476158348813
220.66 216.04891023062464
124.48 113.94850595528993
214.11 199.96535511056788
198.39 170.92767875856956
165.94 169.5948302636317
179.97 171.80533139279106
201.07 195.015318403989
198.41 194.33862203967163
233.38 232.886354353156
205.55 213.55732792568338
190.63 198.1361650506343
176.02 176.78626133375192
177.11 175.3680991541033
226.94 214.94892371013913
228.88 228.92405759224187
190.6 196.45887060497594
172.9 170.40460106532618
240.3 231.20805793275758
208.18 221.0803034529946
260.61 261.0602780014928
215.05 211.62560931369686
204.92 207.9133497931337
177.88 172.0858672944295
248.89 238.91651889225403
215.47 221.5896577706514
181.21 184.4415331212154
182.72 177.96694651813112
228.54 222.72573382604136
223.83 222.75531639735598
196.46 191.97302280789222
206.93 192.79898257839582
223.96 223.24434112979324
227.72 240.95486137349354
225.07 212.25208815996663
206.26 207.50562219345971
280.92 301.33717610548996
261.99 256.2186096730064
184.8 202.06525653526825
155.94 155.80647611196264
227.52 223.52352791063635
224.01 223.35468118394837
179.96 194.38158959072052
185.55 179.4750712446767
219.18 231.96454955328278
218.83 219.92827691452212
301.12 326.2552536640012
112.24 121.39569635284221
142.69 129.19397254558694
196.47 189.34096502973713
181.93 190.8064187514226
203.7 208.9645423224603
183.32 180.01490371692054
229.62 227.16126900847783
247.81 256.48402606774283
265.17 261.51461739774004
278.44 283.98476091191964
242.94 260.31093489709184
230.48 227.60991469333104
235.45 234.48165869842381
255.4 256.6686300821081
162.43 162.13841353315894
173.52 189.8111955247968
166.46 172.14679583972145
202.61 203.01293403353466
173.45 183.97593881061357
175.65 181.33012572212616
192.61 201.55473377010242
209.21 195.4032819108124
216.79 223.8475720323024
182.65 188.29251789834487
234.09 227.38589864453695
280.28 274.8216704781802
182.03 197.64408664523353
185.69 187.79691840126983
246.14 259.87648933133823
241.14 250.10347834972225
262.68 260.1904610647801
175.73 177.63420556790845
238.6 234.16779258955773
233.48 226.67579231807838
213.66 217.1998567051381
213.88 205.33079460086248
282.39 273.6501740109076
245.0 241.94733400466794
162.17 172.5776571543425
197.61 206.83277597947244
232.75 244.2402777138601
251.45 248.90888606245895
284.32 302.728112411196
271.16 267.60715743364585
214.42 212.15980046736593
232.18 246.2732875280925
235.22 230.75853717656486
237.66 239.8375738780737
263.86 264.4567462315127
239.5 248.64185598694
206.36 227.4169540234314
171.17 193.52820615056675
211.94 217.430881609969
146.31 159.7963689309709
139.9 134.80522825750612
164.46 165.62247873639012
165.03 159.95200537656422
164.04 170.3450570728885
206.11 233.29905621923365
205.84 208.66448464758653
275.52 317.2699938508986
242.6 244.55185088026565
119.74 110.68196712746393
157.16 161.13407886350873
156.05 156.5728319806406
178.58 197.39629118803
185.02 178.36901970301167
191.02 214.0825256368079
177.89 188.91580759469144
198.31 213.3475079908872
203.19 217.46662695201596
171.72 175.52967457278382
217.38 225.6459861633496
238.23 229.86216415665012
205.94 212.32217591900775
263.7 289.5056855078446
238.46 247.43313681562285
242.48 274.34745141750443
260.99 272.3488679799385
202.38 221.6578871965312
144.24 136.38065692664725
217.32 225.92786992807868
191.25 192.41800567167667
143.83 140.00575672027077
135.14 131.10482040052364
202.6 220.3146969192234
150.55 155.26409559859582
163.97 178.7771736273604
150.37 165.30225186511905
174.71 186.84307873441026
207.82 229.37565214007589
241.74 267.23637511588873
173.26 190.63054702683377
215.13 230.0774668429293
184.03 208.79611960287477
196.67 208.982103175825
187.3 193.50448017272197
167.04 174.64026291768488
224.05 228.50019789550927
227.26 225.19987689452012
216.73 210.15041641759765
236.99 221.2478673246286
169.28 172.3579986479385
233.42 234.82490577392022
257.05 257.87070019874665
239.81 233.3848601145663
253.05 255.66799490866697
266.46 281.5799952175
249.34 246.5228122180431
256.3 269.8699768174917
232.61 244.04777876002387
266.46 284.531223833867
239.91 239.7382421332576
263.77 276.8922026017477
226.57 221.6975346714361
235.66 231.92001014866233
277.68 285.46224063960983
262.83 271.83124669944743
156.63 157.90115727406842
179.53 184.18555446859457
200.43 207.41107696810045
200.89 209.14572739608772
237.37 248.19032916469448
249.47 257.3775213800411
238.8 244.26336713920128
256.57 268.95885724482224
210.83 210.91888373461018
220.71 220.24961779269904
281.26 280.003555180142
248.95 259.5363718117939
168.62 170.37799855922938
223.45 229.39109133546432
241.22 248.66934748532404
217.47 233.55753949115427
227.03 229.2669685773824
255.55 261.5858175270238
238.77 245.25728525613678
215.09 226.6009111641303
221.18 219.5139688431521
233.51 228.24622313471235
215.08 220.78319889170575
240.95 240.12637420368804
241.35 268.4483619612921
269.69 285.76613973091014
232.44 232.84852037077485
166.74 185.95337832985072
223.7 227.28510557882163
241.64 247.27903450361646
220.58 226.02424779547104
204.4 210.9315566475903
262.25 266.2350536117492
241.76 248.97189492340323
200.0 205.33324691979183
178.07 179.64776478168548
230.62 250.59987212585727
271.68 271.80250609839567
228.0 232.02413958692065
211.81 224.10295833783863
256.33 260.4448781329078
170.18 163.8839044128209
199.35 201.69491397420825
230.07 244.2039962398948
222.76 220.77639842921525
192.22 187.1440890506362
164.71 173.4236152425949
163.19 168.21263753315353
215.17 217.31359446026093
187.3 185.04986609820781
182.69 185.4140350987407
232.21 237.6848793726131
205.05 212.09764276894705
217.56 227.62511523327277
229.72 228.66816716522226
215.98 223.046067490614
227.19 248.51531084066085
251.58 239.88167441604384
219.74 222.96157896820964
244.51 240.68110049351043
216.18 223.66630433996914
232.48 229.77175220035156
263.52 259.69704916951554
226.84 232.8329263649165
222.8 240.66015455080017
240.61 250.38198565603585
303.76 328.05634225309933
270.23 281.3719095682088
201.64 198.4792841379695
156.93 161.8004654464615
137.79 147.2067899638122
126.73 133.08388991322946
192.53 197.88525206260425
175.09 183.46577049707716
185.46 200.64882063009844
219.03 230.6332623582473
179.12 184.40503827695844
201.57 197.06903613515922
182.74 178.75953289560283
204.01 185.72378922224354
199.91 211.74416973457298
159.82 165.52881755514795
167.59 171.21491304352625
199.03 213.23579240101145
255.21 277.9595962776254
189.9 199.44452284337282
174.03 179.24228323017638
204.16 215.1568574413744
181.3 186.2300106650232
143.6 138.8139204074639
181.11 177.744855964463
154.3 160.09967096784635
196.64 200.48855155409132
201.52 206.80174065629046
215.31 226.40601065853025
240.51 245.53596540882108
254.13 265.47671574226524
212.1 204.32400609001004
215.28 225.49041101352424
158.11 156.57156027060648
210.11 213.27546039847294
199.92 199.21794459653321
231.44 237.61146332817015
195.54 194.3302238189724
189.17 201.56962372516392
156.99 164.58838172217875
205.12 204.195747495177
198.71 196.72203990842033
234.23 224.00910996408737
184.4 182.6349146538563
223.22 223.12335978040136
277.49 262.0217814039988
267.19 271.6569201580943
199.41 209.54863908682168
222.48 224.7669075473386
254.48 247.890873938264
275.05 286.09948664432727
237.38 226.13495376788035
261.22 254.9254588738271
233.6 245.81998480516936
231.33 235.0515907402117
289.51 283.7504017226297
262.26 264.27315458693323
257.51 246.29923415624341
243.68 254.16667801996553
272.34 273.41286415510234
216.16 222.8556121231337
235.29 237.04623002676433
187.68 193.4885568235538
234.16 231.34278678242197
178.87 180.30272885286968
185.14 197.34665431120828
237.81 243.60355959111453
215.28 212.6746757772705
252.05 257.3656445926817
280.06 273.4991171963548
239.46 234.94909587395614
226.48 226.22995423598633
234.64 234.1169779941711
290.73 300.8700013927883
235.16 227.67332278734665
224.09 246.35806983263245
238.76 257.78611587668763
213.05 214.55586552952877
247.3 248.633018259244
224.83 234.9694840171352
201.28 209.19385352097933
227.4 233.246458074283
252.17 261.5447512028709
255.32 256.38123586793427
196.23 201.38691145917298
204.59 197.7203019015631
178.38 195.13623201940237
176.04 172.00205774793957
188.7 186.69465401867967
173.81 173.88812521158127
214.53 214.78210502293473
215.05 215.5222796509247
234.19 225.76178224999535
254.17 255.60627225942403
198.38 203.3447706928392
179.87 184.63800564131182
191.86 203.97814828120713
174.67 182.03052872173203
212.77 226.79576843407267
235.34 235.47813731951402
244.34 237.7778947472669
224.53 217.50383536127512
257.7 265.03963929450447
253.29 260.2026502730137
214.86 229.66192623888375
262.14 264.1836044227633
251.6 252.84420185559
233.65 239.7919769907411
234.38 233.42105173656196
213.86 216.3100084346633
185.28 186.98325004347478
228.72 235.43704683391235
168.93 167.52545136681454
222.34 219.90020533236137
194.38 200.7034588188008
233.74 244.22741720470552
226.27 229.11700113524964
183.9 191.32959173646023
179.04 186.24623176322456
220.2 226.04302682666435
213.57 210.80483130757057
235.72 253.4988121858508
265.26 277.4364362206223
300.44 305.81148319942963
222.15 232.86535648323115
255.74 254.97311487037487
206.82 205.4511536612068
246.32 251.75611099627272
228.89 224.52840459786046
222.99 223.41467625514417
254.04 249.49407239914171
250.63 258.257751691474
259.9 265.6997596056236
246.3 258.10255903533135
234.65 235.19329391729957
215.16 219.9289621470274
210.03 231.07752651482596
212.1 237.64774658276647
221.96 230.61613075160673
187.21 222.31440254321038
166.7 155.3926171209679
169.9 177.71189080606888
198.1 225.652923666747
170.01 190.51182589001985
236.12 252.4484193474975
241.94 249.57702532041563
158.98 172.21719203228977
206.11 214.0428663369491
176.92 175.8471194265222
159.28 175.60648995893263
224.85 236.88339051787966
204.42 207.16672081800724
220.19 225.9420631801388
233.06 240.4995027794469
248.9 263.74719737521053
193.72 222.46522781317
216.71 222.64040966120382
198.06 227.9283917212096
171.87 188.35828368984247
202.92 222.65845774728388
214.12 218.6486292342242
204.95 208.53522136284022
204.21 205.86137503451758
255.61 273.61016968528935
179.83 193.94641208301962
200.89 205.0006176796426
228.68 247.9496044060824
226.59 240.71248407718744
192.96 205.9441987573642
155.17 162.45453758418122
163.13 184.05080430970574
133.54 136.1868082070493
175.01 200.16634674387035
164.61 179.81346426449795
188.22 223.2616489831032
168.4 199.37403968249583
169.71 191.0526989628348
89.79 116.43867000409418
223.48 237.30422909977167
171.08 170.6339912960534
159.03 157.69104943892393
174.15 198.55741969124497
162.95 177.32510454347545
187.44 210.5198381562171
162.22 169.76607461802658
156.08 175.7696417126293
172.05 184.68034926628172
184.47 199.89633344663204
151.12 171.2723171740885
295.51 303.20399609942046
320.02 311.8713097094302
257.19 274.58677462889256
330.71 332.8813504649957
342.9 335.6671262688891
266.92 278.7143167018533
280.07 290.9638055346363
302.26 302.8356451722097
318.9 324.018839182182
257.7 255.16459935019793
259.24 278.44954986773655
318.69 320.1749935266707
326.74 309.99281197473454
306.85 299.86746624615483
235.18 228.59886927979449
266.9 263.1690332951376
315.52 315.32168701044225
253.64 250.81325507826793
266.24 273.83627278192273
275.69 275.56097725183156
285.83 287.06928914807395
321.46 320.47904426991323
317.33 332.22503207485863
270.76 264.6195754603484
274.72 267.4497354935019
307.3 303.76492217969445
286.4 279.82312153535395
277.26 263.933038743742
327.19 331.6324344828142
298.53 290.67265240293364
177.3 193.1483134519656
163.87 158.06005403891388
166.17 167.06169555482387
193.51 195.72861180205868
174.31 184.59280904088152
179.14 196.0502850263587
158.67 168.2700559572592
193.49 228.69884203656642
179.86 193.61853146955843
234.81 233.76097984405294
198.99 194.766079073585
229.11 228.0139309222317
279.52 292.8131034261887
265.92 273.55968320339264
307.82 317.59500608006203
297.31 289.433798391732
288.73 287.9008595483632
344.65 327.5933305322308
343.75 329.24215179408577
356.05 364.55116842568015
353.3 355.47895063235643
321.95 312.1823504431282
311.88 355.6539547401532
301.15 322.53327724034165
327.32 332.7590169321821
266.54 274.81102073696735
324.11 318.31785284935034
346.49 366.48758842707457
231.31 223.283142862147
228.44 186.71261129269868
233.17 236.6174822011572
263.89 271.39430015969856
274.36 274.2804288691047
174.77 169.60329880720462
238.5 239.29554033658482
233.7 226.45753913778367
261.96 267.7055012113897
285.36 290.3002290671677
257.6 253.30313651567087
254.65 259.51485598639005
237.3 237.01670971537064
279.79 272.46905715991613
263.9 271.04341883377987
260.91 268.1775132005744
274.9 277.5139589829481
287.92 292.2298402728995
303.31 301.22109535505405
261.48 252.08863202511884
305.84 294.8269106562393
271.86 281.64567600522537
279.67 295.2936071075144
311.21 315.15504679204804
272.11 271.14307322660534
257.86 262.7577340650589
261.46 264.154749054892
315.66 312.8919116034986
282.88 283.7792908597916
317.61 330.42635572597425
337.42 336.7011790038524
338.84 322.6388608754531
325.81 320.68625319757314
303.72 295.8963299623417
308.14 304.3285623972758
317.86 330.04832137068786
355.33 353.84312420104175
348.49 339.65180985497835
314.38 320.8455616013049
285.67 296.34418499310976
372.55 361.19765914937506
302.66 293.99648264392494
296.36 299.05673714224486
301.42 294.88221293254463
330.74 338.84933079605236
310.17 320.8568980897433
252.19 256.6057145378521
231.62 234.7142751182223
223.9 233.15131972215136
251.23 243.12984737864767
260.1 262.99174819826237
337.19 332.5045884831868
366.69 372.9123963628259
334.04 325.1453573814238
298.67 314.0263368357011
298.76 293.2356303436381
279.67 259.9061559281421
289.7 292.18108332498673
256.43 256.034930227169
296.72 300.23917690099796
266.53 270.4519847272726
244.93 252.6722794174901
231.32 241.6221362010306
261.07 262.49408659640557
283.82 290.345936479255
302.7 268.2249727614269
275.32 257.26009141477067
264.53 254.94973647996804
282.34 267.026132340106
371.3 365.73670834031117
328.48 306.916971719378
283.81 289.7359350643583
259.68 258.71627242424984
274.32 284.63946971635147
267.15 284.1134022291981
301.02 302.00582775907327
306.16 306.8328734703093
340.19 331.915296713302
303.0 311.02227005984065
261.11 257.9882335434485
322.46 319.7547906258347
299.36 306.4585543750398
305.42 319.1174079750505
351.2 347.46015096163
280.06 271.81890740690824
368.12 385.37455360488366
296.07 290.73077194545164
288.48 300.7727682194796
244.07 264.62239062582455
235.45 236.8807984980567
237.2 249.42907810084586
261.59 273.48188490678893
335.92 329.1240813766294
295.41 295.7061577454439
342.73 341.55678038438157
359.73 371.75305413906005
268.57 257.13254999386174
279.67 280.32433094294504
237.39 246.4076358009859
319.62 307.8266409814044
293.68 291.78202836922327
311.9 306.9033821182453
301.15 306.18271495579467
266.06 258.97371951493705
270.58 284.71982073032143
311.13 301.8241350057934
291.67 266.61116172575527
298.6 297.8330853634509
269.2 277.09455238123064
295.78 291.91938997106143
347.34 344.4683262894489
282.94 293.35710022188414
280.01 283.3933093589109
330.38 332.13564041585
287.59 295.70778028868745
379.56 369.8414538235418
357.22 345.77802891096815
317.14 300.4638201444217
291.75 287.04003708692835
275.5 286.34011017144724
308.02 319.7170777574582
231.69 246.498804834553
257.31 258.74748159776016
307.78 301.57929782406427
279.48 300.07080513710724
355.36 351.9214899136206
343.02 335.19897787491965
328.81 338.2818104630109
289.24 292.1781911351655
292.18 282.2716084439703
321.92 321.95078791184704
278.51 276.6427472969298
224.74 230.0646349452483
302.89 319.5616457284995
266.49 273.5329982147266
237.15 258.1980736264107
265.7 276.28268059963995
284.8 287.03252612425837
309.84 329.5440269446381
317.41 346.35946574956705
349.38 346.4615261167544
335.03 334.3250205470788
314.89 308.5425861473009
315.29 314.0030009131009
277.3 285.43375197285565
298.02 293.27049814305826
325.83 331.39785048791157
303.86 318.8342180194498
297.87 282.7339529519934
236.24 228.5909992188964
287.15 293.80372141128976
240.64 242.82281071926445
317.27 326.7711125390079
302.75 303.9866104835887
321.57 326.4816176956431
333.16 335.3119471537574
287.14 288.9918015163273
257.32 269.7820358851995
325.27 347.3711746485653
330.55 351.81505276949144
248.0 257.24627340788356
245.29 245.60109199246546
243.03 252.12252774382398
272.79 282.287104122271
347.35 323.9365268243438
310.54 323.1757064382197
307.58 309.3248963689483
330.4 321.9819387203137
348.19 350.6873990041688
317.58 319.25600923630486
283.1 277.45591865499887
291.71 299.2459308202315
311.0 316.3143811687446
319.19 313.1597796993627
311.8 295.5688703611105
304.96 302.9577286395007
322.86 311.4977469959021
311.52 298.0430700301465
317.74 320.43937090388926
307.01 301.8846653425438
319.5 328.3506624797843
317.88 307.7786820049975
295.24 294.8143916492458
292.93 298.3531569181438
280.57 278.57172714443664
285.13 297.7193837935198
320.16 323.9928771120753
276.4 277.17939095384924
293.77 296.65608764626677
251.15 250.78920424277524
322.3 328.97841212329337
320.93 325.2572439953597
317.16 316.0463711931646
274.95 282.09403960108955
280.9 308.7462164722852
166.47 171.0294831392448
213.36 221.42715890848837
182.69 182.33681617934025
223.76 235.54274623338307
206.4 190.71887401100741
206.96 198.13799425098793
228.73 232.5869843171822
284.75 290.9567088270776
271.02 266.59427275399617
276.12 289.37231034100836
267.21 283.9837794397072
281.29 283.5527885137359
287.41 294.47145808302
238.4 236.96634533333238
262.52 252.0418016694412
262.33 252.4361076034434
289.76 297.71225284486934
251.98 252.42624512475842
271.33 268.9142060909317
299.39 302.83684451742937
257.04 262.09247314379456
255.27 257.5155153352495
264.31 270.4665764191313
251.18 261.22510545211566
242.56 253.98851721863758
275.06 272.3049333893481
261.55 261.8457344439289
230.62 229.93062009990362
220.37 212.9116439745314
206.23 213.39333383389803
287.82 296.10297234253926
227.9 224.28115768646921
217.73 215.39477110939816
317.07 325.57729126981695
290.04 306.7843495036254
293.76 302.95198523788747
276.28 273.7041049242508
294.63 300.5998919772473
304.81 318.0245678693527
271.91 272.68619791253934
218.48 219.44560089407958
266.88 268.19224222091884
264.69 257.21728211165646
290.04 278.0815120359132
272.05 267.3786900871842
270.54 285.27514063474615
211.77 214.93100548323315
274.75 252.53888922596647
293.68 291.94255589964797
262.6 270.2400109209019
302.13 312.99009711597796
286.92 297.2968841941823
258.23 238.5831256786233
190.22 188.64001624573177
268.2 269.39587789211254
238.11 243.29027759698565
319.35 297.93183879574724
211.53 216.5272744583475
301.16 303.3507503956805
256.48 253.66374996251636
227.84 240.42711380251419
250.25 248.75501853176922
232.1 230.30681554468035
171.36 163.90773891346552
233.73 233.89585652930677
306.42 324.9782379914092
310.97 317.39845383350354
323.6 326.0460888384638
269.77 278.8581558832519
343.24 358.4298749272178
370.54 368.019315926391
329.22 339.19562617218776
369.18 366.77084579652717
382.35 370.0390333037611
340.45 339.570848080387
346.21 331.31270439473485
348.15 331.98310137508116
385.37 394.5290973941562
385.75 392.026142568528
385.83 382.08769528982424
360.41 347.05308340502995
338.3 327.5070382503562
401.61 390.8771548520092
344.01 349.23474779620767
378.8 384.79113056205847
286.84 306.2891922966461
374.31 381.700859564945
392.92 397.472183186532
357.83 367.55799559218684
349.26 367.3539412876291
329.11 327.8112917964713
369.25 392.466229568603
336.24 341.5416740132425
339.6 341.2409686576577
338.08 336.0691454155143
370.66 356.368281150841
353.15 354.8635290821394
373.9 386.7020111780256
384.02 377.42164969923044
336.79 334.15577735576295
315.55 315.75910653327935
369.44 367.41417535889127
330.71 321.83805146566044
377.69 381.8996375340597
339.54 339.5030007073716
374.24 364.7115020327229
366.81 340.23034872597304
458.14 458.1205371205445
353.29 351.5733170275174
410.18 414.4218400047309
390.78 385.0726022254134
428.08 419.87293697162113
327.83 326.61923493970164
322.01 319.1315728913106
338.14 356.88817874877276
423.39 410.3668537925737
375.35 369.07233413566206
400.24 396.5974299787626
288.75 260.159590273002
336.67 315.22592074024476
289.62 303.7654906734954
340.35 349.270760070316
361.79 367.74816305502037
363.41 365.66976120788644
356.03 365.67040073080653
331.57 338.758843409054
318.13 305.979123995573
389.3 394.1239042014237
354.48 353.5876994570802
347.64 342.8443819639192
371.8 379.8201994111156
381.16 387.6718279583801
325.51 324.7834268839147
337.03 332.7291176250364
343.75 344.0545275608397
397.56 408.7412275373998
313.97 316.895404951249
408.43 396.2924203829702
357.17 360.5345277418092
290.76 281.57546914960756
366.37 364.73237718587296
354.86 373.64777369455436
324.27 322.19957156647524
324.21 325.79381906482683
285.45 298.0075826525908
346.18 363.5702668517379
359.64 362.06985740350865
322.12 335.7171703509659
412.78 369.9042673474226
416.77 411.87686939023934
361.83 373.93458623982764
349.18 356.2908509761743
330.07 312.3137198399482
392.42 389.32340624608855
339.71 356.73871696225797
315.12 302.8575719909341
318.29 322.5007551128902
348.26 352.4359338868752
359.82 347.57061153888554
329.58 328.771264642701
364.96 356.7751802747585
370.5 372.8203596506378
368.6 368.4533186592612
365.1 368.3971771046439
336.54 322.3296705309732
332.12 329.35480394803386
358.47 363.2036820505288
416.22 401.8970154322837
402.51 382.22238184491255
371.56 372.4806584061904
398.17 396.2818685775676
455.28 458.010706819525
299.98 304.6368523462987
293.18 324.1324288658728
333.68 343.31792049367044
340.28 323.8106389430953
172.47 181.59176064868876
267.46 260.58590512371495
241.35 225.27662062082348
274.11 288.25587944800685
263.14 276.52477418870575
234.68 227.09418459180472
126.26 130.92929453930938
219.65 218.73471065401213
193.49 187.72774345352428
162.58 149.65585482016155
266.64 264.9596528196803
297.09 291.2453336635028
225.31 206.64448470539398
266.1 256.77611600009016
254.86 256.83801159520203
341.23 361.6806415941714
303.38 312.6106755809783
297.63 288.9672273437941
299.27 302.9431685067734
276.84 274.990821536429
249.3 246.8910248805104
252.42 265.342965760464
341.1 334.6093551093025
298.28 297.54875419476855
299.37 304.52336267644756
293.11 300.8592389128073
282.59 254.34335512804893
203.57 220.66326538036293
294.56 308.90389049419355
262.71 263.99788666263333
219.86 220.54905715546937
232.15 239.6339273982772
213.87 211.1698342153394
307.67 301.8847148697603
300.26 300.2332218753147
319.59 324.9729344366037
237.67 242.8612898185175
236.21 230.65176681612556
268.37 265.44121049823923
306.56 309.4374927621242
293.05 292.53449113448016
332.73 323.695225258165
341.82 344.06825218641035
325.69 334.40576759741947
306.69 315.0352912219971
352.83 360.8996759104346
346.45 351.8582708912948
343.77 324.16362875750343
306.12 296.62591295022975
329.91 344.197984538141
344.63 353.29639610442337
325.06 332.5396423204836
349.77 347.273593754963
291.99 290.2748155651776
308.71 305.4848839634015
246.98 238.69544271400582
308.84 303.88591760783936
320.28 322.6552840780233
242.7 253.9496437392567
361.76 356.60135372558324
318.03 325.61806425869037
361.51 364.00001366741503
314.09 319.21552976552084
267.87 273.3824961069577
288.63 290.2040150603654
243.7 239.7900540648957
262.64 259.6814794720759
243.88 249.94854837510624
286.2 283.2311590354143
296.01 288.77538880455694
348.89 357.19580957732325
318.77 323.68894287405055
301.03 303.9218096958545
316.57 318.5510033551954
321.73 312.2468909312705
346.22 353.7519422031786
388.53 395.5606500844988
258.95 248.9591789498517
357.56 365.5942082402054
322.11 307.58547224361894
318.98 314.3720141262317
267.74 274.0825786106404
261.25 276.1763813584313
230.87 234.4672383300015
249.31 248.4736315107873
234.08 231.24563362394065
272.7 267.9154014105382
271.87 268.1269746431702
269.25 273.87904588502823
290.99 298.4906255859897
290.63 296.63529885615253
212.85 216.97926267055124
293.58 283.15018568819784
290.19 283.5986282097466
301.61 300.0144530660869
290.72 298.3871608472134
345.01 349.6402775986695
336.34 337.95856671865505
328.4 314.97689921350155
282.78 279.21541738903164
257.38 259.16710456558155
319.69 318.12311877507176
311.44 307.5375786449243
326.66 330.4945122845177
261.42 256.0725854081406
232.28 232.42948151548268
268.18 268.49065394282354
271.98 274.750136690938
253.98 257.76973967240974
302.02 304.47037932896154
262.67 266.673817318937
332.85 325.3760562381765
349.5 351.21890310653765
311.49 315.36702454457026
322.38 323.93055892206115
310.06 307.0467204631082
267.32 274.3367916957462
266.01 277.68566343663275
347.89 334.2002020577817
239.84 244.8885638680933
301.36 292.9880729477287
313.84 319.68466958172843
349.01 346.6226444634516
325.47 336.2811800724239
314.46 317.6084774593119
311.29 308.5303153985629
283.69 285.2554531429204
330.95 331.43457779883033
285.04 291.9853214015543
259.32 277.94450245004856
328.47 335.8731442111954
318.7 320.0385441295587
291.21 281.4130006928657
341.1 341.86757494727135
172.6 195.5959373143307
237.18 240.08911358906147
195.26 195.59668678496274
200.99 207.72244268778323
270.91 290.0957974220827
232.89 239.72644278930596
180.58 176.37418135876013
249.96 252.89349219779106
277.05 279.8966573724602
277.66 281.55602446321626
258.42 263.05770462343025
297.89 304.1970699011899
348.24 345.98030617519373
319.97 317.5930511164717
306.35 299.4790423902906
269.88 274.0754057641025
333.64 340.5214171305199
310.88 311.0815726973807
291.58 282.27348283008854
236.05 231.65717470227884
291.83 291.53171998604944
319.66 313.38902592671207
317.07 308.9436231189248
231.1 225.51078842613975
250.6 252.55121086784004
303.33 315.97203126551346
285.89 279.443778841199
321.09 308.84066888319757
340.83 347.2223409545117
305.18 310.84062810315777
233.55 231.43358644611058
274.86 286.11412541913586
322.68 325.3499059369279
219.1 219.94278740214222
266.84 277.6538270436161
240.0 236.41063143006653
223.8 220.29097439526268
352.02 333.316147079715
337.28 335.177420061544
247.33 252.09876131751238
267.36 275.49862795718286
355.22 366.1208046458007
313.95 314.6928315225384
288.19 277.2885274098467
314.05 312.04563670199093
324.19 313.6434941290875
254.91 245.43203533108834
220.69 217.8856446572155
263.13 280.05912707848506
287.29 301.13461479906897
234.65 242.4380597621696
654.63 251.6089850806191
252.88 273.5103456243294
292.48 303.5293689618576
297.1 296.284024806123
292.66 287.8149646622407
292.5 301.0114866765293
299.97 285.5029233217488
189.91 184.88951819996717
196.67 188.31717034403763
182.63 181.04916128639005
197.04 194.56511774640117
212.47 222.62114672872693
234.63 243.3184032453138
293.12 283.68334139269416
213.64 204.55142217025164
291.91 296.67728878260874
209.48 205.738661599951
264.5 260.5818596997018
255.76 247.47066667007707
279.97 272.26579101890877
228.17 227.34877178154022
282.89 282.78814771263086
259.34 251.3811705212282
237.48 266.6453202555136
258.83 264.16453429748714
257.03 261.3204486151893
287.3 288.8255052909002
240.56 220.88405439859724
250.01 259.21726897848345
302.28 308.8586375984012
173.94 181.9426679030501
219.31 207.5951413679577
256.73 252.37559619648238
285.38 278.9729986046949
208.16 203.2940673968635
204.52 202.87327206622354
206.21 198.1949857455436
206.95 213.57776937933485
219.52 224.1439351549396
201.75 216.49760013124128
153.69 172.38805566655662
244.62 261.90328575452276
161.42 156.4733292958543
167.69 177.8763320692351
163.33 167.94929871928753
348.28 354.26098215337043
160.45 146.13953708086584
256.89 278.44762082373865
253.82 272.99098637740957
235.07 235.44221767027784
276.87 281.1403651041097
297.22 268.6094153648847
202.56 204.14793180232866
232.35 232.6842165186187
324.16 325.7220618204004
388.95 402.5344923117306
255.25 255.04080786799616
324.55 330.48606072215
324.06 322.2779220554475
307.66 306.5754799382243
304.57 311.4120797212046
324.61 310.86181725665057
369.37 348.7953034343548
280.88 279.4015841682034
280.65 282.29965305380017
315.65 324.0532542303299
308.3 311.97883148714067
324.74 315.98252406565854
269.0 283.3926415305726
287.48 287.07428001287667
343.46 323.3950375991194
329.56 331.42226660669013
230.13 238.2113573809209
330.36 327.40665323872275
324.75 316.60216613648475
375.73 343.02180529020546
330.66 320.16205066043676
252.21 255.90213957948166
338.02 331.2479540450552
331.71 351.77491274728123
346.25 345.02853082446217
201.41 202.62430830969933
268.2 280.193214305077
256.0 277.9314242220816
197.75 231.1763958268628
273.14 266.2974635785501
200.54 214.9445063651223
216.97 205.88522867191872
341.81 364.31218673456135
285.82 280.89016042860027
303.42 300.6088970159402
247.84 259.23865143039086
289.01 295.32352790820636
254.76 239.2271012315792
193.45 181.54072504604477
209.48 191.9818501294403
218.7 226.53521911225832
231.98 239.47262494782768
243.3 236.02882086892328
227.11 221.54814417337005
268.24 273.392830645192
257.32 246.16266807561428
293.19 312.8066963409913
271.32 273.54342712961954
292.53 290.8546497685127
240.1 243.47734948372855
308.54 301.52386081123785
223.84 214.7028275838486
272.16 287.08056384715866
261.58 265.80968106346216
241.5 230.92344668567003
298.87 309.8784446161352
300.69 313.0321997184257
264.9 273.87204247578944
252.98 251.68164354860588
422.57 431.0160676899422
355.04 348.7608622200342
312.33 304.0347979134863
324.85 322.3764170080983
276.47 263.0088057034317
420.19 388.2626795330253
278.92 259.6079983301784
307.24 332.1795308042377
306.06 309.1477106495475
244.4 248.24584056450365
272.62 271.06257879692754
392.45 393.2402748425279
365.74 355.5558680152106
397.1 394.4710888892156
412.32 403.95209362654083
406.72 410.8060437342482
352.27 359.8160335322883
368.27 361.4714151343135
436.31 466.24645805297473
356.94 355.06066741934177
402.89 415.6436760559032
329.84 340.37477716264
362.23 376.0036856882234
283.85 298.1917727619326
367.97 360.37009959130705
308.78 308.7187527491294
386.01 381.3404574759905
385.21 381.0458736482233
323.63 330.46191815587895
348.81 380.8334688807058
337.47 335.3640137421026
307.19 309.3684347732447
362.88 370.72769174016247
383.19 370.908919798054
374.05 367.1112197262262
352.85 357.79700303728237
344.4 350.1269639680232
306.79 311.6174364111305
255.96 255.65868217592077
212.15 203.92064000709053
255.75 264.2380259658726
303.22 307.1788397800402
221.14 215.56205218732634
265.3 273.18319791832346
395.36 393.6576725580406
290.15 301.4053196015901
400.65 403.84330722019496
350.12 349.3124160592391
314.73 302.9688141692397
234.84 255.36110368203728
398.72 397.0369683171898
288.32 283.9675327531776
261.77 277.9887391234258
290.77 303.020575835576
273.9 266.0420353614561
219.24 227.02905159921852
205.56 195.21676086889914
324.29 329.37653494495993
319.93 324.89941133722715
295.52 301.7054279108595
266.7 261.05291059686425
336.1 323.06274978902945
266.82 278.13137642741594
313.91 324.2958623980344
284.38 287.21462339037373
279.18 283.296561263366
326.25 336.4471166872612
243.95 248.6702331983779
253.7 257.70291835739545
196.15 190.76151888540494
172.97 189.7207939890484
316.64 320.28280320150327
264.01 273.30295806018006
249.92 260.1484535811163
280.96 286.5087527519388
297.79 304.4568460908559
269.75 281.1490306973499
213.06 219.8639796373933
190.92 203.8175113305722
296.96 295.2742208209071
287.9 286.12779345250897
251.31 257.60846725285006
198.9 191.97804790739946
247.04 256.8572530170263
253.68 256.10900818463523
247.3 256.2149563438806
248.51 258.68642345155536
233.01 233.70306729556438
198.0 192.75228972992082
216.83 231.0325256733706
301.67 305.19044277046055
285.0 289.45984946239
262.11 265.58221721261776
309.0 308.460968277105
432.99 426.59908054470145
364.84 353.4889547323857
398.17 382.47037997273003
379.27 373.42300052280564
305.63 308.9486505375852
385.48 394.18497076035806
367.15 368.9743988291269
430.78 425.938633552268
379.74 378.31997843876496
356.72 358.0553525768902
482.19 491.99254753885026
371.19 359.5794817719314
302.43 307.125727609173
278.75 266.7708750140382
352.06 356.3479624135903
414.13 402.7340608591622
297.68 295.22267618177165
319.81 324.8519668749939
405.26 394.4150730544499
355.44 355.27767325847304
405.37 413.48749822522797
310.41 311.9861017973262
373.2 391.7596240487071
353.32 342.34705211717164
423.15 424.2733166513723
327.89 320.02033366918585
344.53 348.13715835380026
363.59 358.6966153436665
350.55 352.8212530810519
323.73 336.53958859407135
313.29 314.5539331679266
344.35 345.6831895449989
203.67 193.4502943183148
248.38 272.69772531913367
255.39 265.54921446540885
251.88 244.60268556816175
338.6 333.49408083317167
288.93 302.7217677363452
252.87 257.4089762785477
370.5 367.52223506486166
285.86 284.7504304199344
326.74 321.01932245352043
344.41 367.041678233645
321.83 324.1659262579608
294.47 296.6580534118342
235.67 238.40359148475986
305.73 310.12778988599695
280.38 278.6748439103816
293.09 302.1613267820618
367.65 368.7737335063022
341.56 338.7161493814351
367.37 362.9903214193932
245.99 233.90020452078076
255.4 242.032807996035
365.16 356.79154083581875
357.91 369.06983054569685
389.68 392.5660654983234
330.74 334.24229396947385
313.25 323.6541672953325
302.71 293.7114881340741
324.54 335.9855483948196
316.1 313.30206273241964
326.9 331.1145916746632
312.36 317.7087306208211
320.67 321.47330175424617
398.87 398.3833941611456
293.91 286.6470154299674
328.03 326.369853734939
304.39 306.4552783982036
358.87 361.62509512430375
400.08 397.5920912324235
377.17 369.65186993886323
380.52 373.80268489326835
345.78 345.40691212492715
326.44 327.041002404721
399.37 398.13274741895134
267.38 272.9791666801844
330.17 319.9746581922733
341.55 345.33042950273773
330.17 327.19784828853824
433.01 422.0491710344239
271.4 261.2860583020674
347.54 345.4425457907467
368.48 378.13942334622004
343.42 352.5126803818642
321.96 308.7725494264097
476.62 480.82310620487885
415.3 413.6330290537105
334.34 329.05488499536403
352.21 356.730525656347
248.09 241.87240264689459
418.42 409.21647223059955
365.53 359.2722949708534
320.44 338.0955032948176
287.56 288.41889554309387
292.21 292.4076967922464
318.93 325.81849673104716
356.77 355.57959387972863
264.91 266.2290397107685
428.65 432.28312876215483
412.26 408.1294702869137
335.42 320.43862472454947
277.23 291.48892475141696
288.65 280.71635395195324
371.16 358.6307059825368
357.33 353.47132172968674
278.86 276.05820761254563
313.11 314.5130565780545
399.58 407.4674464223165
292.87 292.67922894087013
352.33 346.5425203438371
327.09 333.3269850416946
310.08 317.62906057583905
346.61 343.15699085313776
356.81 369.25287359246124
319.27 325.0550485862577
292.55 287.6506575690204
358.12 361.72858749784655
277.22 282.8824759491738
355.19 358.694186862545
334.24 334.05907697066306
362.63 357.45994973767796
317.44 324.0684067218203
324.22 325.2904114995875
348.51 351.35753230282256
397.88 417.56220031001016
401.5 395.87058086311987
258.63 240.7287508321917
425.08 418.3870682129418
304.66 289.4668331159893
437.35 417.3279582724165
365.84 358.4524958598788
278.6 271.8056084084655
320.35 314.4123964931965
352.92 343.81342670150156
335.25 340.57005261476394
389.96 384.48817442888617
379.3 380.88629972558147
347.96 349.1922262316151
279.85 287.6662263276864
286.66 276.6951529738056
280.63 279.45766880267325
282.44 267.3478660438699
357.27 376.38666402832786
372.83 369.41927020083256
433.95 437.5379514182615
397.34 396.96714511618467
409.26 406.06837244058073
351.99 347.0400703739052
339.85 347.9635066656977
362.17 372.8798862686374
340.61 348.4399512752715
333.12 332.24732671620905
377.36 366.3742407137517
349.99 330.9428744428983
354.05 348.65096107241766
293.81 295.5418339538193
343.14 342.630008433474
411.96 407.080741345028
378.95 372.54641386731976
400.98 398.74931067109185
369.83 361.9333474939994
282.01 285.1572536877678
303.92 314.18968496997934
532.31 505.75253609831907
418.21 411.3793419237854
352.61 354.46538467253004
340.48 349.9447390568772
316.37 321.1007248660636
352.37 320.34644559226035
292.3 295.070071751481
377.54 381.9635935173669
265.08 275.0905823324088
443.56 443.00595258487044
495.24 489.0840339947423
405.98 397.50563510517213
378.66 379.2219468920109
318.97 322.08894703462624
357.09 356.20314031400835
306.49 313.4211124379467
335.76 341.95765624018406
298.95 308.88797305684284
259.83 271.16751603051006
355.92 351.4752330595159
377.5 378.32012584293557
386.25 384.47102934463345
326.64 322.71005647757437
359.69 353.80490068076483
476.91 483.3708698030806
324.31 323.65154445423093
399.57 406.3922066671635
387.06 388.35648959597637
311.02 339.94716949083744
278.06 291.87361688104806
376.31 380.48884363746356
379.54 396.8115015654213
317.07 319.4478036804465
318.6 315.12750640597005
249.49 248.78617802524036
245.58 241.0196604170419
355.39 346.6908525462005
351.63 365.7395310744758
337.8 316.4071178725029
270.53 280.91017880586907
281.3 280.51206033081013
303.25 300.7236138007038
304.96 301.7792082961211
357.39 342.41186078931827
323.26 323.4005284873422
381.04 374.81462348927755
330.05 310.24545621904883
363.48 363.63578999956815
355.26 357.4198324196906
276.72 272.3191535112293
345.43 340.62796363655195
341.87 342.26411996247174
332.52 331.6875957796485
406.89 400.190746162003
398.13 388.1952700451261
311.45 310.34328677193963
329.64 340.71562318857366
272.24 271.30473245217513
277.26 288.9445687402032
300.04 305.3510963613644
263.16 262.7404999486052
251.58 243.8133919388625
275.11 290.6380196677034
297.71 308.7729239701336
387.02 387.7831647135288
342.69 328.4498012277557
302.85 303.2397869073237
281.0 292.5669866244756
373.05 371.42477349265727
324.83 323.67853724797845
305.42 310.79836016726796
341.73 343.4175667314954
321.08 342.64685224417303
335.14 336.46612350844606
260.84 258.74787788073843
308.38 305.5611957438375
344.69 340.94509155645994
324.68 333.0690342338584
282.68 276.5190250073452
302.31 306.0946502917487
372.63 354.3095874635012
299.99 323.88189242548185
242.16 225.19907519298553
336.04 331.12469410698986
355.79 355.7546097243609
289.99 285.4188669200185
334.11 330.3703893848062
372.38 378.246593745009
357.02 362.17214424357604
330.55 324.7153394181291
342.57 339.4561675001502
326.03 320.5451083444153
269.61 284.4533104699388
378.09 383.84862482946545
401.34 398.28261191789113
369.57 375.0051717266831
353.79 374.8178477505775
324.12 314.4164748798329
224.4 234.66067906161118
218.09 220.8031971930127
302.24 298.65569407771414
280.57 281.8997169554486
298.17 287.5472855271404
219.03 219.1350561328582
234.1 249.36606936014047
239.04 251.60948870773723
263.72 270.5433805973244
370.71 373.117113316119
356.96 357.32781050965616
342.94 357.82853185292964
355.07 352.6568126436517
394.15 395.1303205217375
295.79 293.937766565776
427.17 406.761103539214
354.89 346.547656791203
241.46 237.21021148971985
390.8 381.9055660921523
426.96 387.3121736114064
314.02 319.75530463142314
361.58 365.10440497464435
298.58 302.8264793589464
261.77 260.1282502121834
281.97 284.16942764781004
293.15 292.62096531174365
344.68 343.4128418273053
357.04 345.70373099748707
411.12 397.52106635307655
366.11 357.7388833952796
355.42 364.9597295461576
338.75 346.6623427509559
360.21 371.26762214249845
348.94 345.2093909240238
329.29 334.2099384141065
397.76 393.90003541217516
285.88 279.92963901015776
260.05 250.1202244702354
358.0 361.2444235441102
343.31 351.03498014758776
417.08 404.10438029608633
373.14 361.12653236501626
430.95 448.2947546594903
430.7 447.55989137282836
277.45 273.0030646131449
451.08 431.76593129748545
385.86 380.4304852785954
351.94 357.0212822147785
341.44 318.9903705424789
274.82 264.3729031889152
289.04 287.8739496127182
309.31 315.32413722967533
370.13 373.43801504712934
272.63 283.33599618732853
289.46 297.81845474577256
381.61 365.7928738793302
373.97 373.1853177418536
416.14 421.05200088602504
389.08 386.10301690353117
395.73 386.02656048626153
381.34 378.8967459290214
349.73 360.6336425661648
324.3 330.22121691115086
262.25 271.5252957592325
365.93 365.72952925161
394.74 410.90259921902845
390.51 389.20667542876197
277.74 282.69668804677167
387.75 389.90038733599624
344.07 342.9068417381528
261.44 255.9804820539559
328.65 333.2917978356116
329.54 330.0366470518011
309.16 311.8473587491242
355.22 355.50971245961705
313.88 319.32899254146935
296.92 289.44026230769725
323.65 320.2258973047394
426.82 431.3217713981164
324.55 345.81940882807953
343.43 345.5576877293836
407.83 406.46690072075364
411.72 410.11102345665824
354.69 357.2348484774078
342.75 332.1153560094453
388.04 386.3485372825982
288.72 278.922988997031
301.55 307.4674466621758
295.33 297.95491880737285
356.2 359.31986113940326
402.57 397.7526555195699
395.18 397.9321367240979
360.38 344.7608091125691
334.57 338.69890971112267
326.91 338.1052773282383
362.43 358.5071626097375
295.33 301.52909007237105
276.58 274.6966954255621
286.91 292.33885148012547
328.45 328.83695809751737
343.38 348.1103493385953
383.93 376.73897612511877
402.49 405.3877717191085
350.39 367.72337119382024
338.83 346.4854528740864
379.43 382.8615106622334
305.56 310.72551309210655
424.95 426.8399287079612
320.72 311.058326784744
326.19 335.69760148568963
323.13 298.9592596018742
272.88 289.40247739931505
311.37 324.60365854849516
394.69 389.13663923319973
247.81 237.04788113444786
374.38 383.5882560439035
304.23 306.2004846173524
305.8 294.2516953338156
332.12 335.2606513395695
318.03 307.5113390890676
285.23 292.33558406912437
402.41 409.0434362488077
369.03 366.24158473460983
377.85 371.7898016698011
372.1 358.38174235392796
382.23 391.65313331737076
291.82 295.47283853771853
445.17 458.6773259204265
393.45 384.5106201649163
338.02 333.81847792958627
293.26 292.3665208386873
334.77 335.1287827024355
408.31 405.2976335406188
366.52 366.3385867375103
375.58 367.9327474180459
370.71 361.90216270704025
387.09 386.7977361488476
348.58 359.3703076131411
298.57 297.7936850475298
341.47 338.4446881130817
322.75 328.8540460580162
416.13 408.48004141531305
362.74 369.1695096518816
401.56 396.87749228532897
355.33 371.65980166700916
312.81 320.14100859809514
361.71 339.6914210707115
328.22 326.14905773036173
314.71 302.2288791431424
308.15 288.2442548883206
294.92 286.22478825351453
351.27 350.7562933537876
421.9 400.23397519678326
408.7 405.1605942229936
391.97 396.84861509920256
400.76 408.9944679196197
347.52 347.54962648366114
271.28 272.7299167615702
301.35 302.0468059082695
335.42 338.1915414250455
338.12 324.04904122640727
283.71 288.81835988101693
333.26 340.2805227391896
382.28 381.22743923946274
375.19 362.9310959638867
396.96 373.0242985916975
394.8 396.33736133725074
360.52 357.1310957306863
357.75 355.5576862123072
371.28 372.6214916877002
388.07 394.3998419604828
387.87 395.5906310091888
382.1 373.7984124229538
383.72 389.31447613254613
346.64 347.14230200457087
362.1 369.5134444617076
349.38 344.7566832283336
379.49 377.8046749794018
261.44 260.24890583080224
275.12 276.7004834086702
336.1 352.46080682701336
287.64 296.081929996394
279.87 275.9149213413481
317.81 320.558101122398
362.37 369.2390341737411
391.37 394.59147007354306
317.21 304.463597763718
270.55 276.7835767159256
298.74 287.01886951979463
295.49 288.737002396371
305.08 318.26407967436865
311.85 305.0076854259414
460.44 459.8096766519667
296.88 324.7136243741635
290.2 294.89555507621174
314.66 311.00835368858066
342.79 334.2668244367921
322.62 313.67243642995226
250.47 250.90727085085388
255.56 276.083732946477
315.6 315.11483427834713
347.21 348.4177613754623
325.91 328.67592005151596
312.37 319.99758519135304
335.2 331.62408101466616
372.82 372.13301127453946
315.18 312.5575318171591
311.16 306.14447619856134
392.46 381.47612482695143
272.9 266.02142822904773
295.22 318.6359582047072
345.91 344.71628180359147
277.26 281.3544605559931
272.78 280.89853197129554
276.2 293.0238650407059
300.81 303.6576300703705
279.77 279.71845051899334
407.54 415.85324760747005
363.6 378.0647456701344
347.94 352.95270898897905
349.42 344.9423302416862
328.72 317.21765318076893
369.87 369.37911346902166
286.94 282.90173340125915
292.24 297.0349677942347
308.69 327.96500755351076
353.14 351.59703282205885
382.87 398.9890998874014
316.96 327.58890434662294
363.16 373.01208884640664
345.17 357.306563890975
349.29 333.785330882444
437.46 423.257783555277
249.93 237.02253339460944
260.79 257.39138561234876
189.6 178.98617350954
242.74 240.92193157014992
433.38 427.71023673563946
296.39 308.22112478795026
284.5 292.85089617397614
301.54 320.69112110212274
274.52 288.1959273771754
283.34 296.2816596271664
242.82 256.78833905104915
274.47 269.25560432510525
263.34 272.80197440367596
268.25 263.98338289910373
371.42 372.3634181282371
324.56 321.09194485654217
246.78 248.22864008450048
310.77 320.071973260307
298.61 296.0241490937616
363.6 352.26950154098296
323.41 333.09000347356664
361.89 356.50912541303046
327.12 314.89187552861955
341.67 335.0390281855497
336.28 343.43924348377095
352.09 350.9989630604371
340.67 355.0007488972234
380.86 390.406186696296
264.31 262.20329263449645
368.06 367.243131927178
362.48 360.6601052650038
371.0 371.87352646942924
344.7 335.4492727151673
351.02 352.0115887219881
246.77 248.7579687702487
284.04 289.50413985628126
260.36 265.43017074083775
313.99 330.10129300829374
305.27 292.24921317496614
244.9 252.5827614070783
292.16 309.9448893353319
350.01 342.4544649751277
367.96 366.6179983095083
310.85 324.54329346382946
360.34 345.4204077819449
340.16 328.252542696345
258.95 257.7490514955893
293.79 300.48792310035606
302.38 308.03226156174264
266.74 265.50237781904843
246.64 246.70130069634342
380.2 385.4058046297029
379.72 379.63974622826663
310.82 319.5580376589674
311.85 329.2589369413055
248.63 253.5868607760138
261.97 276.2066967211209
269.07 283.79620938295784
251.0 258.4065955721451
334.35 340.2168677450772
294.93 287.5103433946772
377.24 397.4600071389928
369.47 375.2164903982541
370.03 383.2280999010002
390.54 389.55649889702613
301.37 296.7491688035286
362.54 351.71084549679847
397.43 413.6979722621472
257.37 261.71572517191163
274.86 271.0899999892747
286.33 285.1622696605439
352.1 352.64410603537704
332.15 328.3007333642901
377.17 385.26574660546606
367.92 372.12563215181535
355.43 355.57158168390396
299.13 302.11060336944973
368.09 358.1137757673555
343.02 350.53763281061697
295.71 304.44569088934577
308.58 321.56478841941623
316.76 307.7820112711523
389.53 383.86923024729987
337.54 345.17840131787347
432.55 401.13427799673656
432.84 437.21918942192605
378.7 382.1099939193987
381.55 381.41854113258796
376.96 364.2982152034495
340.32 344.2427405817907
326.84 330.21156412946783
392.37 390.12879103196036
360.95 357.892906543353
376.38 355.6064690891945
337.95 329.36480230147663
341.04 336.3829901405422
310.0 302.145640015235
410.31 408.75416131740525
360.87 365.76766537559365
370.52 371.33519347000464
374.96 375.1666526886912
381.05 380.94607498124674
316.35 310.3586955293445
383.24 386.5906527064414
380.16 377.8629174170356
343.38 358.70304895768885
390.2 393.72948587055856
404.74 414.4209603060944
398.17 396.5954650122111
356.5 359.8286645861955
471.99 445.99656849026377
413.61 412.2502290879543
356.54 348.39029726087114
313.04 327.6303136575063
373.27 355.6349175194208
339.88 346.7513988576009
305.99 308.9318428412803
455.79 459.0137875548364
399.46 402.791874861457
384.6 390.36614898233717
345.37 337.99304974570896
343.36 338.2830494651765
415.51 427.79740493854496
423.99 436.7102152245565
302.8 298.6426026622125
304.89 287.1045709956027
330.35 333.0372083142522
392.64 393.90094775128625
355.96 359.52747180214885
319.26 323.4068641278329
358.33 351.97834760913986
286.0 291.82812285144445
351.4 342.55284002369723
262.84 265.7850331602381
336.29 341.7143823051585
355.37 340.9252511415125
345.45 344.3145535676991
310.99 299.3435663587016
356.04 363.18616491933153
415.36 400.8367720821498
338.39 310.10555534921065
326.89 336.20969306951787
314.29 322.4081822874158
413.56 417.7600415572134
317.11 318.2196212821278
313.27 312.6960932504095
332.84 324.93358925853937
317.21 311.17616834040354
354.87 363.3748412952808
341.0 333.3786261584325
320.57 313.1531257609253
328.32 336.2874221666687
299.12 296.5439836577808
359.88 362.49081774634504
354.64 364.71075196384083
365.01 365.3480891805411
358.7 368.44191246317723
299.41 299.2937549897904
288.44 272.67225119425217
334.16 310.32200865652504
253.62 242.28819641429746
400.63 378.410473719628
345.36 341.5472753910179
358.56 339.4695458079437
282.61 281.61592882532966
290.98 269.0543551816485
335.22 309.6250504231677
404.62 389.3484139398744
373.87 352.80527929198723
345.08 339.26276270884443
322.21 321.2006017526885
393.06 392.15820823269337
386.94 380.390121454281
351.75 343.6860351827344
325.51 326.23006291457136
342.06 331.22743299431136
396.8 393.35613098057445
405.68 417.8806899100856
434.53 425.32185092015135
375.04 360.65021406499307
427.66 419.6891146511471
412.93 409.3856853849077
390.88 402.710957647939
356.4 345.5319504819523
392.43 378.14666296800436
429.99 413.7260207416125
434.27 408.5785062432123
404.73 403.67968478103364
315.64 306.310853511154
318.69 316.2516357065256
342.64 332.3856604013978
410.19 420.3282338772144
331.33 321.36994320249056
385.25 369.7349820876338
364.73 362.9661225620361
408.46 409.9371241627512
324.64 304.696565369061
316.34 313.0411827217332
312.81 288.87695925420445
344.62 333.23036500463144
354.2 349.1520394952668
324.73 302.6768223979565
396.93 386.08154580807263
363.4 359.10349529620134
352.25 341.1142146686709
337.28 332.75641207329846
376.47 361.5662762385649
362.7 345.1254511740014
431.69 427.8521362654963
415.87 418.2433113286968
420.31 408.4418833053854
410.98 399.1940819669256
396.1 400.67987594258494
437.8 434.02363109260625
364.18 365.49912879993974
345.74 332.0590830431793
397.07 391.1166406039621
347.04 331.9296705700785
330.52 331.1788122288351
429.95 417.97427139390663
356.62 339.0377601451885
366.02 376.86339666964955
426.66 427.6960233687135
268.13 246.24903108565672
251.59 248.4234255723261
327.03 312.68777728589663
281.29 283.30321262255956
332.64 337.5618454953253
328.47 312.8691522051064
323.95 297.782924712863
337.46 334.4522181411439
268.17 268.3572382785935
337.5 334.264844991
353.4 352.35639090430124
290.39 278.0576159137539
327.37 300.8262484020884
299.28 290.7472794310719
250.57 257.4974042926698
283.98 268.8244799656098
197.84 203.88764541327242
226.34 197.37287595863017
252.81 268.33150436008503
292.7 311.873151785855
217.41 204.6657494685412
248.36 257.17356279788044
272.96 271.3180777445326
255.14 256.3828174533307
215.14 205.81877171675865
280.58 271.16373173237673
210.57 201.31590437810948
242.22 247.058447471808
210.05 218.16164150716574
234.66 219.5339004517181
227.55 237.2605454603645
185.62 187.64048470824062
182.77 178.4627717417407
299.41 302.77713893365967
291.94 302.35537871593505
287.45 291.43296176428134
242.91 219.48609551811413
358.59 358.22827772968225
355.39 360.3848612766362
320.87 299.61811729566375
321.14 327.29926028267266
352.55 351.16549694391756
270.62 259.5095442404511
304.2 305.3663327651857
313.04 320.6334577675792
322.05 307.0735694095685
286.3 281.29288513331414
361.03 352.6785620250711
267.17 267.22809648134967
318.85 292.62640468599767
294.09 295.968524493627
237.43 239.1741923862487
239.22 222.52000984717594
172.38 158.11103998417622
261.69 244.49274553999652
241.19 233.0877758709989
283.74 274.91002107614605
272.45 255.22968922749794
291.13 283.29020366519757
279.56 286.11140575977623
433.23 424.3690440337173
417.52 399.9844054612507
313.23 318.3322007947493
334.77 343.20637617840987
332.82 312.05782311310475
321.08 297.0631966555438
349.78 335.1136324340388
328.86 311.0694022520451
428.59 427.067715229787
379.26 372.7719020364135
395.4 388.1388583814329
326.9 327.45448346908546
515.88 614.7646022123613
287.2 265.1852384545467
283.63 264.86443904955587
311.48 313.28886208524364
303.38 301.94795236851246
360.35 360.25255133925515
333.65 320.7319512190339
347.06 369.8122781644079
348.02 332.6882222242223
293.94 300.4086441809241
363.85 341.47098362330047
387.25 364.7077358388685
376.45 385.53861064249617
395.09 385.8002790621337
323.91 326.6388652293652
402.17 400.4992413070001
394.02 389.25527792468404
360.56 365.7463905940927
326.06 313.1095906990717
418.03 405.80370522203407
418.08 423.6262478876124
300.28 303.1542964327107
370.91 362.5866197971092
383.03 369.8790576212182
220.24 222.828096191069
306.46 313.3767702764319
294.79 279.2758064330068
348.96 336.89066092475355
335.63 332.6122181685317
296.41 304.9742161124357
332.25 317.86560713264606
306.87 305.1819458666134
373.67 340.0285026483142
192.99 192.50230932276096
272.1 255.9542102653121
336.07 320.3167644136022
338.5 340.5139676616819
316.62 312.98567469911484
232.15 217.43548732530743
266.37 264.39397188226917
245.89 246.1621755202929
321.44 319.8767389823785
339.9 332.44819778143716
378.39 374.70231808375075
301.23 309.71874596108484
332.77 362.9709368863196
327.13 318.37428781650084
300.99 309.79664945916795
353.29 347.0455886677308
228.1 251.37223736797907
271.77 276.1023628184401
381.93 393.5359310721077
341.52 363.65050661166754
282.67 262.7486948075298
397.75 360.1102161051608
320.38 306.235253448838
327.52 328.63547922145955
294.15 291.4953375921648
390.43 423.76446832420714
271.35 249.5133722198647
300.54 312.1186061541555
210.6 193.9512699936711
254.96 230.52597096877383
243.43 245.62079653756024
349.07 335.48689278020146
336.1 320.3475877141281
293.15 289.26342708610576
433.87 428.5638331943854
319.79 303.5660294445381
358.56 349.7710580580542
439.89 447.40793943720627
344.92 331.3313626141362
328.89 316.25320917907817
395.24 390.1252807958866
410.83 384.6954543299032
461.21 461.2700222609063
405.49 405.504555146183
362.9 338.12267815258747
371.69 370.0446480487918
355.88 343.0726529042074
364.0 365.59897926505147
437.18 437.6094560880896
399.75 389.02506209906886
392.34 377.83514995891903
325.25 306.1089347586301
336.93 333.6641576201018
296.01 286.483571818619
376.57 381.1069141760228
431.42 416.38685404057867
340.85 333.863320468989
342.57 352.10535807895513
398.47 379.84964736055156
325.85 336.03265067354323
352.16 364.5023125159666
419.12 409.0039395006565
383.72 382.6724307130531
393.67 375.9862971415322
355.82 348.6850592795516
308.14 309.18316527710607
307.4 289.0288568243779
280.38 275.5484625361261
261.91 253.28912506204415
353.68 364.6661017594595
334.97 334.11500875998377
372.58 383.79167575040395
303.89 302.7705344056984
401.27 421.1612777747819
369.26 367.409804029597
337.05 360.88160097158936
325.92 314.07727120139987
313.71 292.6871404989287
246.66 229.9874270699302
222.8 225.0610799629156
305.87 297.2349275641052
310.5 287.58079080381214
372.34 357.8014924897683
412.34 417.6114728248055
415.75 435.6008548088778
247.6 231.69307838954674
377.96 374.8271432644228
342.5 358.8015051297847
391.44 399.37223074244855
263.97 248.33634911008627
283.66 288.0332089678285
302.22 300.33472656256055
346.93 336.12030758209596
370.27 364.0071198292925
277.23 265.0458864072396
268.46 259.9834443875223
321.67 317.06409437763006
327.55 321.9987935603463
399.24 401.824969302064
370.58 384.0493209099155
367.51 370.4493940761125
315.47 288.3484117667322
387.51 373.0456925870449
358.7 359.7731686994522
367.14 359.8560589630348
324.2 330.30051798989643
308.06 296.65959428567294
400.02 400.0117877651872
407.79 392.56815896312116
390.46 392.1047366195836
365.87 380.0148927324622
325.37 327.38428975659764
395.72 359.01886224219
403.74 414.53557946033567
384.29 371.87072708386904
382.72 388.628049158666
403.06 422.31906921075614
410.29 400.2298509079521
334.41 330.1336922215984
418.34 403.4196981012865
356.99 330.40319941371393
354.55 357.16984535498204
385.92 372.01222095887255
382.62 385.06725322001154
328.73 335.59245746949114
394.42 408.7462616642842
355.16 341.4783328079266
323.23 307.57687237855686
349.95 354.1057707911971
345.82 339.27698399761715
398.6 394.21811849308693
409.0 427.14694594292854
376.82 368.47123514147194
391.51 391.0470443753512
362.81 372.0194629691391
307.1 312.52984943709504
361.08 350.92734846967886
359.87 364.8672716474882
383.61 388.7255433232451
385.04 401.50181392569783
337.26 337.4246022063427
346.16 351.16503408766357
371.59 383.54822070232836
368.7 366.6998301409606
323.49 299.2365220156933
378.62 367.69216741638144
372.73 378.85775674921297
347.27 360.057501521231
366.59 374.5600895762822
398.84 384.82109761739605
363.08 365.54087241936753
370.11 376.794789402721
363.78 365.0605338670211
361.59 346.9831341406536
392.01 396.6571957280016
413.58 410.1510458602523
396.84 395.56825797681694
397.02 393.52837579478523
341.8 329.90414165652874
398.62 403.1598147494326
348.77 339.09005511785347
287.75 279.1275309003143
288.65 296.2352730058743
409.16 408.93645075319625
340.59 342.3167697171907
353.05 347.04467398019034
333.25 323.5165819055
303.18 297.2733211406076
361.55 362.81403429741283
388.75 369.1749504687317
356.51 345.77747057308125
348.1 348.3412640240509
348.15 326.1212723483211
367.01 351.04561351114137
367.47 348.912743696097
362.06 351.472082340812
350.75 347.4687720103173
382.98 379.07005874050685
367.84 363.4195870306775
345.53 332.6362967030132
350.8 339.5373735303275
345.48 350.9487412379658
353.42 354.0491756196901
334.5 321.33056952116556
362.87 345.0334479176305
343.88 342.19592462961793
360.45 358.53610319136874
338.54 324.5971811020003
322.42 317.6727046145665
370.52 362.496059397743
310.37 293.4560286991809
368.48 381.1946934680757
334.48 341.8195576255908
346.15 328.56935684582294
323.29 306.5883997635155
338.45 324.26621487639136
317.16 297.23253372471095
328.84 331.2998270232981
365.5 346.27726569700815
386.03 375.52092158325775
368.03 361.0533867105617
356.22 342.3483014721237
395.1 401.44522096074644
283.57 273.25311176032477
398.78 399.0796110585649
339.82 336.1853711282582
357.45 356.5127168603494
352.03 349.5646579359251
412.16 399.1146998121196
361.71 344.06506499669075
403.04 391.408394120287
347.34 339.8003239339317
326.15 327.3890592521696
327.44 316.0744372230831
337.73 331.40088794032016
430.22 436.35558033232803
402.36 406.1959032845449
344.51 350.8195625641049
394.54 406.49215918220324
366.8 367.25667236510964
399.35 405.3718212607226
351.8 351.30796606815466
389.46 382.0342628419283
309.73 289.026068302189
302.02 288.682102995449
301.84 301.54056492989116
420.92 413.49677366900886
375.61 363.15476877702287
330.68 335.9161211244379
374.38 375.9085474716257
315.81 315.56022657405947
370.4 383.2305252275277
442.41 425.9684625054424
417.41 410.8541961778841
359.45 358.67447423014477
337.49 341.2993421862716
390.17 380.8111477726703
358.34 362.5489169467391
422.94 419.728929458643
330.0 331.25996440324127
322.75 309.6010353150264
357.64 356.11185921146097
316.71 305.79368663432354
294.65 288.4258642333741
342.57 336.1776282953418
341.6 334.4563494225519
328.26 319.07153131309764
310.44 304.3381802442414
389.49 380.0096285125117
313.6 319.2878075573285
343.65 343.89045274921097
309.89 308.20348536666256
335.85 337.27674702872713
270.44 230.532963581461
303.63 260.89379747732545
302.4 296.18282180975314
296.53 289.255566651781
314.09 307.3179162286409
299.99 303.4362816809454
397.19 390.65534465695475
372.86 367.65797867494064
329.59 327.9617281813233
334.34 321.5209243283669
355.21 348.04764602818494
347.92 355.4928876178389
429.73 435.1242331768407
295.73 288.2198718561192
376.25 374.9418577841927
387.3 394.69133984828886
289.3 294.64009430731346
297.82 294.2154058625438
332.73 324.195504462858
356.64 355.17644609005913
301.12 296.7115713725347
293.29 285.4170390932087
282.09 282.9170199220867
372.99 393.71069582405187
358.63 358.059522419123
357.48 363.1162886696455
389.87 365.759312578869
311.55 318.02549061181304
306.77 314.11129092026465
342.94 342.61847849211006
313.17 309.4117356133011
385.35 377.9430188368769
303.99 305.9429562398051
389.05 374.94005550494677
339.59 327.61921795136334
400.14 369.683688865635
325.43 305.3944155991461
341.82 314.8623921663374
306.13 282.3116306562941
332.42 313.770517202758
319.64 302.8285757121932
296.78 276.26005700537496
377.84 384.6942562122328
391.81 381.982243966688
392.42 374.2562778724013
406.27 395.99695891713077
412.22 424.21087656081215
320.08 324.8999953056945
363.09 347.1947055356171
354.9 364.20166393754346
304.96 299.2047813104834
381.51 384.9215166546
370.4 369.4460367656691
393.15 395.6141643823196
316.92 335.40289489600804
365.1 366.55682609117235
401.39 409.72021178686236
357.83 359.21392724720465
367.78 358.936523452988
397.61 381.36173700549483
368.2 360.5078320876258
401.1 405.2994008169494
380.04 376.1990729270995
376.3 381.0398115869713
346.21 351.1223343089198
364.99 359.3975009134081
368.29 370.3973409077565
325.41 319.11372246464026
281.57 285.70249812862005
341.39 323.9871945879459
407.61 414.8959352048936
383.06 379.283088162219
392.26 409.8334146696998
320.86 314.6227082740546
392.79 397.40328141134114
311.93 320.59203708391954
297.94 311.1710215299877
370.91 393.99872406644704
382.96 368.7240761016575
377.56 360.11310333222525
366.31 347.72203559721703
408.5 404.21434101735105
372.95 373.9502123192621
345.95 356.80672040622443
349.36 353.6769671654416
408.79 427.3829577196642
392.48 420.20224683390677
379.77 366.47684524366775
392.16 402.7911082896126
380.03 383.4198636948838
408.67 415.97518562856965
281.52 278.2970007602431
322.08 302.80927676846363
251.26 244.79344287301646
340.22 345.4988143544461
303.66 307.30944980513755
264.71 256.4710799654615
213.33 207.4248376753792
243.1 239.08499631221665
246.24 249.24862215170307
233.38 228.37773185846223
240.9 221.4851881651637
213.33 217.7199870242869
182.07 156.26975354992115
191.8 187.59654364908678
247.79 274.58945117117975
294.37 292.6669979036271
338.29 321.8099450529091
340.65 350.7462604941111
311.32 297.24272147388393
316.33 307.6450466137087
292.94 280.3251043368944
268.26 287.61397828072023
257.48 266.61401665208183
228.89 201.15667313195175
302.45 309.80196118169084
259.82 245.20276035805423
326.44 324.602965383979
359.88 366.9856095974084
289.4 287.2244348238157
350.47 356.87614608689745
397.83 380.4312345286946
215.11 232.84171658010874
317.08 310.0728865181777
348.74 341.75996080756624
336.34 358.3421081471816
382.24 393.6296982622566
297.91 320.03160537341216
323.79 304.1113679058447
310.7 316.556477091667
302.06 302.60001815895185
310.52 303.8387331048581
386.36 376.99727165715285
243.48 250.4419823806745
430.47 385.7603011687765
357.7 359.99934786370494
375.06 370.559734699215
373.81 368.96457823569517
349.79 351.91781884887416
340.69 338.92963547371295
347.84 349.2233173174111
380.02 383.15814959085355
292.94 287.0258593212845
336.5 333.2871575733475
363.72 345.9937387850475
334.14 319.599885202394
309.41 308.39354498691597
282.68 274.9496758568433
297.79 289.5775530241089
322.59 331.16380499918006
367.15 366.0493351163081
358.99 352.94553266153366
360.37 365.82453732993906
333.26 321.5514655992861
414.53 409.65678705568354
283.18 287.61339823443666
292.26 295.3234349350064
347.44 347.16031093373306
362.89 368.5619280006847
359.92 342.6393316985071
340.21 330.2529844841875
327.41 328.05592074209466
302.41 286.5946779721654
382.36 384.21069657256083
366.33 359.51657706091027
363.16 367.4733749328429
341.24 346.5410390898607
294.83 300.2207873336813
329.58 334.16189839114753
284.69 298.3303516885405
345.09 350.0801383730696
341.98 341.8784374145274
343.11 335.94267260322533
301.55 301.4036933211388
320.47 291.154301726597
316.62 310.82831381354487
298.66 287.2662610935624
302.59 303.4120159192833
370.73 370.6830075792752
341.88 332.1231163083447
340.41 334.52477314696887
297.07 301.0614004341695
322.84 313.42743546106055
319.43 329.0624598884491
384.92 370.28904379260945
333.51 338.0901086614909
356.14 338.1705267155002
305.82 291.32819016632607
249.18 242.59520454108866
251.49 246.9698752908821
232.4 221.49706204960512
308.69 295.9731917489994
233.7 227.1356506703978
308.35 324.9378411900094
387.35 381.6661967116888
350.93 331.73621531220715
345.96 345.1612754297653
292.88 309.4805488295179
225.3 228.7051279391932
266.22 253.3223424466207
329.13 317.1901556503969
363.82 354.3797395159935
325.37 312.53508942909275
311.26 301.7147534999609
312.71 309.6563764708591
348.77 336.09086539173677
329.41 311.82915904137
302.2 308.28414036043193
314.23 289.7227170783639
305.82 303.13962876410875
287.07 303.24373372098034
351.03 343.85227306916596
333.66 306.2928138207306
370.61 359.61850491402146
255.34 253.43968417183132
199.12 195.37265638904594
305.81 331.9509623539315
226.15 216.66003815534359
256.24 257.5267184051616
292.85 265.82880380948336
268.14 226.33595601404505
209.3 189.62292583326825
228.69 219.89710866619941
304.53 303.9510713926618
320.62 300.35929308110246
353.84 369.67523183528647
381.85 380.55737621382355
378.69 385.02976934516755
376.67 369.00230506944763
331.52 349.66573523648003
327.93 317.9688865499353
318.91 312.05227662078465
296.9 309.3165613890019
307.92 301.95129931653224
378.31 373.6641264395398
346.06 340.0338966712486
346.91 352.9986564294669
343.08 346.9388392616129
370.28 362.01578838949615
286.58 294.34208000763874
326.16 324.00915876109127
335.2 314.9919257641287
340.58 334.09555039912476
312.92 288.2040100850672
286.76 309.5342760133345
297.7 299.1929878241821
413.35 375.7280674059893
409.63 383.3351654702554
371.32 366.7374996324963
363.04 341.42085430007774
268.58 286.6415258085862
335.05 349.2096610369786
321.18 292.8552786796895
348.52 348.0449828859961
327.47 313.2857596548648
300.7 299.36946521950415
361.54 369.09534588952965
302.1 308.08235747101355
363.14 331.29259786780824
337.99 310.5670340530426
314.86 292.22006434046557
347.3 344.4694510222199
343.64 331.8401033378428
348.6 349.8968648470584
345.18 356.0603674733907
340.9 327.0350455474239
358.15 369.41316501153034
347.86 352.3706792542306
335.86 347.91944533643687
303.85 313.3506994002196
316.92 296.15920447828364
338.81 348.2862873092999
341.15 347.2150251436467
395.4 378.93720464007095
380.35 386.3042084028968
371.54 369.2450994752136
332.94 327.4556356696253
275.61 283.34241106217394
351.95 349.17674307280186
366.17 354.02165168617125
362.22 354.5659150193963
309.42 318.530760047935
306.01 297.00497866923746
329.9 316.8548345559946
343.05 334.392041486112
315.97 317.88279025293645
365.46 361.13096754062354
352.76 349.39799918433
351.72 336.7766964126275
329.97 313.6356352844626
373.58 346.6062462942291
315.58 308.4139274068359
309.45 325.50004791097723
329.48 336.7787338622912
346.42 342.1075250987018
332.13 318.8385989173385
349.69 319.8377110843959
321.68 334.9783886926144
284.5 282.9902729503104
284.41 271.03040676532646
339.1 352.2273999926311
339.23 332.44483018613226
384.61 371.9358294773625
366.59 357.7288647270513
307.4 316.92344308066185
322.21 319.62288324484445
387.55 399.4912101627773
337.61 339.0248501679263
332.43 332.50325558143703
361.3 336.8289223283854
358.51 348.5616595601635
373.72 352.32918179773935
353.49 352.6778014933873
381.03 357.9555716114656
369.76 363.5651781820767
340.54 333.10700516838136
329.83 346.38526195813927
345.53 319.2833700301735
288.86 291.72650539508396
278.82 283.6017443858033
280.47 293.9728550952947
309.76 305.13147908037547
326.16 335.8763452234195
294.27 280.4362831355993
316.29 312.0174670119504
335.57 333.94936441878656
337.85 331.3118334920714
372.47 376.51864673212367
349.97 334.8913182062562
348.65 337.69992043325
296.67 294.73102597450384
319.39 336.95213496516624
308.47 307.4674251010138
357.37 343.84531732848154
340.12 334.77713584496036
339.0 333.044579770798
304.23 297.4038779781296
333.77 338.1108265750945
322.2 327.5825579604938
306.27 302.40363464109885
231.26 205.84762921433463
264.58 243.5682607245261
332.64 330.48255276427597
252.84 237.25341249374011
243.69 235.04907593663393
304.63 317.6352323423306
281.99 252.07277363874877
292.98 275.62588003833054
143.45 125.44230786651795
136.8 94.86883996384135
298.87 298.58454416796565
315.75 305.5408318802497
317.02 312.1788939018804
301.16 266.4299475194996
276.92 250.8632129056871
288.06 280.02830245894626
250.56 249.80771764521523
319.09 313.501021171949
340.74 339.7426269550192
297.42 320.24906875201515
336.4 347.2305857082463
339.75 320.5323177848945
274.68 273.64397065049906
352.85 382.5874316407281
327.93 300.46071643578557
315.87 317.84983918683287
326.49 319.50149477393717
282.73 277.10152185268265
349.72 318.4044956525354
352.09 342.5298897050338
316.89 303.3950574513837
328.95 311.4871117201645
324.9 328.4744115839013
296.3 321.90476628767124
216.09 199.02497450359192
162.56 141.09825372581204
280.4 199.6607287563671
324.84 320.25372473648156
262.71 210.80405873111562
289.01 302.3677749420278
348.06 338.7475869243268
203.42 196.83412723395145
274.77 261.5519098049086
236.5 236.65309092564075
273.74 255.9827970436091
258.96 272.8721494968306
266.34 257.06922485530015
337.49 296.8867817032896
356.04 328.0950263048571
270.34 279.57139938022965
280.29 304.08720361195634
270.48 243.50696693453972
299.51 289.55918530035785
223.37 220.68125972260506
243.94 229.72294521801388
351.77 346.9501853148105
234.47 215.53379573702796
312.45 307.1660641085745
152.7 167.37716182028794
283.68 285.89780114086375
289.34 288.63815963222885
316.6 316.5247089220399
324.6 288.566433281335
291.47 313.585665541538
301.71 283.71675961520066
341.35 325.79301552483065
339.46 334.6135470634267
239.71 223.97123992358357
304.54 276.7785999017509
203.27 193.91537342707164
344.54 345.42575034353973
287.69 255.5087556175227
370.7 374.731134859783
363.58 361.7157469723444
301.06 290.40486246386854
262.8 251.06149429238098
365.27 356.6538403732411
258.21 221.84768186811544
303.41 279.88306507471157
337.13 334.2693740229082
316.12 308.8413210642555
310.53 299.4179545444636
314.04 311.603733356802
306.02 294.107118397291
289.39 278.5415337106157
294.58 309.37439439173585
327.48 336.39427340860715
289.73 289.31083128306204
251.08 246.60691742653844
216.58 195.56671793930633
303.17 298.0120511184801
175.38 159.98866998425828
193.56 186.83009091315915
211.72 203.72747006117098
246.81 235.472340556295
279.98 266.19180477310726
326.01 329.2936400979877
267.22 257.7397946247328
