171.95 166.1979617632078
203.37 206.35301634193513
197.06 137.5836634170754
160.2 122.6631939782086
218.12 227.1709475104007
207.16 200.87281337903994
288.87 289.649852317526
233.35 218.42132305995182
202.68 191.07150765461665
240.32 242.42087899632145
394.65 406.18271858450134
279.85 297.60287327759556
353.85 327.0960107604362
566.3 602.7721949929198
345.43 325.5890257308117
377.06 373.9295090453389
168.63 145.23763397660076
304.66 257.7785428548909
266.49 213.95363321606646
400.82 385.69099022194024
361.74 371.1980973398447
489.16 486.79569546042023
399.03 362.23660071475376
542.9 541.5495772655884
411.29 404.11652839553085
395.67 395.30599583550475
365.96 388.55099870577135
644.62 669.2666299337392
860.41 857.2179832923208
477.78 529.3454647869867
493.71 501.4547064278794
463.99 485.89708919996684
609.44 617.6473719276746
557.56 548.016141035862
671.93 652.64374537848
661.73 651.2732802728815
913.18 883.1961516751712
831.56 893.7243855258705
395.08 391.4121534858012
639.48 622.6354411106543
551.57 580.6382398730719
686.17 695.7815895613555
756.39 766.2382827981539
585.55 605.3047583146835
994.0 1008.503199615076
538.88 527.324636300199
657.44 724.6882915271957
634.67 623.9561236122046
659.96 635.247494870609
877.12 886.3068189613741
823.77 841.9207540767513
466.74 441.48215054650177
606.94 593.7503603005744
767.07 785.7399450853961
664.11 667.3149460029917
425.47 390.7563012800191
503.64 475.6630250237368
606.97 610.1253572766643
356.74 374.5012179305378
478.48 478.2407923278266
537.54 543.6891003049429
557.23 585.9672661244307
574.82 588.9852844690225
448.56 420.55857972032834
657.48 653.8046757525515
618.82 640.9571777304135
568.16 576.2166238649028
627.85 646.5669306593466
533.65 507.63704158497455
758.28 776.4502557323283
691.24 674.4330085697175
602.8 603.7845090064694
609.84 617.6003515141974
769.88 748.1921673302095
457.5 429.34294028734416
515.68 554.3097657981186
529.36 560.4233917003642
596.23 595.8550678328745
643.26 643.5368713396384
560.61 546.4659854381225
661.19 649.3430190272079
915.6 910.8918586224606
661.88 669.2842038109193
728.91 699.5172237238318
672.75 662.8259297386003
836.88 846.9284651184855
377.63 394.49703239989583
603.54 564.8791563840205
691.04 662.8397334658962
646.09 651.2554259069882
645.06 633.5505071723086
541.71 554.274984398324
665.28 639.9256172173825
757.19 759.3493167246825
759.38 738.5943652277324
685.53 678.6687052240807
777.44 722.4741658620065
774.09 816.6720122868451
667.72 642.9869337008877
797.19 800.2717282533474
600.74 617.5472373337834
323.37 330.6285885154841
492.88 498.5213028414157
519.46 496.03988150065163
622.53 723.1352045928993
487.25 463.2039414430693
509.49 528.2293354820019
379.5 382.706885248798
621.55 636.7226099971022
482.97 473.19886849604694
391.32 366.68618869460806
567.92 546.4838331061964
711.5 753.4398150385132
513.83 501.99088957887426
756.72 746.5917583714986
732.6 746.6574051684514
762.29 785.0896246286386
618.05 631.5576697756762
581.95 559.4950240867998
622.35 599.132321678659
542.87 539.3623837300106
617.26 594.1412119499457
694.28 672.9874964214066
675.39 680.4887381245336
571.89 548.8440107430816
724.56 740.3229518109599
718.77 681.7404841143299
615.11 632.2955370876488
674.53 676.6456603697229
693.6 678.2545687533052
580.45 520.4039574526457
691.51 679.5090020073978
759.61 813.758421429123
657.64 642.6933524444744
628.39 618.062990022034
561.91 563.4062850678197
612.17 602.0666012836898
595.13 631.4496474068044
874.77 928.924540495306
728.9 754.4549476288057
736.69 732.2912135920175
750.69 737.8496804257638
594.51 578.8862751480765
653.44 672.7589563419101
567.55 551.3008194455241
643.01 690.8298252892052
511.88 525.9496160346832
691.37 693.012199244887
652.83 639.1484689455269
609.66 592.73654311846
723.52 695.0565050839521
757.73 759.621871733485
532.88 565.8526384805007
537.18 540.0365964023237
291.79 351.83029412125165
538.23 542.2760972949825
717.29 750.2199373351712
620.71 631.6814199416759
619.93 610.0194101427317
573.07 614.6118078494812
644.35 651.943992801852
561.58 554.6611958171237
478.92 502.3241236673628
483.8 490.9964078339578
505.73 500.8735127657535
609.89 686.1784893549076
556.42 579.3960028362592
467.7 475.7629180198642
525.08 517.4572767684849
427.53 455.02785861063404
496.46 508.11884638221153
559.01 596.8114704756264
884.43 925.3185445071085
899.21 829.7000942564948
920.38 871.9393952210868
592.58 597.657100483867
1046.91 1106.719340825995
811.4 790.5343535892714
951.46 903.826680519031
898.35 923.0777900554142
738.37 755.9486278864861
708.42 687.62212290255
1040.68 928.4682916686854
895.37 890.0805490056878
608.52 601.3627690415108
239.43 406.62985678068094
505.29 574.3183290571543
933.29 900.7123534278132
991.54 927.3666164628776
887.77 858.8238691046142
840.49 823.5655860690714
656.42 644.9458950494287
850.38 866.8266434286127
594.26 603.7132844892913
830.16 807.2596711350049
769.04 788.7480625528735
819.53 846.3275521747254
908.32 913.9603861107731
812.87 861.4395832812081
770.7 803.307854371395
723.39 743.5521366326948
818.3 847.4206048747285
1024.65 1004.029671256466
1035.28 1001.5991868441148
1054.45 1018.1411457987866
978.37 963.5711546503305
909.56 928.5645973317062
1012.74 1039.4196981308014
753.76 721.1422387424839
727.29 781.7136587543121
831.25 827.352414364236
933.19 918.6209873504794
929.42 914.4443632189804
755.98 778.0920932126239
763.66 717.4463902330144
798.56 779.4175844055303
791.62 802.8016631225257
642.4 642.658515151443
940.38 943.2409996414898
908.97 893.6919607754664
962.07 964.2075206604395
754.88 754.7045884871336
756.19 769.4749673371336
853.8 877.5363706460626
768.2 722.3422951087832
1102.32 1033.7112401622294
1086.18 1048.4141318182699
748.91 724.7945043878807
887.59 855.425408539837
802.18 788.1321687739774
857.26 855.0522291260577
918.64 937.9257981900254
788.64 755.1734006968438
992.75 996.6766486921513
948.74 1013.5161617032031
941.91 972.7802323889639
927.91 940.2040059091565
910.94 850.0517147562754
958.72 937.2030651423604
750.94 773.9117906974907
977.25 985.8772450912096
848.64 821.6113615694501
1091.06 1046.0448131819044
1019.78 980.3448630600471
1004.54 958.9862368387996
873.83 842.5527246300637
1087.18 1088.4753435414907
905.09 883.7027055057083
711.89 755.6633242250609
804.88 798.3022613850372
829.32 852.8480090721548
906.76 912.656175615677
840.85 853.0706075689254
775.16 780.5781494363093
486.92 468.33704973568774
639.48 604.4599801796753
576.18 584.2374212477206
682.66 651.1019433907043
726.13 732.2415320743088
890.22 911.107077664112
926.83 904.8416684294787
774.43 787.6242715217179
758.13 744.5452352187131
786.94 797.8699837919344
769.23 786.4102983087982
787.45 769.2937805951034
760.88 815.4307905572339
678.57 677.8650184905907
807.44 816.6315669222472
769.02 764.741990892036
595.77 623.2214432228201
819.75 852.1745377767579
896.42 875.020667244441
868.33 797.3806416218355
786.24 794.18589664504
774.1 764.5853195962904
878.19 878.2625918483814
755.83 774.2989517940664
763.88 735.2727539550033
854.57 840.7093136821063
711.27 719.9223489269546
468.95 473.69330168283534
911.91 907.7541299010306
801.04 837.8957582685493
1146.85 1039.873756516567
1149.08 1055.8171589199524
932.78 953.2628100594063
1127.83 1076.3638521802843
1171.05 1131.7049266500917
1061.53 1056.2001240542486
892.16 910.8507981305809
1022.96 994.3556891673093
1253.46 1241.818262624727
1042.95 1040.046141958615
1282.35 1240.4114238616307
1285.77 1258.5857497863528
1142.33 1106.3083100040085
902.65 927.4615973708139
1047.48 1063.5531958320353
822.83 838.7779594837663
1111.25 1135.1196123026045
1124.72 1117.307360246648
885.85 896.2367658595504
877.59 930.8973871970702
1037.11 1006.6183324251776
1136.67 1140.9979432590233
795.68 809.7781888227744
1050.41 1074.434673250821
1048.89 1029.3319602101487
916.34 923.5401242032051
1064.92 992.5946771639531
1141.08 1108.9719538310517
973.79 976.1029349612602
1051.82 1005.1638364240171
1076.34 1095.935212278128
1180.11 1174.3914102477443
999.39 992.3084595152814
1111.98 1054.4368727143228
1002.66 993.5044743070048
1298.61 1263.315185174512
953.16 952.7557191256715
1138.8 1120.9525682452368
439.01 447.2111643904308
701.79 727.061592165378
647.57 665.0230063043919
726.27 753.4210576857088
494.79 493.7902582997165
888.13 879.1107589487491
884.5 869.8573362455656
975.3 955.9444590720858
804.43 844.4370241499943
876.3 852.8863630464847
1030.41 1040.369154613782
672.72 689.2831486355863
838.64 847.5116898634894
773.71 757.5048254104347
895.81 881.3637980852218
751.87 769.5275364020077
643.89 639.244564005
716.6 693.2301547642821
894.89 879.0700084451048
781.57 775.8751678143253
1020.34 1004.0893622490198
891.67 956.1357267570882
876.64 861.4574454697799
926.28 942.8484535338049
1013.85 1006.4702409885641
942.33 954.947087956444
885.07 868.9034143000306
841.58 828.7489283273378
985.55 1006.6313163712448
766.05 777.1203141710446
915.87 907.8183935181921
965.02 988.1113913443876
819.65 809.1663325053694
821.06 840.3150807079535
773.2 790.168770740496
1002.24 1007.3866222058565
985.67 964.8312657234438
848.25 911.8678225566555
997.04 996.0260771303825
742.26 706.4765350350909
801.72 764.7429376506485
926.58 907.3128669739237
879.51 867.680370063847
787.72 760.2083338244133
960.37 990.264199151623
985.18 994.8013368086952
883.86 822.7694440487271
1078.41 1087.4779961397326
989.24 997.0035032909949
633.27 653.5065570496765
1019.36 1009.6255371577885
762.24 761.8703582578136
993.94 945.8443527332395
663.86 659.2832722951032
714.3 729.3956763655258
608.63 621.4409170864208
555.42 590.8365043010463
615.87 638.376360502713
512.19 465.8484086752294
767.9 757.960318538968
884.56 875.272042023583
997.99 964.7437835349692
897.83 893.4405325196037
992.58 981.1870366650801
815.82 852.3302574029112
724.41 731.5612355144801
798.58 814.1490069777827
647.96 746.2888420923855
582.6 547.0474955315569
639.46 649.0146187103779
850.01 843.3495134172302
675.94 646.2976015391941
715.28 723.8162749927919
798.17 829.0166615241917
683.78 694.6498150770419
682.69 682.0823473341069
968.99 975.6896346196868
824.5 851.2196625794548
910.18 895.5753264880273
602.92 598.1988417626951
883.14 869.2361008713494
429.4 411.9362672309601
624.0 648.8401015002382
947.84 952.033337435372
707.19 709.0936383283523
774.2 754.3335807578962
710.92 671.7590031874342
956.44 956.4787559570227
787.52 825.5804196716075
671.71 687.7265730021711
806.27 821.6730411582498
603.51 613.4692105915487
769.66 777.0910315308282
654.81 643.4652388097284
823.44 772.9202815943952
669.62 678.1450099143813
758.45 690.7622178730195
876.74 887.7698762205168
721.86 747.5360771737674
613.74 611.3607563811477
696.25 702.7190305706197
861.17 863.4671747931775
698.91 710.0924131248175
859.06 848.5551823537303
631.19 625.613573839993
518.64 540.6759050849867
574.66 604.5156305868005
814.89 771.8401376936308
571.38 586.0717889750817
751.94 747.3711640694273
959.95 960.5676285593875
841.51 849.6868305526793
957.1 974.7989929722465
905.79 880.2755868410711
682.37 685.9996475077171
611.45 595.129370885373
985.43 1015.9232687268866
845.36 837.0334621319352
707.87 698.6670441548076
792.0 840.2273793962474
907.8 888.6868983598854
815.3 795.3093228411982
529.79 526.9262476455533
569.72 572.942026691338
839.22 850.3193134755039
769.75 793.270915500875
913.26 938.9861955742545
736.06 755.4202945379303
871.84 875.764354004772
840.82 871.4283292703971
962.54 962.9501008883042
1199.24 1090.033129091515
1028.15 1031.9512416548323
683.88 710.8099163636768
688.82 693.0540320402215
1184.09 1139.869485635112
952.32 932.5409097724817
752.58 692.9935210935482
1110.8 1105.1258308289296
1215.12 1201.0452770001261
1064.99 1079.1421500055847
923.01 961.9648824410381
1289.38 1288.8135249822426
1025.25 1075.015642029729
989.11 951.8758014375352
743.39 747.8273429277573
1006.17 1011.7464703909291
1010.79 1050.0647962021126
870.11 851.2039988041059
898.65 898.7240545690831
1021.93 1023.6685069234031
910.65 917.2077111606197
840.89 833.422260097675
914.25 886.9454539857101
805.64 810.5685031200376
720.68 733.8803720185622
774.31 750.5654281880682
833.85 824.5377555358157
1085.52 1068.2725985348827
1164.16 1181.2264171989955
1131.12 1145.1564530271498
1087.76 1161.0783604503802
1140.28 1137.6469123587926
1071.23 1062.860660376863
995.18 997.718339887992
1028.92 1095.4074883951112
1149.04 1099.0377610162607
1055.44 1033.4010982148252
1261.23 1254.756433437517
999.14 1005.5794159702891
719.74 738.9181570742372
791.63 768.8940985937272
869.37 853.4577036521844
1070.17 1064.7684746719524
841.72 859.4561919826383
823.76 842.6108221358968
718.5 706.404811291736
767.03 750.818483300696
842.35 849.5931264800043
863.86 842.9227951813618
1014.43 1001.8652502456853
993.81 993.1070148755732
880.36 962.2763358703384
1050.66 1084.3077086248395
1043.69 1018.3049260409833
995.06 955.563626134269
1116.83 1098.9129129112014
1102.82 1071.7685863930935
924.87 896.7580203287
1123.29 1144.1590953369684
1012.16 1025.4915758858015
1050.22 1064.190290542336
766.87 786.7011603484714
917.06 928.2007166329365
873.99 907.6886749056723
927.63 895.5422186648402
931.94 939.5384362797008
989.69 979.6657248837157
848.85 832.8229700645065
911.56 924.7739818587518
1129.45 1177.4545493369815
726.12 746.5638461798526
986.74 978.0763204210207
1093.71 1109.0521455232708
835.76 824.6600882782884
981.26 1004.6611718775476
1019.73 1025.2485630235656
1091.43 1052.2828127004161
1105.44 1122.6135100714191
1155.46 1176.2008267726396
1169.86 1157.4317425805743
1241.39 1247.1191730374394
1081.6 1073.5803260381458
996.78 979.2040001956909
1118.27 1135.790054571743
830.22 822.9460957672518
936.0 951.6845932324339
1122.09 1139.1269259887958
1106.32 1145.0121470333781
1224.34 1217.4938973150372
1199.11 1197.5750985881243
1180.89 1183.68926448061
1137.74 1147.3001849372934
1018.74 997.1919595725385
1291.16 1281.4539602521186
1132.45 1118.6256001333202
883.23 921.739667623978
975.4 986.5369426270879
1243.79 1220.3951357750434
1232.43 1230.8398084028431
1038.97 1017.8399073183076
837.04 853.7574822457135
936.86 965.7367489309609
686.8 672.1812993425453
1033.32 1056.6212607762707
990.01 1013.1311488794781
990.31 1010.6697112620291
925.0 931.2532810507445
1094.16 1094.191402941178
845.1 838.8473737022332
1119.11 1164.3930426039253
880.19 871.2339226111761
1016.23 1030.586317572105
943.06 960.3672717106601
1130.36 1157.4393583022106
987.94 963.252334790096
904.74 943.9441019041561
1031.08 1041.6615156330777
872.82 831.8186136518922
1046.38 1012.7683992936563
1008.17 984.5091378276018
1042.79 1089.5031188057299
977.39 996.2854104128343
843.15 844.3960828220497
983.73 978.1006594882101
852.88 832.1957488123148
849.41 812.7369983048086
787.55 845.7947141680542
1141.62 1170.5986788963185
1239.7 1228.1739396654539
1231.98 1203.021825719143
1083.23 1034.6445735592747
1122.07 1100.1908949844988
1080.2 1089.037330422047
1140.37 1135.425618199282
1122.22 1094.2878425962815
1087.24 1088.3524539589444
1144.86 1140.0629881630302
1121.76 1172.4552056730756
1169.73 1163.6203157089435
1147.83 1176.5449455272565
1236.29 1200.4058410229218
1099.55 1124.8714281976268
779.01 820.229799981806
1261.18 1245.2779139397373
1005.68 1005.3808740807588
953.47 932.8708180848171
1092.22 1149.4296559842783
771.13 791.9355003979805
1242.41 1269.3028148351323
1194.4 1213.2780898477463
1298.15 1256.8857834109717
986.96 999.0195930740222
1134.74 1173.8368907861961
1082.81 1092.4415930207747
1335.73 1275.2186345519176
997.27 975.6965431396982
1142.31 1184.6384382179333
1311.73 1290.612081515335
821.06 818.0050903323793
1000.79 966.8678222988656
1088.85 1147.8899723121863
1089.88 1088.771689080085
994.55 984.2276213674261
1132.29 1149.5644213204632
847.22 901.4390971844
849.3 878.6595762789259
1209.33 1183.182593643966
1154.61 1146.072149626921
933.43 926.6512394057062
788.3 799.7000364817891
998.59 1011.7383828372052
967.93 936.4697158976053
994.59 999.5612013360178
898.94 908.1944146138795
826.6 814.6849350799221
805.5 774.9693931151328
772.57 797.7554481093119
1111.86 1123.2377762528035
1104.47 1138.179998879211
1100.94 1074.2757671638929
893.46 873.3550832727985
888.94 913.0560055000763
680.88 686.5458268782679
1077.18 1090.8906715035205
771.04 772.8315904211814
1006.33 1006.1441603816252
846.04 823.6894536838381
1196.28 1193.9562738733994
971.28 960.856779213577
767.17 717.689545495527
878.84 868.6409928073805
1041.46 1072.1889852346055
848.07 835.8800163105067
1054.32 1044.2229948427475
913.71 937.2103223386894
992.19 993.3530150022019
667.54 694.3024087568119
867.95 833.17585653912
888.27 922.2102638333827
828.76 821.1227820461249
1084.79 1105.8198104763403
751.24 764.3558465793193
852.43 861.3763155286649
1242.05 1223.689530540034
1071.02 1046.9530051578756
973.33 1031.1697206600475
930.71 930.6860934838604
1116.72 1150.18190605216
1252.22 1172.493922886069
961.43 919.8022200435869
1235.21 1198.086651143491
1053.29 1095.9690841165127
951.41 965.1164812478659
857.92 861.6274748809794
788.89 782.5202870477067
1158.03 1148.6267532072125
1150.27 1184.3441650356372
1176.71 1172.056891687533
942.64 925.4682648805424
1045.25 1033.5382489408357
1196.0 1194.0919300274375
998.77 1051.0332496653646
1003.49 1065.4132101795205
915.85 940.9213306174775
1080.64 1055.5386323803818
923.13 933.4637652355339
976.57 1001.5591614290731
951.48 949.2045981448472
1223.44 1227.198722157535
1146.06 1161.9169541099895
1062.29 1030.8502194183188
1066.48 1072.715817177787
891.83 907.8751261324369
1101.33 1156.9073125899429
993.86 966.7245825461952
1198.43 1177.529615799881
1131.38 1129.7400115001064
1002.52 1004.1036602939203
1131.27 1123.6066325523107
788.75 810.2403025648439
784.1 799.2641910562772
853.02 824.8127570586582
914.63 913.4235868684834
913.52 921.5230631578888
1186.57 1211.8311583267846
882.45 914.2274057143982
1077.56 1095.0247062841963
677.28 703.0486765862103
633.28 654.7476340543172
830.44 859.4947625278774
868.38 865.1082755651735
1181.63 1196.5590226362851
1093.22 1082.8973831629967
967.24 959.4023720877065
1106.11 1105.137388640174
1111.01 1158.4600369336165
986.77 982.0890806984996
1183.98 1184.7535988521627
1152.94 1131.9084117257507
1136.5 1165.1973252701378
898.55 883.9027451473873
1138.23 1086.6286506593817
1039.63 1040.5006327322426
1326.4 1237.6851821984037
1023.51 1017.2231360809444
1178.91 1188.1198536007944
880.68 881.0087117749562
1308.02 1242.0335749014112
792.36 823.9402369834862
860.13 900.8076613725759
882.77 897.9502001468552
973.23 985.9005216964265
675.18 664.9442678990085
746.73 718.7141489943835
675.14 665.0212384267041
708.21 691.5949762243206
802.61 796.7193718773926
662.85 672.8639757761628
912.05 858.2740549786497
990.74 985.4662383681525
879.53 864.7558340376227
700.21 714.4295637256298
691.68 722.58129549879
779.78 798.5415123047101
677.78 710.535493379595
889.52 894.9333409679094
890.73 902.4676138039638
808.48 806.3481333913694
1027.39 1034.5240556648907
907.54 910.2605157363209
988.77 964.4605857364327
863.48 868.5139654458063
710.0 763.931137072897
880.93 880.0645052309843
742.77 758.6741269841827
1026.07 978.8568226028865
933.57 933.8628853807425
811.86 810.6400800874424
995.61 982.9737310700979
999.19 1042.1949644960682
1052.15 1076.5147003457478
1016.3 1035.4266287070195
547.87 545.1517700379756
878.79 820.8196187284955
983.75 929.3859294116146
928.22 948.633697554511
984.2 991.0231577209956
902.04 874.6930811172272
516.12 524.941529301557
745.19 770.7506224694483
942.36 912.7071993969871
1171.93 1203.2921859450107
1006.01 988.6158488224058
923.95 945.4530461943675
1077.9 1075.0521842675428
925.44 913.0612716076032
987.51 970.0222903882266
873.24 848.6551563130171
907.07 873.337879477353
913.44 937.0478604557637
1207.99 1192.2204410121644
978.62 994.8326128557114
1047.76 1052.6163504032659
901.63 910.4523971868061
1102.83 1119.3096191687025
657.05 668.5038627047804
1174.24 1223.3337882968208
721.07 729.7528307815394
993.85 1059.9084257944603
787.49 784.5217896317909
967.16 960.8163831326809
904.81 888.7882888138158
796.47 819.768462895488
1016.78 1012.0478025320824
943.37 917.5184081153593
1042.78 1043.964956072464
1053.43 1067.1038989545143
1013.53 1042.5705088803654
945.74 931.5202988214575
912.04 955.4068005719209
1084.56 1068.2581499450857
1085.32 1098.7993502516674
1050.84 1014.9850973413334
1069.11 1079.880222528116
1111.35 1100.6092029925794
911.76 900.4501531913834
782.09 837.4633993532784
1071.14 1103.4859783410448
1029.23 1125.3701746596173
1050.13 1032.3261556893995
1109.35 1160.8644345515181
1112.79 1133.5671988050494
1015.33 1014.1612358727414
1082.33 1095.6033154148215
1050.44 1070.8746451598226
784.61 812.1273471582901
945.26 930.5799609061977
973.83 990.2599734878781
1063.62 1068.4368379298046
877.77 872.8591196537625
1162.23 1142.9870776317841
989.4 1028.9402045385152
895.01 906.4868743886728
945.32 975.3742031894358
957.01 923.9825045722821
1071.27 1074.0671787102747
1132.12 1104.6135146674897
1080.64 1115.0415844693352
981.46 989.2110978964815
1118.04 1131.5682771275033
1079.21 1086.8474804875887
896.23 913.0925625016796
880.62 879.0669670661119
1144.58 1150.2959747647512
894.58 908.322704303024
995.68 960.8877634653197
1043.03 1011.8321274074394
886.42 900.8180494343203
824.77 820.5309992445235
917.15 927.0358498012226
1161.51 1128.7847456205511
1142.26 1149.42278750973
985.15 1013.462914550171
963.66 958.8824170666023
1137.75 1155.6950323052072
1105.59 1086.524868813746
951.4 954.846776783259
935.79 931.9477148039576
966.57 1018.0955073922071
910.6 889.7904068287557
823.11 855.0896991463678
862.73 879.7498130861081
1099.05 1116.4458829027242
1046.58 1052.5087748010583
869.94 884.6274012950541
1063.65 979.2037893081736
912.38 920.1211898375057
872.42 890.8359453790313
940.41 992.4458473315349
856.67 832.7350927587136
954.59 935.3036310672503
1112.54 1102.0043143435742
868.44 894.7693910978921
1088.19 1060.6013893914685
1017.18 989.4927045187594
1039.93 1007.0147802431823
774.31 792.4325164077093
716.3 730.5081028555853
962.11 968.3848943151139
900.83 857.1838289999852
945.32 952.2924593124258
832.6 834.9054095105083
1112.35 1157.9979605144508
1084.64 1090.0775006376505
1071.06 1075.6696309984911
907.83 943.2540664540379
911.65 917.3813402699315
671.69 646.3841414430512
686.6 710.1159289027097
959.84 999.9216531459741
684.25 762.5509162956216
1135.78 1112.4076547974278
1048.87 1042.0194935630138
748.98 795.5791257092427
859.93 826.6594880113407
1039.05 1017.5099119810211
707.98 706.0136976633985
872.5 880.0815565332488
794.21 797.4611130522927
799.49 797.5462956860633
793.84 779.8776807529166
1020.9 1037.6470035044385
844.82 887.9115881519633
1064.95 1033.5632083518549
1076.68 1088.4982695124118
1091.63 1077.5200123893042
1025.65 1035.3364380599144
855.14 872.3764619287085
1087.16 1059.423448969559
898.12 904.2218531875469
1155.37 1160.7220335696265
929.84 987.1105600154126
965.79 975.3989464547822
915.78 902.4067443830959
836.23 841.52675431105
869.19 919.3551329524629
952.41 914.1142831511258
1136.83 1074.9921600057637
1079.09 1090.0796644437269
809.03 836.0017491516871
549.84 625.0601057684937
661.47 727.7787036098948
1175.44 1163.624230610838
673.98 674.1787243361439
766.38 784.6402570409064
816.07 786.8751871330553
926.94 996.7192115578291
903.26 973.8584408305685
860.43 841.063564023731
547.23 599.1353508728635
582.69 604.0224163174519
1030.3 1040.8551474277874
917.08 948.8804259187682
942.33 1025.9505357723642
688.18 721.5457443221758
480.72 524.9268593340225
504.33 546.2221660696516
680.62 721.3591480678729
830.86 799.7089753002581
870.62 881.3893287497538
911.86 941.9651365338917
784.77 800.3726972915417
912.99 864.4433921641078
970.66 942.7106079394299
1008.17 932.3732394214285
728.87 748.4977918591849
1037.12 1011.5539125674079
828.95 777.9951261138965
796.95 802.040507908189
998.86 975.8675327733224
983.79 962.5363419218696
761.86 778.7114940295338
970.1 905.5688267032948
763.66 800.3784719917918
931.78 822.9027425275731
899.12 900.4077589769801
875.16 859.0867838904811
899.1 853.9635529508164
755.29 814.8157437673274
826.19 837.5791375222788
785.71 771.2334724354289
954.68 920.2797838566373
842.92 845.5967243957809
791.01 785.5527568768129
951.35 995.4516464431274
1069.57 1069.2871536303085
874.57 862.992774088639
923.81 930.4009381267376
969.2 977.6186557589581
870.64 863.2601016533365
795.55 842.5639784672169
724.33 731.8865776829491
952.07 1003.7730841891912
793.01 833.4747965642722
853.03 900.1667604003376
728.06 688.0420976096058
917.77 908.9489561051521
931.38 872.2664416537291
787.13 765.6973146308011
649.22 660.5972384380472
613.9 634.0869635049927
705.89 675.5310231912717
771.49 825.1686165982211
748.12 766.7983102071249
659.34 685.2934446136677
1017.9 1052.7446665984946
921.72 905.5354719481405
736.94 788.3287996879662
853.09 857.5405284374748
870.82 892.3919969367234
822.52 837.608647749031
724.37 742.7569606753813
651.4 657.4182404787684
784.32 818.0620858749846
745.52 769.7955150777387
819.65 827.3985111568663
886.8 866.7185963042739
836.31 768.0831369024056
885.95 962.9822725683762
589.96 532.5184680722014
962.93 756.7478497286511
825.92 778.9559443166012
817.7 770.3656727289665
739.72 722.0340351169777
725.95 780.0818516352647
644.86 592.0721551686311
716.52 662.0227937603204
871.5 881.0709173092757
726.09 729.9693579732107
839.38 687.5284329807746
620.32 564.930325185607
623.1 789.3625511298263
804.16 683.1466200191835
1099.06 949.4981845954005
