171.95 42.671539306640625
203.37 107.841552734375
197.06 47.24424743652344
160.2 59.20399475097656
218.12 171.8734130859375
207.16 128.33758544921875
288.87 236.54519653320312
233.35 158.61732482910156
202.68 110.01988220214844
240.32 195.18479919433594
394.65 380.4522705078125
279.85 244.93772888183594
353.85 326.8791809082031
566.3 556.8017272949219
345.43 326.56019592285156
377.06 332.44207763671875
168.63 134.65585327148438
304.66 267.9708557128906
266.49 267.0280456542969
400.82 366.8306579589844
361.74 342.2149963378906
489.16 503.2391357421875
399.03 376.8675231933594
542.9 546.7630615234375
411.29 384.5526428222656
395.67 392.6402587890625
365.96 358.1647033691406
644.62 670.2754821777344
860.41 850.2411193847656
477.78 472.8196105957031
493.71 486.67266845703125
463.99 478.8398742675781
609.44 635.336181640625
557.56 537.7852478027344
671.93 698.7474975585938
661.73 688.791748046875
913.18 895.004150390625
831.56 864.796875
395.08 390.9044952392578
639.48 638.7139282226562
551.57 539.4413757324219
686.17 672.2626342773438
756.39 782.34033203125
585.55 585.5080261230469
994.0 972.9783325195312
538.88 570.2145385742188
657.44 695.5076293945312
634.67 640.4060668945312
659.96 661.0640563964844
877.12 864.7029113769531
823.77 845.4875183105469
466.74 453.7476501464844
606.94 620.8687744140625
767.07 793.1273193359375
664.11 692.1502990722656
425.47 415.2142639160156
503.64 527.6109313964844
606.97 599.7301635742188
356.74 362.44520568847656
478.48 445.2270812988281
537.54 539.9041748046875
557.23 550.6583862304688
574.82 594.1243286132812
448.56 445.7927703857422
657.48 670.9181518554688
618.82 614.3447570800781
568.16 599.4710083007812
627.85 644.419189453125
533.65 573.5443115234375
758.28 744.2486572265625
691.24 712.7927856445312
602.8 661.34033203125
609.84 660.7405395507812
769.88 804.16259765625
457.5 442.31048583984375
515.68 541.3345031738281
529.36 534.423583984375
596.23 611.2400817871094
643.26 667.299072265625
560.61 572.2615356445312
661.19 663.5296630859375
915.6 912.40185546875
661.88 660.6025085449219
728.91 727.6060180664062
672.75 700.1286926269531
836.88 860.594970703125
377.63 381.63507080078125
603.54 594.6958923339844
691.04 690.6343078613281
646.09 657.7618713378906
645.06 643.2932739257812
541.71 562.6214599609375
665.28 714.4111022949219
757.19 768.252197265625
759.38 756.0992126464844
685.53 695.6837768554688
777.44 763.7564086914062
774.09 824.1710815429688
667.72 692.3042602539062
797.19 830.4172668457031
600.74 631.2210083007812
323.37 302.1396484375
492.88 519.0444641113281
519.46 459.3453369140625
622.53 628.1773681640625
487.25 488.71539306640625
509.49 499.9858093261719
379.5 337.8018798828125
621.55 640.5418395996094
482.97 468.41375732421875
391.32 364.54664611816406
567.92 574.2683715820312
711.5 736.9845275878906
513.83 519.9555969238281
756.72 761.46435546875
732.6 748.4487609863281
762.29 782.6551513671875
618.05 631.9293823242188
581.95 586.2269592285156
622.35 635.9370727539062
542.87 555.6643371582031
617.26 626.3417663574219
694.28 721.4696044921875
675.39 718.2800903320312
571.89 579.2877655029297
724.56 744.1635894775391
718.77 703.8494262695312
615.11 666.3009643554688
674.53 714.6211242675781
693.6 713.4606018066406
580.45 519.85302734375
691.51 741.3218383789062
759.61 832.377685546875
657.64 670.1553039550781
628.39 644.1373596191406
561.91 569.3163452148438
612.17 604.4080810546875
595.13 568.7485046386719
874.77 918.9905700683594
728.9 751.5833740234375
736.69 743.5487976074219
750.69 777.5882263183594
594.51 578.8963012695312
653.44 680.9368591308594
567.55 600.9019165039062
643.01 672.3155822753906
511.88 506.61585998535156
691.37 716.1195373535156
652.83 683.4438781738281
609.66 620.0009765625
723.52 720.714599609375
757.73 791.7540893554688
532.88 548.4139556884766
537.18 535.1451416015625
291.79 268.3518981933594
538.23 547.6258544921875
717.29 758.4297180175781
620.71 646.7560729980469
619.93 616.762939453125
573.07 612.3295288085938
644.35 673.0218811035156
561.58 594.68994140625
478.92 493.145263671875
483.8 451.55445861816406
505.73 514.1359558105469
609.89 652.2912902832031
556.42 577.8792419433594
467.7 472.22328186035156
525.08 550.2234344482422
427.53 434.2469940185547
496.46 502.60084533691406
559.01 605.8532257080078
884.43 931.1399230957031
899.21 883.4754638671875
920.38 906.6616516113281
592.58 571.743408203125
1046.91 1063.9949035644531
811.4 817.61962890625
951.46 864.1602172851562
898.35 873.9685668945312
738.37 758.4501342773438
708.42 715.2275085449219
1040.68 1005.7937622070312
895.37 880.2131958007812
608.52 672.0787963867188
239.43 258.5951232910156
505.29 548.1600189208984
933.29 914.8370666503906
991.54 914.4874572753906
887.77 873.2689819335938
840.49 835.9393920898438
656.42 638.2559509277344
850.38 866.2864685058594
594.26 605.1934661865234
830.16 782.7339172363281
769.04 754.2674560546875
819.53 835.8849182128906
908.32 898.7441711425781
812.87 875.9232482910156
770.7 762.7184448242188
723.39 728.3764343261719
818.3 843.1835327148438
1024.65 1025.2929382324219
1035.28 1068.4172058105469
1054.45 1038.8756713867188
978.37 979.4720458984375
909.56 900.1214599609375
1012.74 1009.958251953125
753.76 729.2905426025391
727.29 783.3719940185547
831.25 825.596435546875
933.19 942.9281616210938
929.42 939.61767578125
755.98 825.1325988769531
763.66 749.2037048339844
798.56 783.6151428222656
791.62 804.311279296875
642.4 661.6881713867188
940.38 959.6250915527344
908.97 885.2350463867188
962.07 955.4314575195312
754.88 768.5599670410156
756.19 782.1424865722656
853.8 852.3611755371094
768.2 713.832275390625
1102.32 1077.9135437011719
1086.18 1047.8023681640625
748.91 721.2005767822266
887.59 900.0364685058594
802.18 797.7113037109375
857.26 842.0341186523438
918.64 923.8611755371094
788.64 759.9313049316406
992.75 977.4651184082031
948.74 974.9554748535156
941.91 960.7377014160156
927.91 946.7275390625
910.94 842.844482421875
958.72 923.6388244628906
750.94 762.0994873046875
977.25 1009.1761474609375
848.64 813.1800231933594
1091.06 1073.2839965820312
1019.78 985.2877197265625
1004.54 958.4472961425781
873.83 862.0936889648438
1087.18 1090.1004028320312
905.09 902.57080078125
711.89 724.1885375976562
804.88 809.6291198730469
829.32 828.2941589355469
906.76 904.6391296386719
840.85 844.4352111816406
775.16 785.5211486816406
486.92 487.7848205566406
639.48 621.509521484375
576.18 559.7544860839844
682.66 667.9959411621094
726.13 730.0835266113281
890.22 931.068359375
926.83 916.8130493164062
774.43 793.2544555664062
758.13 760.0173645019531
786.94 825.4769287109375
769.23 792.3436889648438
787.45 789.0541076660156
760.88 776.3556518554688
678.57 677.590087890625
807.44 790.0119018554688
769.02 790.5290222167969
595.77 604.1789855957031
819.75 821.7733764648438
896.42 886.1109008789062
868.33 849.1138000488281
786.24 772.1047973632812
774.1 772.0714416503906
878.19 866.0623168945312
755.83 769.2191162109375
763.88 777.422607421875
854.57 874.6557312011719
711.27 755.1211853027344
468.95 449.7227783203125
911.91 842.6590270996094
801.04 826.7313842773438
1146.85 1090.1991271972656
1149.08 1213.4732666015625
932.78 977.8323974609375
1127.83 1127.0176696777344
1171.05 1162.7529602050781
1061.53 1126.3559265136719
892.16 913.5184936523438
1022.96 1060.8594360351562
1253.46 1221.395751953125
1042.95 1059.8206787109375
1282.35 1262.8519287109375
1285.77 1250.4713134765625
1142.33 1090.740234375
902.65 903.5176391601562
1047.48 1048.2572326660156
822.83 825.228759765625
1111.25 1146.6535339355469
1124.72 1064.0448303222656
885.85 924.7139282226562
877.59 889.4154052734375
1037.11 1019.1186218261719
1136.67 1116.6240539550781
795.68 791.0498352050781
1050.41 1033.9292297363281
1048.89 1011.5604248046875
916.34 934.2833557128906
1064.92 968.3786010742188
1141.08 1071.7303466796875
973.79 961.8880004882812
1051.82 1035.3732604980469
1076.34 1078.2364501953125
1180.11 1199.0756225585938
999.39 1023.0167541503906
1111.98 1101.9866333007812
1002.66 1010.4604187011719
1298.61 1247.0247802734375
953.16 945.4869689941406
1138.8 1124.287353515625
439.01 414.4072723388672
701.79 684.525634765625
647.57 649.3804626464844
726.27 700.4447021484375
494.79 491.41815185546875
888.13 891.9013061523438
884.5 903.3664245605469
975.3 949.6423950195312
804.43 819.4478759765625
876.3 844.448974609375
1030.41 1068.2760620117188
672.72 683.7298889160156
838.64 826.7441864013672
773.71 739.3937225341797
895.81 898.2384948730469
751.87 765.5573425292969
643.89 634.71484375
716.6 724.8813781738281
894.89 873.4682312011719
781.57 775.4618225097656
1020.34 1030.3945922851562
891.67 935.3652038574219
876.64 865.8252868652344
926.28 906.91748046875
1013.85 975.2173461914062
942.33 943.3501281738281
885.07 876.7536926269531
841.58 870.4411010742188
985.55 988.0143127441406
766.05 775.5919494628906
915.87 917.2354736328125
965.02 967.0477600097656
819.65 820.4881896972656
821.06 832.8196105957031
773.2 780.1604614257812
1002.24 1000.0355529785156
985.67 994.3446044921875
848.25 899.3492736816406
997.04 1004.3999328613281
742.26 722.8501586914062
801.72 788.2475280761719
926.58 930.46630859375
879.51 874.5762634277344
787.72 779.4125366210938
960.37 955.0383605957031
985.18 971.6748046875
883.86 871.3649597167969
1078.41 1079.2396240234375
989.24 963.7976379394531
633.27 623.2775573730469
1019.36 1007.4725341796875
762.24 756.0542602539062
993.94 969.4070739746094
663.86 672.4014587402344
714.3 682.7353668212891
608.63 629.0477752685547
555.42 542.3756866455078
615.87 630.5190124511719
512.19 477.8146667480469
767.9 762.2305908203125
884.56 908.3898315429688
997.99 988.2222290039062
897.83 901.9500732421875
992.58 952.48291015625
815.82 849.8502197265625
724.41 728.5708923339844
798.58 786.6066284179688
647.96 663.6071472167969
582.6 607.0635986328125
639.46 643.5642700195312
850.01 833.6165771484375
675.94 678.4934692382812
715.28 712.1692810058594
798.17 800.3133850097656
683.78 719.4766235351562
682.69 665.5509643554688
968.99 957.8614501953125
824.5 829.3565673828125
910.18 895.6651611328125
602.92 590.1094360351562
883.14 895.343994140625
429.4 440.2664489746094
624.0 631.5518188476562
947.84 968.1552734375
707.19 711.9912414550781
774.2 771.2033386230469
710.92 738.9361877441406
956.44 948.4141540527344
787.52 765.958251953125
671.71 686.6911926269531
806.27 818.3999328613281
603.51 610.5863342285156
769.66 799.8873901367188
654.81 695.8036804199219
823.44 826.5340576171875
669.62 671.7958374023438
758.45 703.6768035888672
876.74 860.9520568847656
721.86 740.8086853027344
613.74 597.9849853515625
696.25 737.8248901367188
861.17 829.6790161132812
698.91 687.725830078125
859.06 825.5723876953125
631.19 648.9386596679688
518.64 513.9468383789062
574.66 542.7643432617188
814.89 796.1477661132812
571.38 584.808837890625
751.94 812.8285522460938
959.95 976.9176940917969
841.51 839.7972412109375
957.1 941.2314147949219
905.79 869.5539855957031
682.37 698.702880859375
611.45 625.6749267578125
985.43 985.4321594238281
845.36 837.9616088867188
707.87 722.2682800292969
792.0 813.8004455566406
907.8 918.1204528808594
815.3 816.5027465820312
529.79 518.6808166503906
569.72 585.1820373535156
839.22 857.119140625
769.75 761.25439453125
913.26 940.5812683105469
736.06 763.8335571289062
871.84 871.1415710449219
840.82 857.7737426757812
962.54 946.6092529296875
1199.24 1164.4920654296875
1028.15 1000.9155578613281
683.88 725.0877685546875
688.82 706.420166015625
1184.09 1171.6412963867188
952.32 930.73046875
752.58 707.3066101074219
1110.8 1093.1152648925781
1215.12 1242.1245422363281
1064.99 1103.73828125
923.01 937.1420288085938
1289.38 1260.3709106445312
1025.25 1053.117431640625
989.11 971.5026245117188
743.39 731.4822387695312
1006.17 988.3995056152344
1010.79 1043.3246765136719
870.11 867.0099182128906
898.65 929.8428344726562
1021.93 982.2879638671875
910.65 906.9916381835938
840.89 806.7444458007812
914.25 884.8043212890625
805.64 816.6778259277344
720.68 733.7191162109375
774.31 756.4385375976562
833.85 818.18896484375
1085.52 1077.3165283203125
1164.16 1189.5592041015625
1131.12 1129.7632141113281
1087.76 1144.7409973144531
1140.28 1106.0999145507812
1071.23 1054.8896179199219
995.18 1010.7799377441406
1028.92 1049.3151550292969
1149.04 1097.212158203125
1055.44 1045.0848693847656
1261.23 1273.19580078125
999.14 987.6082763671875
719.74 749.65283203125
791.63 790.901123046875
869.37 848.6289672851562
1070.17 1034.199462890625
841.72 886.7928161621094
823.76 826.8715209960938
718.5 699.260498046875
767.03 756.054931640625
842.35 855.521240234375
863.86 869.2118530273438
1014.43 1002.1462097167969
993.81 980.7937469482422
880.36 859.7757568359375
1050.66 1083.9483642578125
1043.69 1015.0957641601562
995.06 996.6339721679688
1116.83 1153.5775756835938
1102.82 1071.8162231445312
924.87 951.2766418457031
1123.29 1107.6260681152344
1012.16 1016.5267333984375
1050.22 1056.399658203125
766.87 778.5381469726562
917.06 915.7291259765625
873.99 915.62744140625
927.63 891.9329223632812
931.94 924.5468444824219
989.69 991.7891235351562
848.85 837.2976379394531
911.56 919.20654296875
1129.45 1134.3909301757812
726.12 762.3675537109375
986.74 1009.2703552246094
1093.71 1075.7792053222656
835.76 826.2732543945312
981.26 966.4459838867188
1019.73 1053.6918334960938
1091.43 1101.9846496582031
1105.44 1141.9807739257812
1155.46 1157.4220581054688
1169.86 1183.9629516601562
1241.39 1242.1134643554688
1081.6 1091.1121215820312
996.78 995.0456237792969
1118.27 1128.8349609375
830.22 852.060302734375
936.0 929.0498352050781
1122.09 1169.9906311035156
1106.32 1124.312744140625
1224.34 1207.5496520996094
1199.11 1197.5105895996094
1180.89 1190.9154357910156
1137.74 1115.7259216308594
1018.74 1028.1135559082031
1291.16 1317.3247985839844
1132.45 1139.4487915039062
883.23 895.4833679199219
975.4 956.1131286621094
1243.79 1214.7478942871094
1232.43 1247.4014892578125
1038.97 1051.4724731445312
837.04 829.9519348144531
936.86 945.589111328125
686.8 705.8233642578125
1033.32 1069.4848327636719
990.01 972.2669067382812
990.31 941.7877197265625
925.0 945.5662841796875
1094.16 1092.0851440429688
845.1 835.6607666015625
1119.11 1157.2745666503906
880.19 892.1596984863281
1016.23 1024.0643920898438
943.06 947.2716979980469
1130.36 1148.5879516601562
987.94 979.1000366210938
904.74 923.7086181640625
1031.08 1047.0272521972656
872.82 850.0822143554688
1046.38 1042.492919921875
1008.17 1020.6710205078125
1042.79 1035.0604553222656
977.39 964.532958984375
843.15 874.9047241210938
983.73 1004.600341796875
852.88 854.5657348632812
849.41 823.4515991210938
787.55 791.3417663574219
1141.62 1164.0130004882812
1239.7 1201.9570617675781
1231.98 1212.5974731445312
1083.23 1089.8345947265625
1122.07 1095.1620483398438
1080.2 1103.7825012207031
1140.37 1107.0490417480469
1122.22 1102.3697814941406
1087.24 1096.6917419433594
1144.86 1125.4415893554688
1121.76 1127.884033203125
1169.73 1127.387939453125
1147.83 1146.7596435546875
1236.29 1188.6823120117188
1099.55 1100.3568115234375
779.01 794.5214538574219
1261.18 1242.8618774414062
1005.68 985.4312744140625
953.47 903.6888732910156
1092.22 1097.2446899414062
771.13 769.9064331054688
1242.41 1281.854736328125
1194.4 1191.1932373046875
1298.15 1245.0449829101562
986.96 994.9359130859375
1134.74 1143.9528198242188
1082.81 1100.5265197753906
1335.73 1299.5523376464844
997.27 965.0400390625
1142.31 1168.4214172363281
1311.73 1258.5809326171875
821.06 831.7374267578125
1000.79 995.1577453613281
1088.85 1109.7380981445312
1089.88 1085.0075073242188
994.55 987.4613952636719
1132.29 1135.379638671875
847.22 839.4050598144531
849.3 860.5487365722656
1209.33 1174.5317993164062
1154.61 1134.7064208984375
933.43 893.1867065429688
788.3 783.7896423339844
998.59 1011.7113952636719
967.93 972.3573303222656
994.59 1018.0241088867188
898.94 903.236572265625
826.6 826.84033203125
805.5 796.3255310058594
772.57 753.189208984375
1111.86 1139.1387939453125
1104.47 1097.5202026367188
1100.94 1073.2512817382812
893.46 874.1680297851562
888.94 852.8107604980469
680.88 677.7010192871094
1077.18 1091.6009216308594
771.04 753.0300598144531
1006.33 1010.3067016601562
846.04 835.9064025878906
1196.28 1205.4877014160156
971.28 975.0993041992188
767.17 735.0317993164062
878.84 881.3473815917969
1041.46 1039.4508666992188
848.07 845.6653442382812
1054.32 1040.4025268554688
913.71 890.2429504394531
992.19 962.9610595703125
667.54 675.6524353027344
867.95 848.9522399902344
888.27 903.9166564941406
828.76 818.3547973632812
1084.79 1075.1771850585938
751.24 751.4396667480469
852.43 897.3418579101562
1242.05 1233.9982604980469
1071.02 1062.3211364746094
973.33 958.1400451660156
930.71 939.7249755859375
1116.72 1141.1854858398438
1252.22 1175.4298095703125
961.43 952.3899536132812
1235.21 1186.9534912109375
1053.29 1071.9998474121094
951.41 943.5907897949219
857.92 864.6793518066406
788.89 797.05322265625
1158.03 1150.4044189453125
1150.27 1156.3773193359375
1176.71 1171.1435546875
942.64 903.1525268554688
1045.25 1059.188720703125
1196.0 1215.9737854003906
998.77 1001.04833984375
1003.49 1027.9232482910156
915.85 927.6857604980469
1080.64 1062.39599609375
923.13 933.2145080566406
976.57 993.2854919433594
951.48 992.4431762695312
1223.44 1242.5909423828125
1146.06 1146.8082275390625
1062.29 1044.8704223632812
1066.48 1061.8060302734375
891.83 908.3215637207031
1101.33 1122.0744018554688
993.86 978.4818115234375
1198.43 1168.2454223632812
1131.38 1123.8147583007812
1002.52 969.5986022949219
1131.27 1117.6912231445312
788.75 776.3572387695312
784.1 771.1969299316406
853.02 806.6362609863281
914.63 889.6641235351562
913.52 904.055419921875
1186.57 1201.7879638671875
882.45 898.5579833984375
1077.56 1071.2742919921875
677.28 687.8223571777344
633.28 623.2498474121094
830.44 841.6989135742188
868.38 865.6155395507812
1181.63 1212.5028686523438
1093.22 1060.89013671875
967.24 968.5116271972656
1106.11 1109.195556640625
1111.01 1136.3124389648438
986.77 953.8934631347656
1183.98 1188.01904296875
1152.94 1153.525146484375
1136.5 1155.006103515625
898.55 887.8771057128906
1138.23 1099.0267333984375
1039.63 1045.7912902832031
1326.4 1251.7869567871094
1023.51 1045.6866149902344
1178.91 1181.5225830078125
880.68 857.09228515625
1308.02 1279.9878845214844
792.36 833.3725891113281
860.13 878.6341857910156
882.77 880.050537109375
973.23 975.2025756835938
675.18 699.6644287109375
746.73 736.2107849121094
675.14 683.1221008300781
708.21 697.6116333007812
802.61 765.5949401855469
662.85 672.7275390625
912.05 882.0260314941406
990.74 1005.8171997070312
879.53 863.6460876464844
700.21 685.7766418457031
691.68 680.09814453125
779.78 818.2308349609375
677.78 682.1157836914062
889.52 891.1138305664062
890.73 904.4476013183594
808.48 795.4608154296875
1027.39 1029.3514709472656
907.54 889.5684509277344
988.77 955.0729064941406
863.48 896.048583984375
710.0 716.2146606445312
880.93 871.4704895019531
742.77 758.5636901855469
1026.07 975.2281799316406
933.57 927.6152038574219
811.86 797.4377136230469
995.61 1033.0946655273438
999.19 1017.1915283203125
1052.15 1072.989501953125
1016.3 1007.7608337402344
547.87 540.8344421386719
878.79 813.7166137695312
983.75 956.50390625
928.22 941.7025146484375
984.2 977.2793273925781
902.04 909.3480834960938
516.12 527.0032043457031
745.19 770.9945678710938
942.36 915.9980163574219
1171.93 1186.4573974609375
1006.01 1025.569580078125
923.95 940.8683471679688
1077.9 1044.1618041992188
925.44 929.7667541503906
987.51 999.469482421875
873.24 876.6656799316406
907.07 889.785888671875
913.44 898.5777893066406
1207.99 1199.5585021972656
978.62 956.3532104492188
1047.76 1061.4247436523438
901.63 882.5310668945312
1102.83 1127.2465515136719
657.05 671.8558349609375
1174.24 1195.7414855957031
721.07 724.9847412109375
993.85 1015.7225952148438
787.49 809.7952880859375
967.16 955.1932983398438
904.81 882.8681030273438
796.47 783.503662109375
1016.78 1019.4187927246094
943.37 887.8301391601562
1042.78 1063.6711730957031
1053.43 1078.7300109863281
1013.53 1018.7614135742188
945.74 909.1725311279297
912.04 934.8855895996094
1084.56 1086.7005310058594
1085.32 1089.9540100097656
1050.84 1008.2626953125
1069.11 1044.9530639648438
1111.35 1099.1266784667969
911.76 943.4126586914062
782.09 828.12158203125
1071.14 1095.1737060546875
1029.23 1092.8538513183594
1050.13 1044.6230163574219
1109.35 1133.2457580566406
1112.79 1139.4168090820312
1015.33 986.4623107910156
1082.33 1076.1371765136719
1050.44 1072.4603271484375
784.61 782.3500671386719
945.26 928.7468872070312
973.83 971.2578125
1063.62 1125.3771057128906
877.77 875.2291564941406
1162.23 1173.4445190429688
989.4 978.7938537597656
895.01 931.3794555664062
945.32 954.153564453125
957.01 927.162109375
1071.27 1075.0113525390625
1132.12 1115.1298217773438
1080.64 1090.64599609375
981.46 990.1869506835938
1118.04 1121.3209228515625
1079.21 1103.6739196777344
896.23 900.7522583007812
880.62 834.2304077148438
1144.58 1184.3077392578125
894.58 888.3190307617188
995.68 956.8341674804688
1043.03 1019.4817810058594
886.42 883.1026000976562
824.77 798.2458801269531
917.15 920.0543518066406
1161.51 1145.6712951660156
1142.26 1135.0014343261719
985.15 999.567138671875
963.66 962.8411560058594
1137.75 1149.6614379882812
1105.59 1100.2257690429688
951.4 965.8489074707031
935.79 932.6488037109375
966.57 984.9595947265625
910.6 887.3783569335938
823.11 828.8250427246094
862.73 854.8107299804688
1099.05 1112.9205322265625
1046.58 1037.7884826660156
869.94 864.594970703125
1063.65 984.0200805664062
912.38 915.9238891601562
872.42 895.4867553710938
940.41 961.2155151367188
856.67 821.1393432617188
954.59 930.8011169433594
1112.54 1102.924072265625
868.44 855.9975891113281
1088.19 1048.9533081054688
1017.18 1000.5282287597656
1039.93 1036.9322204589844
774.31 797.2188720703125
716.3 754.312255859375
962.11 923.317138671875
900.83 858.3283996582031
945.32 945.8048706054688
832.6 846.56396484375
1112.35 1135.1692504882812
1084.64 1075.3688354492188
1071.06 1077.2709655761719
907.83 909.7137451171875
911.65 916.4553527832031
671.69 677.9716186523438
686.6 698.3834228515625
959.84 947.8721313476562
684.25 713.2404022216797
1135.78 1120.0442504882812
1048.87 1011.939697265625
748.98 763.3197937011719
859.93 857.9841918945312
1039.05 1027.7388000488281
707.98 712.3324584960938
872.5 892.6966552734375
794.21 776.4052124023438
799.49 803.7031860351562
793.84 796.0390930175781
1020.9 1016.1128234863281
844.82 889.6533813476562
1064.95 1020.214599609375
1076.68 1065.6611328125
1091.63 1115.2212524414062
1025.65 1041.1322021484375
855.14 881.9273071289062
1087.16 1096.9239196777344
898.12 909.2987060546875
1155.37 1153.5957336425781
929.84 933.0370483398438
965.79 982.675537109375
915.78 911.3445739746094
836.23 852.6032409667969
869.19 892.8355407714844
952.41 955.281005859375
1136.83 1088.510986328125
1079.09 1055.7761840820312
809.03 817.4346618652344
549.84 561.1678771972656
661.47 683.8468017578125
1175.44 1188.6642456054688
673.98 708.0589904785156
766.38 784.2314758300781
816.07 823.6228942871094
926.94 905.1444091796875
903.26 926.1495971679688
860.43 835.1150207519531
547.23 549.2208251953125
582.69 588.7969360351562
1030.3 974.4932556152344
917.08 913.7051696777344
942.33 910.8280639648438
688.18 691.908447265625
480.72 470.52099609375
504.33 507.4967956542969
680.62 677.2225646972656
830.86 806.163818359375
870.62 873.010986328125
911.86 890.3126831054688
784.77 778.4444885253906
912.99 913.6007995605469
970.66 953.9970703125
1008.17 933.5030822753906
728.87 753.509521484375
1037.12 997.2781982421875
828.95 844.8375549316406
796.95 835.4609985351562
998.86 979.88671875
983.79 956.07275390625
761.86 756.9100952148438
970.1 925.3656921386719
763.66 784.4717407226562
931.78 958.6563720703125
899.12 901.4469299316406
875.16 840.0230407714844
899.1 888.8164672851562
755.29 775.4034729003906
826.19 830.0318603515625
785.71 778.8213195800781
954.68 953.4420166015625
842.92 871.2024536132812
791.01 792.7533874511719
951.35 984.0553283691406
1069.57 1054.5852966308594
874.57 874.7802429199219
923.81 946.3436584472656
969.2 952.5154418945312
870.64 840.2012634277344
795.55 804.19384765625
724.33 751.6927795410156
952.07 1000.5028381347656
793.01 777.3335571289062
853.03 873.9664306640625
728.06 749.9578552246094
917.77 941.2040710449219
931.38 940.4313354492188
787.13 811.7056884765625
649.22 645.39794921875
613.9 620.3201446533203
705.89 702.4794769287109
771.49 782.56005859375
748.12 750.3604431152344
659.34 664.8964996337891
1017.9 1039.4264526367188
921.72 880.9871520996094
736.94 754.4648132324219
853.09 823.1347045898438
870.82 897.9989318847656
822.52 821.017822265625
724.37 748.5787200927734
651.4 651.4147033691406
784.32 784.8669128417969
745.52 737.9676513671875
819.65 828.9015197753906
886.8 896.416259765625
836.31 815.5584869384766
885.95 963.5679626464844
589.96 499.0123748779297
962.93 1018.1755981445312
825.92 818.8094787597656
817.7 859.1825256347656
739.72 756.64990234375
725.95 764.7751159667969
644.86 622.3423461914062
716.52 786.1566772460938
871.5 851.2887268066406
726.09 761.7747802734375
839.38 845.4449462890625
620.32 599.3944396972656
623.1 685.0769653320312
804.16 813.0663757324219
1099.06 1022.4192810058594
