171.95 74.78078842163086
203.37 134.66218185424805
197.06 75.00047874450684
160.2 70.85791015625
218.12 176.6663475036621
207.16 138.8992462158203
288.87 244.31393814086914
233.35 163.3907527923584
202.68 131.62316513061523
240.32 189.40533828735352
394.65 381.94193267822266
279.85 256.87108612060547
353.85 334.4213981628418
566.3 564.2013530731201
345.43 332.56464767456055
377.06 343.57293128967285
168.63 148.60544681549072
304.66 274.5931034088135
266.49 290.7105598449707
400.82 374.57610511779785
361.74 339.2213497161865
489.16 500.2516689300537
399.03 379.2681407928467
542.9 541.8959407806396
411.29 380.5360698699951
395.67 390.91709899902344
365.96 354.515588760376
644.62 661.0191478729248
860.41 864.7207279205322
477.78 468.1927719116211
493.71 485.7208766937256
463.99 471.0593795776367
609.44 624.4760227203369
557.56 540.2504901885986
671.93 695.7727947235107
661.73 676.1285057067871
913.18 891.2982177734375
831.56 860.0404968261719
395.08 410.1380672454834
639.48 635.2336368560791
551.57 539.6505031585693
686.17 662.6863307952881
756.39 768.9587516784668
585.55 570.3422050476074
994.0 983.0760116577148
538.88 558.1926670074463
657.44 690.7243614196777
634.67 646.6674346923828
659.96 658.4505290985107
877.12 858.3932151794434
823.77 852.6397514343262
466.74 455.00793266296387
606.94 594.1371383666992
767.07 781.192440032959
664.11 701.2420806884766
425.47 415.8579502105713
503.64 521.4533538818359
606.97 590.0612030029297
356.74 372.18868827819824
478.48 448.381778717041
537.54 530.8099746704102
557.23 557.8981037139893
574.82 596.6642322540283
448.56 452.0031795501709
657.48 665.642219543457
618.82 634.0535755157471
568.16 604.075325012207
627.85 657.3519020080566
533.65 568.6029071807861
758.28 731.5954647064209
691.24 713.2709655761719
602.8 662.9643173217773
609.84 660.8076362609863
769.88 796.1288452148438
457.5 435.25453186035156
515.68 557.402271270752
529.36 531.637731552124
596.23 614.949312210083
643.26 668.9016952514648
560.61 568.7327346801758
661.19 668.1115493774414
915.6 905.0152320861816
661.88 666.1930389404297
728.91 730.1265296936035
672.75 685.5591697692871
836.88 840.4626922607422
377.63 368.10626792907715
603.54 591.6241436004639
691.04 701.0422782897949
646.09 662.6914081573486
645.06 645.0813465118408
541.71 569.1504192352295
665.28 705.6418533325195
757.19 767.9674110412598
759.38 735.2605876922607
685.53 681.6427745819092
777.44 753.6890163421631
774.09 818.5087223052979
667.72 685.9798221588135
797.19 822.685338973999
600.74 622.5546474456787
323.37 305.114688873291
492.88 532.7326011657715
519.46 477.897123336792
622.53 637.080982208252
487.25 497.22985458374023
509.49 500.76097869873047
379.5 342.4796600341797
621.55 648.5425682067871
482.97 464.14253997802734
391.32 367.60723876953125
567.92 579.9082717895508
711.5 746.8983421325684
513.83 519.8222751617432
756.72 768.030122756958
732.6 741.1484298706055
762.29 769.2526931762695
618.05 633.8668479919434
581.95 577.0858402252197
622.35 637.6175174713135
542.87 545.4406547546387
617.26 613.4493713378906
694.28 726.1448287963867
675.39 711.006908416748
571.89 586.8349494934082
724.56 726.1621646881104
718.77 698.9081764221191
615.11 654.9625988006592
674.53 697.38747215271
693.6 711.5735263824463
580.45 517.568473815918
691.51 739.0948944091797
759.61 824.9922790527344
657.64 662.5086936950684
628.39 648.6707172393799
561.91 570.5028820037842
612.17 595.4958095550537
595.13 575.112865447998
874.77 909.9871425628662
728.9 741.4296627044678
736.69 729.9801731109619
750.69 759.1860771179199
594.51 571.7889175415039
653.44 683.5207061767578
567.55 599.54421043396
643.01 670.1224212646484
511.88 501.72815132141113
691.37 720.8546714782715
652.83 689.3513984680176
609.66 619.886999130249
723.52 700.6061706542969
757.73 783.0488243103027
532.88 548.3174457550049
537.18 531.7294235229492
291.79 304.11329078674316
538.23 552.9420013427734
717.29 757.3741645812988
620.71 642.4319343566895
619.93 613.9378795623779
573.07 618.0984077453613
644.35 668.7607879638672
561.58 592.8282890319824
478.92 495.62721824645996
483.8 443.92403507232666
505.73 518.0691986083984
609.89 649.7776126861572
556.42 571.1266002655029
467.7 470.0447578430176
525.08 540.7468967437744
427.53 424.42495250701904
496.46 507.1897087097168
559.01 616.9381904602051
884.43 943.5949935913086
899.21 861.8357009887695
920.38 863.8284034729004
592.58 562.8992042541504
1046.91 1054.3081817626953
811.4 840.2629146575928
951.46 861.34792137146
898.35 875.8425025939941
738.37 753.7085914611816
708.42 725.6321716308594
1040.68 988.0177040100098
895.37 887.3276691436768
608.52 677.0737228393555
239.43 279.0109224319458
505.29 565.8419876098633
933.29 906.5919055938721
991.54 901.4685554504395
887.77 863.5780792236328
840.49 836.9350891113281
656.42 633.7154541015625
850.38 856.5183506011963
594.26 592.1794376373291
830.16 796.0580463409424
769.04 734.9399890899658
819.53 833.8505420684814
908.32 898.007495880127
812.87 864.5082530975342
770.7 767.3597755432129
723.39 724.0802669525146
818.3 838.319751739502
1024.65 1031.7366065979004
1035.28 1054.3934173583984
1054.45 1045.3095684051514
978.37 977.4939193725586
909.56 893.9357681274414
1012.74 1018.0323600769043
753.76 734.6058139801025
727.29 770.4202861785889
831.25 819.7511501312256
933.19 943.2795543670654
929.42 955.0274333953857
755.98 797.7647895812988
763.66 756.1994247436523
798.56 798.5037994384766
791.62 793.2371406555176
642.4 658.5793647766113
940.38 941.6975612640381
908.97 871.0116481781006
962.07 954.4462451934814
754.88 765.6068592071533
756.19 775.6281318664551
853.8 847.8349628448486
768.2 706.0777626037598
1102.32 1080.393352508545
1086.18 1050.6454849243164
748.91 723.7313632965088
887.59 910.2097816467285
802.18 787.9838542938232
857.26 847.5181541442871
918.64 924.9977264404297
788.64 761.2855243682861
992.75 981.2377128601074
948.74 968.5386867523193
941.91 967.6455764770508
927.91 955.1304359436035
910.94 852.0189990997314
958.72 922.7327785491943
750.94 764.3117446899414
977.25 1018.972635269165
848.64 820.3147926330566
1091.06 1073.115161895752
1019.78 981.6875114440918
1004.54 948.8836097717285
873.83 865.8422870635986
1087.18 1104.6944389343262
905.09 908.890007019043
711.89 724.5613670349121
804.88 803.5854053497314
829.32 825.1322402954102
906.76 896.9696865081787
840.85 842.7585525512695
775.16 789.9259719848633
486.92 481.6670379638672
639.48 603.5085983276367
576.18 546.5540580749512
682.66 658.3950710296631
726.13 728.5744457244873
890.22 919.8412265777588
926.83 901.8541469573975
774.43 782.8374824523926
758.13 765.2889709472656
786.94 820.4991931915283
769.23 786.7032203674316
787.45 785.0155620574951
760.88 766.8534641265869
678.57 681.8679504394531
807.44 783.8531970977783
769.02 787.2004928588867
595.77 591.7766075134277
819.75 808.3628349304199
896.42 888.3245029449463
868.33 850.1794338226318
786.24 771.6064949035645
774.1 769.9493350982666
878.19 859.4705486297607
755.83 777.4432373046875
763.88 772.3970260620117
854.57 869.4153728485107
711.27 755.7947998046875
468.95 463.1006832122803
911.91 840.875171661377
801.04 832.506383895874
1146.85 1087.5590705871582
1149.08 1233.2979640960693
932.78 969.1121253967285
1127.83 1130.5679244995117
1171.05 1149.080623626709
1061.53 1129.4688339233398
892.16 921.5714836120605
1022.96 1068.048734664917
1253.46 1248.096544265747
1042.95 1040.4177589416504
1282.35 1254.9244594573975
1285.77 1268.4178142547607
1142.33 1090.37056350708
902.65 887.6797542572021
1047.48 1043.0066013336182
822.83 819.302188873291
1111.25 1145.4099254608154
1124.72 1049.9776725769043
885.85 909.063497543335
877.59 892.2736511230469
1037.11 1024.4480266571045
1136.67 1123.1343574523926
795.68 784.666015625
1050.41 1045.9399490356445
1048.89 1012.9991512298584
916.34 935.0767688751221
1064.92 951.3376140594482
1141.08 1071.993995666504
973.79 972.270658493042
1051.82 1041.33473777771
1076.34 1073.9775829315186
1180.11 1203.7547035217285
999.39 1019.2556953430176
1111.98 1095.7889194488525
1002.66 1016.1913471221924
1298.61 1270.2064819335938
953.16 930.7922267913818
1138.8 1115.2198905944824
439.01 411.53520584106445
701.79 698.181266784668
647.57 645.7527408599854
726.27 700.1173782348633
494.79 495.78573417663574
888.13 887.4277725219727
884.5 913.2547435760498
975.3 953.9526615142822
804.43 816.6714744567871
876.3 854.4965858459473
1030.41 1058.7221946716309
672.72 682.3056831359863
838.64 833.2343826293945
773.71 733.7221660614014
895.81 894.7939777374268
751.87 757.3922328948975
643.89 641.4472332000732
716.6 731.3741149902344
894.89 863.795051574707
781.57 768.8071937561035
1020.34 1030.521806716919
891.67 932.9588928222656
876.64 866.2097988128662
926.28 926.1660137176514
1013.85 987.4409561157227
942.33 943.2342929840088
885.07 881.8479957580566
841.58 880.808479309082
985.55 981.7981624603271
766.05 769.300048828125
915.87 911.475772857666
965.02 964.118968963623
819.65 825.1926651000977
821.06 837.870527267456
773.2 777.0456123352051
1002.24 1003.1414165496826
985.67 994.3291549682617
848.25 915.4779853820801
997.04 1007.7538242340088
742.26 720.9313144683838
801.72 771.8148937225342
926.58 927.9994316101074
879.51 868.0447025299072
787.72 767.5181407928467
960.37 960.3872451782227
985.18 967.7508811950684
883.86 879.1213798522949
1078.41 1098.416841506958
989.24 966.6836814880371
633.27 617.7095909118652
1019.36 1011.3653717041016
762.24 755.5869426727295
993.94 969.1803436279297
663.86 674.4717445373535
714.3 685.8757038116455
608.63 627.8809471130371
555.42 544.9741096496582
615.87 619.0870208740234
512.19 467.872522354126
767.9 741.7417964935303
884.56 914.0483245849609
997.99 994.8220233917236
897.83 913.062385559082
992.58 950.9605255126953
815.82 864.3490161895752
724.41 717.4298915863037
798.58 778.5764980316162
647.96 626.8051738739014
582.6 605.0055675506592
639.46 644.7056655883789
850.01 840.693639755249
675.94 676.0518264770508
715.28 706.2378940582275
798.17 799.66943359375
683.78 742.2786273956299
682.69 663.2521266937256
968.99 947.262861251831
824.5 842.4469947814941
910.18 898.6322898864746
602.92 594.7203063964844
883.14 884.9074954986572
429.4 429.4402084350586
624.0 635.9373474121094
947.84 949.6467456817627
707.19 721.5665035247803
774.2 757.2995948791504
710.92 733.6920318603516
956.44 954.2822608947754
787.52 748.0287971496582
671.71 686.4667053222656
806.27 819.785306930542
603.51 617.86403465271
769.66 798.8090000152588
654.81 695.5050277709961
823.44 827.6728363037109
669.62 682.5162754058838
758.45 694.7590465545654
876.74 870.6202640533447
721.86 740.7392692565918
613.74 597.7971420288086
696.25 727.7490234375
861.17 815.9064521789551
698.91 682.6395893096924
859.06 835.9154586791992
631.19 649.0056762695312
518.64 513.5918197631836
574.66 531.0232048034668
814.89 799.4377632141113
571.38 586.9840087890625
751.94 801.8731212615967
959.95 962.8508853912354
841.51 860.021240234375
957.1 930.6442127227783
905.79 882.4689140319824
682.37 697.5504455566406
611.45 622.8626575469971
985.43 988.3995113372803
845.36 836.3767204284668
707.87 721.0112781524658
792.0 803.5041923522949
907.8 916.2553215026855
815.3 828.3469924926758
529.79 516.9078350067139
569.72 582.159309387207
839.22 857.9893569946289
769.75 772.3845272064209
913.26 944.9038372039795
736.06 752.9220581054688
871.84 874.1814441680908
840.82 867.1945934295654
962.54 958.7911186218262
1199.24 1181.9664363861084
1028.15 992.3700542449951
683.88 727.9989166259766
688.82 704.6429920196533
1184.09 1189.2563972473145
952.32 927.9757347106934
752.58 716.5498161315918
1110.8 1083.8223361968994
1215.12 1261.619213104248
1064.99 1114.5011558532715
923.01 938.6701812744141
1289.38 1256.5236053466797
1025.25 1037.179672241211
989.11 980.6479778289795
743.39 730.4910297393799
1006.17 990.0354423522949
1010.79 1035.4199829101562
870.11 873.9099922180176
898.65 926.0476932525635
1021.93 973.9163475036621
910.65 909.7168636322021
840.89 802.6938457489014
914.25 940.5353145599365
805.64 814.4055881500244
720.68 741.2257251739502
774.31 772.7838554382324
833.85 811.8183975219727
1085.52 1077.3369464874268
1164.16 1197.2819213867188
1131.12 1140.3298873901367
1087.76 1142.5373001098633
1140.28 1105.090663909912
1071.23 1059.9945011138916
995.18 1018.8187427520752
1028.92 1053.6860885620117
1149.04 1105.0450687408447
1055.44 1059.7532768249512
1261.23 1273.3876190185547
999.14 994.9284553527832
719.74 746.3567085266113
791.63 784.445219039917
869.37 839.4262886047363
1070.17 1057.488821029663
841.72 866.0963039398193
823.76 834.6655025482178
718.5 698.0326194763184
767.03 761.4203701019287
842.35 845.3093795776367
863.86 853.889461517334
1014.43 990.9873428344727
993.81 985.9374732971191
880.36 858.963924407959
1050.66 1095.1088027954102
1043.69 1025.0888423919678
995.06 1007.3517894744873
1116.83 1163.1549339294434
1102.82 1073.4474239349365
924.87 938.7086143493652
1123.29 1099.519769668579
1012.16 1016.5715827941895
1050.22 1049.1770133972168
766.87 773.2870502471924
917.06 912.3014945983887
873.99 925.8204669952393
927.63 898.088472366333
931.94 923.5002727508545
989.69 1004.2692108154297
848.85 830.2402839660645
911.56 931.8867015838623
1129.45 1138.5723266601562
726.12 766.7400226593018
986.74 1008.4974822998047
1093.71 1069.9951190948486
835.76 828.6941509246826
981.26 967.3781147003174
1019.73 1056.403476715088
1091.43 1111.9926319122314
1105.44 1155.1567611694336
1155.46 1164.8087348937988
1169.86 1188.7497520446777
1241.39 1239.6475448608398
1081.6 1084.7356605529785
996.78 988.5801334381104
1118.27 1134.0829277038574
830.22 849.2924518585205
936.0 932.5523872375488
1122.09 1174.400484085083
1106.32 1110.7775325775146
1224.34 1206.1312503814697
1199.11 1199.5668029785156
1180.89 1181.9315662384033
1137.74 1131.436164855957
1018.74 1032.168405532837
1291.16 1298.2553367614746
1132.45 1138.0615482330322
883.23 903.4160079956055
975.4 966.0966815948486
1243.79 1211.7185020446777
1232.43 1256.1308479309082
1038.97 1043.8304996490479
837.04 830.2087478637695
936.86 927.3828544616699
686.8 703.5065231323242
1033.32 1057.8661193847656
990.01 974.6754684448242
990.31 959.0836334228516
925.0 967.3958625793457
1094.16 1093.6602230072021
845.1 837.0783348083496
1119.11 1163.8714504241943
880.19 889.0029411315918
1016.23 1026.3232021331787
943.06 949.3795299530029
1130.36 1157.0879955291748
987.94 967.5853881835938
904.74 919.5097198486328
1031.08 1044.733470916748
872.82 865.6469783782959
1046.38 1036.548412322998
1008.17 1009.0443363189697
1042.79 1047.4238662719727
977.39 965.2920532226562
843.15 868.0995540618896
983.73 999.0871925354004
852.88 847.274299621582
849.41 823.9110717773438
787.55 805.997163772583
1141.62 1167.7029457092285
1239.7 1201.5721244812012
1231.98 1216.3904190063477
1083.23 1080.8217582702637
1122.07 1108.997356414795
1080.2 1099.8523044586182
1140.37 1109.4185409545898
1122.22 1116.8206939697266
1087.24 1086.453863143921
1144.86 1124.404302597046
1121.76 1133.2154598236084
1169.73 1133.4224128723145
1147.83 1159.7370204925537
1236.29 1189.6827087402344
1099.55 1102.0504341125488
779.01 789.703046798706
1261.18 1249.3953399658203
1005.68 983.9134120941162
953.47 905.3571929931641
1092.22 1102.0707550048828
771.13 763.1080589294434
1242.41 1276.6834182739258
1194.4 1190.9781875610352
1298.15 1257.604591369629
986.96 1011.7783603668213
1134.74 1145.8960304260254
1082.81 1097.2790279388428
1335.73 1302.639591217041
997.27 966.4320106506348
1142.31 1162.3860206604004
1311.73 1281.6280918121338
821.06 820.4973411560059
1000.79 988.2145862579346
1088.85 1106.2020225524902
1089.88 1079.0628490447998
994.55 993.9481105804443
1132.29 1142.0493297576904
847.22 830.1609058380127
849.3 859.1111392974854
1209.33 1180.6501846313477
1154.61 1142.2853183746338
933.43 892.0829219818115
788.3 782.4157295227051
998.59 1015.10129737854
967.93 965.8639335632324
994.59 1009.9177646636963
898.94 912.2329273223877
826.6 813.6873321533203
805.5 791.9337825775146
772.57 746.0131988525391
1111.86 1137.1319904327393
1104.47 1104.6256198883057
1100.94 1061.7862930297852
893.46 874.9420871734619
888.94 850.9764537811279
680.88 681.6390323638916
1077.18 1105.1611595153809
771.04 749.0651779174805
1006.33 1021.3696022033691
846.04 839.5175971984863
1196.28 1218.594841003418
971.28 977.0797271728516
767.17 726.5940799713135
878.84 890.3241195678711
1041.46 1030.2611465454102
848.07 850.5755386352539
1054.32 1044.030372619629
913.71 879.6102542877197
992.19 964.1571025848389
667.54 684.4036483764648
867.95 845.0769805908203
888.27 919.4495620727539
828.76 826.6970081329346
1084.79 1059.759620666504
751.24 737.4557723999023
852.43 888.2619438171387
1242.05 1225.8351402282715
1071.02 1060.4693908691406
973.33 971.4229907989502
930.71 938.8385219573975
1116.72 1125.7348518371582
1252.22 1201.8164196014404
961.43 942.9584865570068
1235.21 1187.4020900726318
1053.29 1086.361665725708
951.41 944.0006008148193
857.92 880.8574409484863
788.89 800.1024913787842
1158.03 1165.6875171661377
1150.27 1156.657600402832
1176.71 1173.6668186187744
942.64 891.6976623535156
1045.25 1051.0883560180664
1196.0 1214.5661792755127
998.77 1010.5774078369141
1003.49 1027.2432308197021
915.85 928.2119216918945
1080.64 1058.2519454956055
923.13 931.4804706573486
976.57 979.632043838501
951.48 998.5765113830566
1223.44 1235.6604404449463
1146.06 1142.1339492797852
1062.29 1043.2027797698975
1066.48 1064.7300033569336
891.83 876.999885559082
1101.33 1140.9180088043213
993.86 972.8277339935303
1198.43 1157.4548091888428
1131.38 1129.8770236968994
1002.52 978.490104675293
1131.27 1105.211965560913
788.75 770.6842250823975
784.1 780.7320175170898
853.02 809.6453094482422
914.63 892.8729476928711
913.52 895.2403812408447
1186.57 1194.4227294921875
882.45 893.6048259735107
1077.56 1089.720703125
677.28 688.544942855835
633.28 615.176326751709
830.44 831.6281566619873
868.38 854.832160949707
1181.63 1211.3984508514404
1093.22 1066.534896850586
967.24 977.163990020752
1106.11 1104.3036994934082
1111.01 1136.0701923370361
986.77 960.1138153076172
1183.98 1187.4146766662598
1152.94 1160.7834949493408
1136.5 1166.4179763793945
898.55 892.5335006713867
1138.23 1090.6404457092285
1039.63 1045.606777191162
1326.4 1253.1340827941895
1023.51 1048.8705406188965
1178.91 1198.4430389404297
880.68 862.1026077270508
1308.02 1279.14896774292
792.36 837.2198524475098
860.13 884.9781970977783
882.77 897.2855854034424
973.23 977.9687004089355
675.18 705.5018787384033
746.73 744.6337604522705
675.14 690.6897487640381
708.21 703.4860973358154
802.61 775.8420886993408
662.85 666.5350303649902
912.05 898.9352893829346
990.74 1005.6570453643799
879.53 881.6815605163574
700.21 690.3968830108643
691.68 685.2256774902344
779.78 825.4163131713867
677.78 687.7954654693604
889.52 893.1657905578613
890.73 908.6877365112305
808.48 812.0838012695312
1027.39 1039.3736763000488
907.54 898.2527122497559
988.77 959.274938583374
863.48 905.3211879730225
710.0 702.6472549438477
880.93 857.1395797729492
742.77 761.3591861724854
1026.07 990.7988109588623
933.57 922.9855766296387
811.86 782.3291454315186
995.61 1024.893783569336
999.19 1009.4452896118164
1052.15 1066.652847290039
1016.3 1017.8836822509766
547.87 539.8674335479736
878.79 831.1173801422119
983.75 957.0570678710938
928.22 937.9533290863037
984.2 969.1150798797607
902.04 922.8061065673828
516.12 536.709566116333
745.19 768.1768913269043
942.36 919.2506160736084
1171.93 1196.1260719299316
1006.01 1063.4197998046875
923.95 952.3262481689453
1077.9 1050.890676498413
925.44 924.8910675048828
987.51 999.0270824432373
873.24 865.2002754211426
907.07 885.4601860046387
913.44 896.8258972167969
1207.99 1187.288730621338
978.62 949.381721496582
1047.76 1060.6827697753906
901.63 886.2054538726807
1102.83 1135.3796463012695
657.05 674.3931655883789
1174.24 1197.5404777526855
721.07 741.6536464691162
993.85 1016.1491813659668
787.49 812.5797061920166
967.16 950.80983543396
904.81 880.4357948303223
796.47 778.9815425872803
1016.78 1023.0133934020996
943.37 889.9466361999512
1042.78 1086.7521839141846
1053.43 1082.2723922729492
1013.53 1031.977123260498
945.74 889.51708984375
912.04 936.7369785308838
1084.56 1081.7809047698975
1085.32 1088.152515411377
1050.84 1028.6480617523193
1069.11 1053.1225051879883
1111.35 1092.5548057556152
911.76 955.3401031494141
782.09 823.6320915222168
1071.14 1105.7529392242432
1029.23 1100.343111038208
1050.13 1047.5051002502441
1109.35 1119.6412887573242
1112.79 1147.4847869873047
1015.33 987.6115989685059
1082.33 1072.0826663970947
1050.44 1076.1013565063477
784.61 785.3094463348389
945.26 920.4747714996338
973.83 984.1005191802979
1063.62 1129.5786781311035
877.77 875.5228424072266
1162.23 1181.8672981262207
989.4 982.0734729766846
895.01 926.8241729736328
945.32 954.2738571166992
957.01 926.0469379425049
1071.27 1088.5145225524902
1132.12 1104.1776885986328
1080.64 1079.7805366516113
981.46 982.9341888427734
1118.04 1112.9504623413086
1079.21 1095.2517261505127
896.23 903.119327545166
880.62 826.2425708770752
1144.58 1182.936752319336
894.58 889.299186706543
995.68 939.2098255157471
1043.03 1039.9864768981934
886.42 870.9986038208008
824.77 792.8035068511963
917.15 920.990535736084
1161.51 1133.6290893554688
1142.26 1127.8565826416016
985.15 1009.5622425079346
963.66 963.6319770812988
1137.75 1149.0558223724365
1105.59 1087.2489643096924
951.4 974.0226593017578
935.79 929.5964851379395
966.57 985.566967010498
910.6 894.4343395233154
823.11 830.1551895141602
862.73 851.9730758666992
1099.05 1122.1424865722656
1046.58 1030.762191772461
869.94 869.8805503845215
1063.65 988.3757190704346
912.38 928.060489654541
872.42 891.1355037689209
940.41 964.322151184082
856.67 822.5152435302734
954.59 940.5721969604492
1112.54 1097.2027015686035
868.44 855.5741367340088
1088.19 1050.6340923309326
1017.18 1009.2949638366699
1039.93 1043.6809768676758
774.31 797.0161991119385
716.3 765.5043449401855
962.11 920.679609298706
900.83 858.7336483001709
945.32 937.4645137786865
832.6 842.3889961242676
1112.35 1122.86328125
1084.64 1063.055830001831
1071.06 1073.5649967193604
907.83 900.5429725646973
911.65 918.6358451843262
671.69 687.308557510376
686.6 689.4127864837646
959.84 936.0880813598633
684.25 702.851001739502
1135.78 1108.4558296203613
1048.87 1012.3064231872559
748.98 779.4558086395264
859.93 856.9959735870361
1039.05 1025.2247467041016
707.98 714.009241104126
872.5 884.1451835632324
794.21 788.9996280670166
799.49 805.610689163208
793.84 796.221851348877
1020.9 1004.69677734375
844.82 859.8819942474365
1064.95 1017.9108047485352
1076.68 1069.9966087341309
1091.63 1101.1212921142578
1025.65 1044.1569175720215
855.14 874.6763076782227
1087.16 1101.646427154541
898.12 912.7306976318359
1155.37 1144.9480514526367
929.84 914.778923034668
965.79 978.0757522583008
915.78 915.7691822052002
836.23 870.6296138763428
869.19 893.1932601928711
952.41 961.878360748291
1136.83 1096.4552192687988
1079.09 1063.3474006652832
809.03 817.5559959411621
549.84 575.4425373077393
661.47 690.7964935302734
1175.44 1190.6335258483887
673.98 719.9879760742188
766.38 798.4119262695312
816.07 823.1572360992432
926.94 896.9300231933594
903.26 924.42529296875
860.43 837.3380317687988
547.23 530.0783634185791
582.69 584.1025619506836
1030.3 985.4618301391602
917.08 918.9213562011719
942.33 916.8645324707031
688.18 696.6588821411133
480.72 463.1785125732422
504.33 504.2521963119507
680.62 663.5364608764648
830.86 808.7790813446045
870.62 860.5442867279053
911.86 888.0793590545654
784.77 785.4945583343506
912.99 915.6166172027588
970.66 942.0945148468018
1008.17 942.0933074951172
728.87 748.2633628845215
1037.12 996.3777370452881
828.95 835.8602504730225
796.95 839.6619529724121
998.86 981.1024780273438
983.79 970.8680400848389
761.86 751.1775035858154
970.1 916.5679264068604
763.66 772.9825820922852
931.78 966.2105045318604
899.12 906.1552963256836
875.16 839.9736747741699
899.1 894.3057193756104
755.29 778.9912490844727
826.19 822.8477821350098
785.71 782.8115653991699
954.68 952.166072845459
842.92 875.050724029541
791.01 797.3734130859375
951.35 991.4762020111084
1069.57 1056.7162532806396
874.57 883.4765701293945
923.81 939.3345546722412
969.2 951.298152923584
870.64 847.9495334625244
795.55 811.0685195922852
724.33 737.9032611846924
952.07 997.8843288421631
793.01 773.3584480285645
853.03 876.0581378936768
728.06 758.7366580963135
917.77 939.515453338623
931.38 948.7959156036377
787.13 812.0823516845703
649.22 654.066068649292
613.9 616.7116756439209
705.89 694.2207050323486
771.49 786.6969108581543
748.12 764.5146026611328
659.34 662.1407604217529
1017.9 1051.2196559906006
921.72 871.9270648956299
736.94 754.8697509765625
853.09 809.5559730529785
870.82 900.4576358795166
822.52 815.136474609375
724.37 744.6234321594238
651.4 645.9544506072998
784.32 788.166482925415
745.52 727.1332473754883
819.65 829.8878345489502
886.8 884.7420120239258
836.31 806.8338260650635
885.95 969.2844200134277
589.96 485.9661293029785
962.93 1043.807674407959
825.92 816.552677154541
817.7 859.4318504333496
739.72 748.7343406677246
725.95 783.136116027832
644.86 614.4183158874512
716.52 796.4255867004395
871.5 864.052713394165
726.09 765.0703163146973
839.38 846.6045093536377
620.32 569.9775800704956
623.1 655.670576095581
804.16 811.1508541107178
1099.06 995.1351718902588
