171.95 163.43286216871834
203.37 217.1512035934238
197.06 166.06189473571715
160.2 144.24576235782865
218.12 221.43969503217772
207.16 208.4105200163997
288.87 288.7291527708842
233.35 227.7748518161356
202.68 191.04248259899532
240.32 247.2224005532168
394.65 403.04556836451263
279.85 296.7974664278498
353.85 339.17384580112895
566.3 591.6786101810505
345.43 336.4038261599684
377.06 377.90699054913705
168.63 162.81907360534214
304.66 273.59780354572763
266.49 241.8085888401289
400.82 388.65531869147526
361.74 370.7535610558391
489.16 490.087914993906
399.03 369.55427154861417
542.9 546.0890744622882
411.29 407.73286482451095
395.67 394.64147713961773
365.96 371.50946022718585
644.62 668.7483372654784
860.41 865.1545340132794
477.78 515.9522574347122
493.71 495.598403670426
463.99 484.79029021250636
609.44 612.799096331366
557.56 547.2814962363644
671.93 647.3467593820434
661.73 651.056913693941
913.18 872.0221349027328
831.56 878.1925573207284
395.08 395.1371837817301
639.48 620.6422226838117
551.57 582.5448541821714
686.17 693.2949588270873
756.39 765.8339775296428
585.55 601.7123698311892
994.0 995.5603016266034
538.88 523.8000687277017
657.44 718.4987218501867
634.67 625.2144370601288
659.96 635.3040119141081
877.12 880.1242277737301
823.77 840.8440307495421
466.74 444.82327723948504
606.94 593.8114928656875
767.07 781.1143053256519
664.11 663.7962450866145
425.47 400.1192346308638
503.64 482.7049352989067
606.97 606.1179529364995
356.74 369.1585339592286
478.48 481.62359110308887
537.54 545.9868385024525
557.23 578.2095125086305
574.82 590.7048657184432
448.56 426.1187440838992
657.48 653.2753413027516
618.82 639.4238998905364
568.16 579.0891854716905
627.85 647.7222569124978
533.65 515.5960799465679
758.28 776.9379020278242
691.24 673.326983908478
602.8 603.3676527868322
609.84 617.7370884010672
769.88 746.6314554717063
457.5 439.9330850763624
515.68 554.2266317635131
529.36 557.2991210070863
596.23 598.3766008172212
643.26 641.6155876153896
560.61 548.2743936070447
661.19 647.7606993274526
915.6 904.4626186635568
661.88 668.8054292393099
728.91 702.783940070149
672.75 665.2432437774964
836.88 844.3065569793829
377.63 395.3258812703151
603.54 570.7496030108865
691.04 664.9050269817969
646.09 653.745258804924
645.06 632.9498784790522
541.71 555.7655773313966
665.28 646.8019077018606
757.19 760.3724791186902
759.38 739.0446428047267
685.53 678.940671273446
777.44 724.1088513223817
774.09 811.3908977377873
667.72 648.0228438988469
797.19 798.250014119126
600.74 614.0303100165617
323.37 336.00409838584045
492.88 513.646556425093
519.46 498.52955889477266
622.53 713.614330216706
487.25 465.37083015184885
509.49 526.1791785229595
379.5 389.60665352456243
621.55 637.7337635176615
482.97 479.9996867189652
391.32 377.8859862628326
567.92 550.5582424229789
711.5 750.109709074396
513.83 505.3146148841464
756.72 743.1664211344189
732.6 746.1791503955124
762.29 783.5957490229218
618.05 629.2608509747115
581.95 561.5159634713103
622.35 600.7010286168359
542.87 545.1527248613722
617.26 596.5147643868444
694.28 670.3885509720174
675.39 679.1413997673939
571.89 550.9231172977536
724.56 736.451562555551
718.77 679.02627837138
615.11 633.1503696811249
674.53 673.5615013949703
693.6 683.7007844567195
580.45 519.2235849602437
691.51 681.3438950181823
759.61 790.6705322347701
657.64 646.9951004739204
628.39 619.0776556044216
561.91 565.5127959790655
612.17 603.5960723556992
595.13 619.6211149654187
874.77 919.4191481046257
728.9 752.5499870478357
736.69 725.9457692779752
750.69 738.5387179242774
594.51 583.2205048130509
653.44 672.1771868655044
567.55 551.3819080444817
643.01 685.9395638293306
511.88 526.5605595019377
691.37 693.1546659685727
652.83 639.2099555967567
609.66 593.0268977639503
723.52 697.4261218395785
757.73 761.3615981847579
532.88 558.1202202902607
537.18 535.815305690993
291.79 361.7556514192368
538.23 536.5781003553027
717.29 736.0424320341754
620.71 628.2406416629461
619.93 605.6157355593041
573.07 603.4651422583918
644.35 645.8278319833482
561.58 544.083802070516
478.92 488.15733065641575
483.8 481.025602230506
505.73 499.14208663987387
609.89 659.2836369382012
556.42 571.8157760157395
467.7 478.46913380655263
525.08 511.77355518443017
427.53 451.98868244136725
496.46 503.4220238231324
559.01 560.5947448469663
884.43 931.3665554912162
899.21 830.5899694625969
920.38 873.1802717510036
592.58 597.5112505142847
1046.91 1109.7681022659615
811.4 788.4642529515919
951.46 906.1709689241468
898.35 922.8963669101898
738.37 754.5906193169399
708.42 689.0382622745002
1040.68 928.0747743135487
895.37 890.5538467891581
608.52 600.258889452912
239.43 385.8299611505109
505.29 547.3519745722322
933.29 905.3873538477636
991.54 927.5201934826716
887.77 857.4753652674763
840.49 823.044116968473
656.42 645.4952218457394
850.38 866.7855974361822
594.26 605.1032320210755
830.16 808.6328547369053
769.04 789.1364540761604
819.53 849.1072835139685
908.32 914.6066895141329
812.87 861.7363870894061
770.7 803.467716594801
723.39 743.0941887648181
818.3 847.0179870871067
1024.65 1006.7698688852188
1035.28 1006.3464952842228
1054.45 1019.2190789554567
978.37 965.538884029766
909.56 929.4156350505782
1012.74 1037.916913117961
753.76 719.8087252185306
727.29 782.8417328837126
831.25 828.5306272313355
933.19 923.5429527296624
929.42 913.3837823965572
755.98 780.4546129104732
763.66 721.0350297565196
798.56 781.2587253659035
791.62 802.3234138962334
642.4 645.8209015463956
940.38 945.5557056616155
908.97 892.2849663575789
962.07 963.7247776800435
754.88 751.4000035931845
756.19 768.0248797744237
853.8 875.9962636132532
768.2 722.8804161533822
1102.32 1036.8393538659548
1086.18 1053.0233455195348
748.91 726.3671810551797
887.59 856.1349952843897
802.18 787.3586436944715
857.26 855.5282701150335
918.64 941.0823387481717
788.64 756.2489544004729
992.75 996.942164410237
948.74 1016.3109380802031
941.91 977.0234098820558
927.91 942.3394348836925
910.94 849.4524323994575
958.72 936.3659012412302
750.94 773.0037521100725
977.25 987.2226192493994
848.64 822.3759234861081
1091.06 1046.8266808327649
1019.78 981.8451271797201
1004.54 963.8382490256297
873.83 845.0881757524918
1087.18 1093.8819390356646
905.09 888.6690500619974
711.89 753.9448338803074
804.88 799.0315851736681
829.32 855.7541646182741
906.76 911.7938663165958
840.85 853.2279992617246
775.16 779.3824180152355
486.92 464.6215146281353
639.48 607.8072860818642
576.18 583.4322277699551
682.66 650.4978766112351
726.13 732.9169187056782
890.22 911.3781157014873
926.83 904.8559986984906
774.43 785.2494240457627
758.13 743.6670459018006
786.94 800.1009778112707
769.23 784.0655765526492
787.45 770.8631732016631
760.88 816.0820312602632
678.57 676.8038054565202
807.44 816.8649365633376
769.02 761.7654858115875
595.77 621.8279964746679
819.75 852.7433498496982
896.42 874.4977762748417
868.33 801.3753879917668
786.24 794.7926746589285
774.1 766.5233287266722
878.19 878.2344912524618
755.83 777.0376216454645
763.88 735.0643993462745
854.57 840.9841432464411
711.27 718.3076827801763
468.95 476.7417778265584
911.91 914.4967090821364
801.04 844.0658621528834
1146.85 1039.4131454756166
1149.08 1056.4887774728097
932.78 953.2818369920323
1127.83 1075.814967729586
1171.05 1131.6762200370515
1061.53 1055.703153692075
892.16 911.12522323163
1022.96 993.159489840346
1253.46 1242.3643087936955
1042.95 1040.5344822709405
1282.35 1240.5383471793446
1285.77 1259.2752724438858
1142.33 1106.8926888864053
902.65 928.0407238151838
1047.48 1064.5560984830547
822.83 838.5358104887091
1111.25 1135.0114593009853
1124.72 1117.8469851126554
885.85 896.6187402289714
877.59 930.8210653568224
1037.11 1006.27767998113
1136.67 1140.2160398924364
795.68 812.4445912260676
1050.41 1074.373835292024
1048.89 1031.614324970305
916.34 923.4216601955201
1064.92 996.1542456913277
1141.08 1107.6941900650354
973.79 975.9586277126607
1051.82 1005.5769893697023
1076.34 1095.1997636692504
1180.11 1174.3952835023522
999.39 993.5330605686354
1111.98 1054.125169086143
1002.66 994.0667819014936
1298.61 1263.8186943342703
953.16 951.1867820493355
1138.8 1119.5428020652514
439.01 448.12737166133263
701.79 725.5460262087145
647.57 666.6911467421322
726.27 751.5971436302825
494.79 497.11149923932123
888.13 878.7157535938935
884.5 870.50404084469
975.3 955.9795236633056
804.43 843.8039482608414
876.3 853.6269074579509
1030.41 1039.0059455572837
672.72 688.0764698076521
838.64 848.1256569409371
773.71 756.8252805029134
895.81 882.2167317659092
751.87 769.4144897126306
643.89 634.9483795108589
716.6 694.477753825898
894.89 879.4330431964536
781.57 776.687368379534
1020.34 1006.3620686963144
891.67 953.9199955956451
876.64 861.9855221657932
926.28 941.5695513353003
1013.85 1007.9528603143577
942.33 955.3893921715537
885.07 868.0927251850685
841.58 829.5148438023018
985.55 1005.6468309711079
766.05 775.9769101945694
915.87 907.3484139692504
965.02 987.2335266701332
819.65 809.3871445523654
821.06 838.6208882036549
773.2 789.5948703017696
1002.24 1008.3123146658362
985.67 965.0376622358594
848.25 910.5402435704968
997.04 997.8988370895429
742.26 707.3523461902525
801.72 765.4084842285938
926.58 908.9370171941349
879.51 867.9789298059815
787.72 760.826665875039
960.37 990.438280295416
985.18 994.8068445269358
883.86 822.8104950287994
1078.41 1088.6172195851775
989.24 997.0390317415751
633.27 652.5997427703785
1019.36 1008.9044118937425
762.24 761.2059684894676
993.94 944.2679453197607
663.86 659.2141503363001
714.3 730.0450581176536
608.63 620.0964747668269
555.42 592.0639668156498
615.87 637.4863140147327
512.19 467.9333080814701
767.9 758.5310718670828
884.56 875.4576600273866
997.99 963.9161019391556
897.83 893.9622740536926
992.58 981.2451948429925
815.82 851.9015416754587
724.41 732.7184576308944
798.58 811.0217228640813
647.96 747.7932492041847
582.6 549.4900766702467
639.46 648.7376808778557
850.01 842.7836640714377
675.94 642.2896503625079
715.28 720.749135085745
798.17 829.2626867194597
683.78 693.7651994269652
682.69 682.1535149576296
968.99 975.6220309479655
824.5 850.7166199265721
910.18 897.0462865185501
602.92 596.1664824018616
883.14 869.0805539597619
429.4 417.45774516449825
624.0 641.0110527914102
947.84 951.9033485433114
707.19 707.9835229470668
774.2 755.2190804562509
710.92 672.0711591909454
956.44 956.1417154677423
787.52 826.568745856957
671.71 687.7189843375567
806.27 821.9004226227986
603.51 616.9154495977068
769.66 776.9958249778866
654.81 644.9471884909416
823.44 775.1663899068415
669.62 678.1109134470587
758.45 691.1196344367579
876.74 888.5081313239399
721.86 747.7899041617478
613.74 612.1965972672336
696.25 703.2058083923379
861.17 863.6573625438925
698.91 710.2363008436163
859.06 850.3225225453931
631.19 626.140815931883
518.64 540.6353203205075
574.66 606.4737635392272
814.89 782.5750503162849
571.38 585.0376984532721
751.94 745.1225355014874
959.95 960.5815982090503
841.51 847.4070738999535
957.1 975.629674176277
905.79 881.1773419976253
682.37 685.5880846244099
611.45 592.9467536276247
985.43 1016.0365998450807
845.36 837.5705142357862
707.87 697.466940437111
792.0 838.95064569528
907.8 886.8286135498622
815.3 793.5639405518319
529.79 526.6763697434768
569.72 573.1866997650668
839.22 850.1038650746985
769.75 794.31247135362
913.26 937.9785018821307
736.06 754.3797125677648
871.84 876.0559124189003
840.82 870.5461259850573
962.54 963.2424018235715
1199.24 1089.144387075697
1028.15 1031.2837457702922
683.88 711.3370029812404
688.82 690.930626053944
1184.09 1141.4353342334964
952.32 930.4701492291433
752.58 688.8723356175535
1110.8 1107.5776109741882
1215.12 1205.658386453283
1064.99 1078.909794559811
923.01 960.8596355917267
1289.38 1291.4704918653674
1025.25 1075.877975311655
989.11 950.8140771546907
743.39 745.8186405577533
1006.17 1010.7953076544534
1010.79 1050.1015811686218
870.11 851.2997373519759
898.65 898.215316024023
1021.93 1023.0990854235
910.65 916.5581819742102
840.89 833.0910513979778
914.25 894.5019978305597
805.64 811.2655403662995
720.68 733.4627827805157
774.31 750.7101819046188
833.85 823.395685096019
1085.52 1068.2510852066862
1164.16 1180.8716237930817
1131.12 1146.3530725260778
1087.76 1162.4255354394938
1140.28 1136.7191443496924
1071.23 1066.275053938094
995.18 998.1328748332947
1028.92 1098.1196103318423
1149.04 1102.6125886636537
1055.44 1033.2172239225724
1261.23 1259.2384078968644
999.14 1004.3704229603403
719.74 739.3513510881777
791.63 768.5555565424545
869.37 854.0921440902515
1070.17 1063.8121545036363
841.72 860.2424318875183
823.76 842.9902108428569
718.5 708.4849152702197
767.03 750.5017693862188
842.35 850.0622548164437
863.86 843.5457493010399
1014.43 1002.7232999858337
993.81 993.5045847590844
880.36 959.6343050789711
1050.66 1084.6120122531015
1043.69 1019.9959214821326
995.06 953.4908316512347
1116.83 1099.3100963735692
1102.82 1070.668469807916
924.87 899.0915932147022
1123.29 1144.4303603504886
1012.16 1026.0133102465184
1050.22 1064.8764229722738
766.87 788.1986512241575
917.06 927.9258144714008
873.99 906.6196967026539
927.63 895.3789701403987
931.94 939.7122732810577
989.69 980.9666050005613
848.85 831.5290175354041
911.56 925.9166868827252
1129.45 1176.680889434502
726.12 745.8505623584065
986.74 977.4514857615466
1093.71 1109.4614628310267
835.76 824.715744272271
981.26 1004.6730768636527
1019.73 1025.2543268341105
1091.43 1052.8237495578187
1105.44 1122.5357148175376
1155.46 1176.6586208275705
1169.86 1158.2967724240584
1241.39 1248.8170882636873
1081.6 1074.1209549138368
996.78 980.370328826288
1118.27 1135.478909257621
830.22 823.0696428148717
936.0 951.548314822902
1122.09 1139.7659800352956
1106.32 1146.6473103320413
1224.34 1218.172967032233
1199.11 1198.3714995238968
1180.89 1183.3368560474735
1137.74 1147.082217015606
1018.74 996.7196035581978
1291.16 1281.7948049708093
1132.45 1118.7115980642352
883.23 921.730310306845
975.4 986.9529082631385
1243.79 1219.7214186213616
1232.43 1230.9929728510351
1038.97 1018.2427288274587
837.04 853.9206372231275
936.86 965.5790125967928
686.8 673.0673093182677
1033.32 1055.6530875943256
990.01 1013.7534384918524
990.31 1010.6684645475141
925.0 931.6724394558116
1094.16 1094.0732341380149
845.1 838.5804165985874
1119.11 1165.4985686805367
880.19 871.0805523332538
1016.23 1030.2142821158238
943.06 960.3599379862146
1130.36 1158.6409082825758
987.94 962.9960391930471
904.74 944.8073801419766
1031.08 1041.1332402136582
872.82 830.7388789815142
1046.38 1010.7553242707908
1008.17 985.28420523258
1042.79 1089.2770523786332
977.39 996.7760099738165
843.15 844.2928898471713
983.73 978.5109487400434
852.88 832.0516173387398
849.41 812.8887899792744
787.55 845.6453024636646
1141.62 1170.504204552981
1239.7 1230.4797641408447
1231.98 1204.4983002594925
1083.23 1035.1933160933138
1122.07 1099.2748806107775
1080.2 1088.3029322874404
1140.37 1139.2840653090225
1122.22 1093.7004048972715
1087.24 1088.2551270865677
1144.86 1140.960341543108
1121.76 1173.1753270435931
1169.73 1162.9487423762464
1147.83 1175.3983823136186
1236.29 1201.2239304816796
1099.55 1124.638396574817
779.01 820.8753778150829
1261.18 1246.4588143134742
1005.68 1005.2906873487732
953.47 930.1343867952806
1092.22 1149.1185013336315
771.13 788.4001965265456
1242.41 1270.3061987338697
1194.4 1214.9575755013507
1298.15 1258.3821915951921
986.96 1000.2962932310437
1134.74 1174.0572240688555
1082.81 1092.684561307522
1335.73 1276.9120516885494
997.27 977.3688165462121
1142.31 1184.783170974538
1311.73 1290.7688070049826
821.06 819.1281381846222
1000.79 967.1873227801542
1088.85 1147.8282044071389
1089.88 1088.724044737998
994.55 984.0103175658346
1132.29 1150.3243492432855
847.22 900.5467950141198
849.3 878.8382274483346
1209.33 1182.9798681677987
1154.61 1145.891615623286
933.43 926.0300035116691
788.3 796.8569531462514
998.59 1011.4194439358192
967.93 936.6762201334062
994.59 999.1650857603458
898.94 909.3135162413366
826.6 813.7833228383713
805.5 775.2017052018751
772.57 798.7126819236097
1111.86 1123.3027972695081
1104.47 1140.2143525185807
1100.94 1073.3972140618791
893.46 873.6456881653535
888.94 912.0756965471204
680.88 689.2712178733523
1077.18 1091.0491311195483
771.04 772.6595059634925
1006.33 1005.3080353870182
846.04 824.0683337493792
1196.28 1193.913287943772
971.28 962.2774477898822
767.17 719.1673530306012
878.84 868.8796852148929
1041.46 1071.4966399418
848.07 837.4910767250565
1054.32 1043.9150245615638
913.71 937.4028353729218
992.19 993.1690008091452
667.54 694.1846761786081
867.95 834.1402514773532
888.27 922.5181078818126
828.76 822.8497796951947
1084.79 1104.710910436493
751.24 763.1506209973834
852.43 861.8779446757912
1242.05 1223.9308666140628
1071.02 1048.0416493755433
973.33 1031.8003990090547
930.71 931.5345454177898
1116.72 1149.6831730909157
1252.22 1172.7218267549122
961.43 919.8908933174374
1235.21 1198.5071084026272
1053.29 1094.8515839011156
951.41 964.2813975832619
857.92 861.2717304705765
788.89 783.8881571737888
1158.03 1148.8207779184602
1150.27 1184.8805834276784
1176.71 1172.479111253032
942.64 925.0914766509651
1045.25 1033.595174985608
1196.0 1193.8289508107046
998.77 1051.0492707078379
1003.49 1066.3996666530993
915.85 940.5027225258383
1080.64 1055.5541168097
923.13 933.9550603148778
976.57 1002.8338128865448
951.48 948.9399681553848
1223.44 1227.081372189577
1146.06 1161.2214174261874
1062.29 1030.9770118911642
1066.48 1073.3585670268092
891.83 907.7660222032049
1101.33 1155.612628484297
993.86 966.668413279235
1198.43 1177.6063405247012
1131.38 1130.0202307164661
1002.52 1003.5388574171102
1131.27 1123.5369914093478
788.75 809.0389048893521
784.1 794.7365163005994
853.02 824.5933319117322
914.63 914.4633375760131
913.52 921.4359552831061
1186.57 1213.137138830765
882.45 913.2594805770764
1077.56 1096.2560584321477
677.28 701.5788770823671
633.28 654.7012116825194
830.44 860.0245576148744
868.38 865.1590215237038
1181.63 1196.3455936816217
1093.22 1083.6382527606543
967.24 961.0190711903373
1106.11 1105.3250646486915
1111.01 1156.9165249639027
986.77 981.6284414651761
1183.98 1184.8976968254
1152.94 1131.306696320528
1136.5 1169.36352437131
898.55 882.8238070155475
1138.23 1086.3581939459925
1039.63 1039.8613076138538
1326.4 1234.3366382698184
1023.51 1016.0964271247213
1178.91 1186.7635700488486
880.68 881.7463169086833
1308.02 1241.484371272152
792.36 824.3555520005257
860.13 901.1640464160803
882.77 898.6057922845092
973.23 985.9965946387002
675.18 666.143629096685
746.73 718.390569085056
675.14 664.3856167363299
708.21 692.834961780128
802.61 799.7987288008568
662.85 674.3421942394367
912.05 859.085740271093
990.74 987.4635891957427
879.53 866.3774278595945
700.21 708.9782672946282
691.68 726.4328109356319
779.78 800.4479994373542
677.78 710.8172453350804
889.52 894.2188924141678
890.73 899.227573799491
808.48 806.7424930415871
1027.39 1034.648410168692
907.54 910.358898752516
988.77 970.9794396141976
863.48 868.4760997404999
710.0 760.9408067210112
880.93 878.84867082475
742.77 755.5791617174199
1026.07 989.5052188786937
933.57 933.1823163643768
811.86 810.3881758311944
995.61 983.5006699299001
999.19 1042.9622042535514
1052.15 1077.6279347157347
1016.3 1037.1992723937449
547.87 546.6443225548225
878.79 823.7258870792531
983.75 931.4326509256175
928.22 948.6952135566536
984.2 989.2393639215702
902.04 873.3800134736215
516.12 524.5992378485449
745.19 764.2184491482637
942.36 910.7274762694376
1171.93 1203.0292368085538
1006.01 989.0761913204162
923.95 945.0507444041472
1077.9 1074.5732065238387
925.44 912.1059146540503
987.51 972.781851819037
873.24 849.2242449606077
907.07 873.5170261503717
913.44 938.4929303020408
1207.99 1193.4297845734745
978.62 994.1700733101715
1047.76 1052.4769782521669
901.63 910.6128954643139
1102.83 1118.2456492007166
657.05 667.2403289608956
1174.24 1228.291052580399
721.07 729.1437860796083
993.85 1059.880342072054
787.49 784.2794789131084
967.16 960.2189227799463
904.81 889.1338769378709
796.47 818.8870373055768
1016.78 1010.9990159577656
943.37 917.4664768772083
1042.78 1046.197505566395
1053.43 1065.9071177437427
1013.53 1042.6575490387836
945.74 930.5441390948863
912.04 955.8182001750962
1084.56 1067.6745809727884
1085.32 1099.5132888144776
1050.84 1015.1666844829173
1069.11 1080.4548071732122
1111.35 1100.799498573357
911.76 900.4226498712467
782.09 837.9681077629426
1071.14 1103.601854772347
1029.23 1124.8840614053981
1050.13 1031.647340974782
1109.35 1160.9485986377233
1112.79 1133.8980948601295
1015.33 1015.2696227766279
1082.33 1095.058806215707
1050.44 1070.9032702688146
784.61 810.4526213263616
945.26 930.4588846605886
973.83 990.5755232579878
1063.62 1069.5607774208183
877.77 872.1861990027469
1162.23 1140.662703917506
989.4 1029.7701191498727
895.01 906.0149007214796
945.32 974.9055140451312
957.01 920.5925749130704
1071.27 1074.4256887314211
1132.12 1104.6047146207309
1080.64 1115.5819458445076
981.46 989.5508880900766
1118.04 1132.0523694675235
1079.21 1086.6627403347188
896.23 912.0801007771048
880.62 881.463003888322
1144.58 1150.379995464105
894.58 909.0896910761521
995.68 961.4288593232562
1043.03 1011.7119864482632
886.42 899.8914086120565
824.77 819.6798593841833
917.15 927.7789072052122
1161.51 1129.4014976308179
1142.26 1148.6313920842692
985.15 1014.2531062006129
963.66 959.6165342950657
1137.75 1156.4000959966638
1105.59 1086.1239239262147
951.4 954.7973890918803
935.79 930.9388819310749
966.57 1017.622700640394
910.6 892.4024108771946
823.11 856.2539687129326
862.73 880.3879359825389
1099.05 1115.399038553865
1046.58 1052.9257052859277
869.94 883.1236694963147
1063.65 979.5457529559155
912.38 921.1803524892935
872.42 890.9890942127498
940.41 992.9714342527395
856.67 833.2532919425472
954.59 936.6381095094927
1112.54 1102.9297768087426
868.44 894.9110915485987
1088.19 1060.6035882200356
1017.18 988.7514568331248
1039.93 1007.498971412836
774.31 793.9248589985402
716.3 729.7218603977957
962.11 969.9816067534782
900.83 856.6232626507817
945.32 953.1214817246105
832.6 835.5813144013389
1112.35 1160.3632128680208
1084.64 1090.9023836084452
1071.06 1075.9541916251424
907.83 941.4822437148747
911.65 916.4644204434148
671.69 645.3342559134479
686.6 709.3139028998039
959.84 999.9054024733572
684.25 761.869759754875
1135.78 1116.0656057503425
1048.87 1042.2556213856708
748.98 793.5466335699545
859.93 823.7433802353936
1039.05 1018.5506166646732
707.98 704.4731392841237
872.5 881.4341371373121
794.21 796.5117618905754
799.49 796.9263846414793
793.84 783.7276747975039
1020.9 1039.8480623006556
844.82 887.5719245574965
1064.95 1035.0541803645635
1076.68 1089.3868117407046
1091.63 1077.6241595465383
1025.65 1034.9337274893144
855.14 871.9067667524782
1087.16 1059.0964232232297
898.12 905.1284320123729
1155.37 1163.8605166006182
929.84 989.2602778669923
965.79 976.485043138935
915.78 901.6873008418532
836.23 841.5381592678444
869.19 919.7579362373718
952.41 914.7793843234945
1136.83 1074.6273319938668
1079.09 1089.9993980564911
809.03 837.1452959542113
549.84 631.2641563631615
661.47 731.8275425019954
1175.44 1166.0090280757363
673.98 671.561667752241
766.38 780.7835391799264
816.07 783.627152271962
926.94 998.313867914394
903.26 977.6120783734534
860.43 840.7634108436953
547.23 597.7787860403588
582.69 605.8140585807952
1030.3 1044.5543039437143
917.08 949.4691251037063
942.33 1030.4627801620347
688.18 721.997800591104
480.72 517.084204258142
504.33 538.1225604645063
680.62 720.8727678427213
830.86 802.1824141191604
870.62 882.056120296709
911.86 939.8101024129281
784.77 800.8035505755263
912.99 871.610012311941
970.66 945.458507108564
1008.17 938.2279243829395
728.87 748.6368032187436
1037.12 1012.5888814201627
828.95 776.5744195054104
796.95 801.889246331299
998.86 977.7854712650698
983.79 963.1176585363266
761.86 778.9678897601805
970.1 905.9947568939035
763.66 800.4914646758876
931.78 850.2945126626148
899.12 900.0276010794772
875.16 861.8038820406592
899.1 860.9874368146574
755.29 809.9394375858003
826.19 843.3954896825503
785.71 781.0172593033876
954.68 923.2178960124072
842.92 846.6799037177893
791.01 786.2523187302149
951.35 995.1311342750417
1069.57 1067.2115857541075
874.57 862.8408802193926
923.81 930.2267016140112
969.2 973.5266678684492
870.64 863.6697632218071
795.55 845.4451570303225
724.33 730.8736254482455
952.07 1009.7932353077764
793.01 830.9771946714027
853.03 900.4713431062728
728.06 692.3824813691019
917.77 913.3827425991619
931.38 873.8937018444586
787.13 767.5248922610086
649.22 656.7901281564825
613.9 634.0630272428623
705.89 675.4133532523989
771.49 827.2790931067765
748.12 768.2253117796887
659.34 684.8181186672855
1017.9 1056.4079881206048
921.72 907.8658318769161
736.94 786.7747333818102
853.09 861.8511052196312
870.82 892.7136501060797
822.52 836.5759836427487
724.37 742.4156011838529
651.4 662.2060365275216
784.32 817.6301217414547
745.52 775.695823426933
819.65 831.3692667008838
886.8 868.0903810260808
836.31 768.6798668762953
885.95 962.2249940028223
589.96 541.3743617340637
962.93 799.865167427371
825.92 787.1683877698832
817.7 777.2711915397591
739.72 726.9337272375269
725.95 777.5906727067571
644.86 598.6921655519757
716.52 672.8949595379366
871.5 892.973068121455
726.09 732.453908985146
839.38 694.7706164665086
620.32 567.3942224501332
623.1 762.6955844453311
804.16 694.4016044995835
1099.06 947.257127215412
