171.95 139.3531608581543
203.37 200.98230361938477
197.06 151.52676486968994
160.2 132.033588886261
218.12 203.48499488830566
207.16 184.0683479309082
288.87 272.5312957763672
233.35 204.70497035980225
202.68 164.56580543518066
240.32 227.6424160003662
394.65 391.08775520324707
279.85 267.46378993988037
353.85 343.1362953186035
566.3 567.6023406982422
345.43 342.8370752334595
377.06 362.23419857025146
168.63 160.21903276443481
304.66 272.44553089141846
266.49 278.35052013397217
400.82 387.59689140319824
361.74 349.1167049407959
489.16 508.6330633163452
399.03 382.8763675689697
542.9 555.8285264968872
411.29 392.51568031311035
395.67 395.90344429016113
365.96 358.47318744659424
644.62 654.3761596679688
860.41 856.7149105072021
477.78 461.7636079788208
493.71 485.3494529724121
463.99 470.67711448669434
609.44 613.590087890625
557.56 540.2823114395142
671.93 682.5928115844727
661.73 667.201738357544
913.18 882.0535411834717
831.56 841.8615102767944
395.08 407.7561912536621
639.48 622.7110900878906
551.57 532.9184722900391
686.17 656.2207431793213
756.39 757.5394897460938
585.55 572.3794555664062
994.0 979.4620971679688
538.88 543.1189203262329
657.44 676.0076637268066
634.67 637.2713508605957
659.96 650.39231300354
877.12 847.7042541503906
823.77 840.1346130371094
466.74 452.80645179748535
606.94 593.9398097991943
767.07 770.2032566070557
664.11 689.9483585357666
425.47 417.1242685317993
503.64 516.0004234313965
606.97 588.2483520507812
356.74 355.7515468597412
478.48 447.7365303039551
537.54 530.4365081787109
557.23 555.9284362792969
574.82 594.2481689453125
448.56 446.186053276062
657.48 655.5421981811523
618.82 633.9524774551392
568.16 607.6403760910034
627.85 643.0796508789062
533.65 562.0586729049683
758.28 730.828125
691.24 699.3331394195557
602.8 650.7073259353638
609.84 646.466474533081
769.88 778.8292646408081
457.5 436.54453563690186
515.68 548.8963508605957
529.36 529.3301868438721
596.23 612.0814990997314
643.26 662.7122430801392
560.61 558.7636470794678
661.19 658.0307579040527
915.6 899.3812856674194
661.88 665.2419819831848
728.91 725.8619928359985
672.75 682.3167514801025
836.88 832.1799011230469
377.63 365.88894844055176
603.54 580.465817451477
691.04 696.4855442047119
646.09 657.9377317428589
645.06 638.0374698638916
541.71 563.4050846099854
665.28 693.5257816314697
757.19 761.7726516723633
759.38 734.4254932403564
685.53 679.3359670639038
777.44 744.1984920501709
774.09 805.4401588439941
667.72 681.4577865600586
797.19 811.7046546936035
600.74 616.4084997177124
323.37 305.38171577453613
492.88 522.3692874908447
519.46 483.42253971099854
622.53 627.7781896591187
487.25 491.11609077453613
509.49 503.42419815063477
379.5 353.8546943664551
621.55 640.1351623535156
482.97 465.6399645805359
391.32 374.5541400909424
567.92 575.6345558166504
711.5 732.7869873046875
513.83 517.0005226135254
756.72 751.5721435546875
732.6 735.0579833984375
762.29 767.0908575057983
618.05 625.6665515899658
581.95 572.432599067688
622.35 628.3693599700928
542.87 547.9841175079346
617.26 604.6579027175903
694.28 712.8591156005859
675.39 693.8989734649658
571.89 582.0097188949585
724.56 722.9453415870667
718.77 685.2751483917236
615.11 644.7552680969238
674.53 688.3972835540771
693.6 705.7648944854736
580.45 519.8517246246338
691.51 726.6316366195679
759.61 806.5185070037842
657.64 660.2653865814209
628.39 644.5967383384705
561.91 563.3914365768433
612.17 589.9092149734497
595.13 575.9133415222168
874.77 900.8237743377686
728.9 743.64577293396
736.69 722.1304941177368
750.69 747.6608276367188
594.51 575.8597583770752
653.44 675.128345489502
567.55 590.7700572013855
643.01 666.4995546340942
511.88 503.22815322875977
691.37 709.2218255996704
652.83 676.9192743301392
609.66 611.9064044952393
723.52 694.0629892349243
757.73 772.3906230926514
532.88 545.6656866073608
537.18 528.3674068450928
291.79 313.3244185447693
538.23 541.0270185470581
717.29 746.1375331878662
620.71 629.1004800796509
619.93 610.7308673858643
573.07 607.9373073577881
644.35 655.4024648666382
561.58 583.1366157531738
478.92 487.1297302246094
483.8 443.09031677246094
505.73 510.0312662124634
609.89 632.666889667511
556.42 562.8611083030701
467.7 470.15210247039795
525.08 530.2730989456177
427.53 421.0151767730713
496.46 493.2087993621826
559.01 594.6645498275757
884.43 943.8598709106445
899.21 863.6492080688477
920.38 866.2676668167114
592.58 579.1134209632874
1046.91 1058.9353513717651
811.4 839.6959581375122
951.46 871.907639503479
898.35 880.6430473327637
738.37 746.3678169250488
708.42 713.9387526512146
1040.68 1002.5534868240356
895.37 891.3868446350098
608.52 654.8017997741699
239.43 274.52458095550537
505.29 550.7328929901123
933.29 903.0547800064087
991.54 901.9595489501953
887.77 866.8119812011719
840.49 834.2502899169922
656.42 632.291473865509
850.38 854.3645629882812
594.26 594.1635131835938
830.16 797.4947052001953
769.04 740.9157409667969
819.53 832.4456734657288
908.32 903.3271794319153
812.87 865.6636276245117
770.7 766.764461517334
723.39 721.0768418312073
818.3 840.7412281036377
1024.65 1034.8319721221924
1035.28 1051.519525527954
1054.45 1048.394281387329
978.37 978.6284523010254
909.56 896.3566856384277
1012.74 1023.0280408859253
753.76 733.6718292236328
727.29 768.8126525878906
831.25 826.3813676834106
933.19 947.2416534423828
929.42 956.6712355613708
755.98 789.3426513671875
763.66 759.9705419540405
798.56 796.6317658424377
791.62 795.0118865966797
642.4 654.7545471191406
940.38 942.3594970703125
908.97 875.7338256835938
962.07 956.0393085479736
754.88 761.0775742530823
756.19 777.2826538085938
853.8 853.072021484375
768.2 710.0709686279297
1102.32 1083.019549369812
1086.18 1061.6794910430908
748.91 716.3768148422241
887.59 910.4936714172363
802.18 794.8292083740234
857.26 848.4486637115479
918.64 926.2308731079102
788.64 758.5743036270142
992.75 977.2093753814697
948.74 967.3474311828613
941.91 969.0954265594482
927.91 951.9287624359131
910.94 851.1112995147705
958.72 922.5379400253296
750.94 768.2224459648132
977.25 1012.3189888000488
848.64 818.404616355896
1091.06 1075.5977249145508
1019.78 979.5685806274414
1004.54 955.7785692214966
873.83 868.8265514373779
1087.18 1107.3169298171997
905.09 914.1410636901855
711.89 723.3597564697266
804.88 804.7856769561768
829.32 823.4427852630615
906.76 903.7990169525146
840.85 847.297025680542
775.16 800.3980331420898
486.92 481.24762058258057
639.48 603.1239628791809
576.18 548.5370526313782
682.66 656.8675689697266
726.13 728.108642578125
890.22 917.5821619033813
926.83 903.4688110351562
774.43 784.141357421875
758.13 764.9773101806641
786.94 818.2925415039062
769.23 790.093505859375
787.45 787.91748046875
760.88 770.8614501953125
678.57 679.3817596435547
807.44 787.2110748291016
769.02 791.0249662399292
595.77 592.2136702537537
819.75 816.2420654296875
896.42 885.6729431152344
868.33 853.9224243164062
786.24 777.5359802246094
774.1 771.4723968505859
878.19 862.3117504119873
755.83 775.6484069824219
763.88 762.6236000061035
854.57 870.4513177871704
711.27 747.9733543395996
468.95 473.04127502441406
911.91 849.8086023330688
801.04 836.0135269165039
1146.85 1089.4261169433594
1149.08 1222.168433189392
932.78 968.1580047607422
1127.83 1127.3763599395752
1171.05 1150.2017669677734
1061.53 1113.2032165527344
892.16 921.3386335372925
1022.96 1065.1848850250244
1253.46 1247.532114982605
1042.95 1036.3102083206177
1282.35 1247.5860538482666
1285.77 1267.0912685394287
1142.33 1095.1044635772705
902.65 895.4130554199219
1047.48 1048.1659450531006
822.83 821.0867228507996
1111.25 1141.5335140228271
1124.72 1057.5956649780273
885.85 906.794641494751
877.59 898.4137115478516
1037.11 1022.7544612884521
1136.67 1127.8978672027588
795.68 786.0497589111328
1050.41 1055.0028381347656
1048.89 1016.3957262039185
916.34 935.9195795059204
1064.92 954.7643756866455
1141.08 1077.836374282837
973.79 974.4152545928955
1051.82 1040.4992065429688
1076.34 1078.526587486267
1180.11 1204.9398498535156
999.39 1017.3017835617065
1111.98 1098.6460647583008
1002.66 1020.5330944061279
1298.61 1268.273838043213
953.16 930.6799464225769
1138.8 1118.514051437378
439.01 420.61414432525635
701.79 706.9254941940308
647.57 653.1036415100098
726.27 702.7906436920166
494.79 492.270263671875
888.13 886.5295557975769
884.5 915.7724704742432
975.3 955.2224407196045
804.43 814.8359069824219
876.3 853.3382892608643
1030.41 1052.9131422042847
672.72 683.7825555801392
838.64 842.4987716674805
773.71 735.5850183963776
895.81 893.038046836853
751.87 759.7751684188843
643.89 642.3066101074219
716.6 724.7676544189453
894.89 865.8216133117676
781.57 763.9562659263611
1020.34 1026.9862747192383
891.67 934.4081573486328
876.64 866.5474662780762
926.28 925.5681762695312
1013.85 992.3625783920288
942.33 948.1461925506592
885.07 883.8999633789062
841.58 878.814866065979
985.55 982.8557424545288
766.05 772.1165466308594
915.87 912.242513179779
965.02 967.8661108016968
819.65 829.3580131530762
821.06 839.564266204834
773.2 777.1995544433594
1002.24 1004.0131492614746
985.67 1000.8233795166016
848.25 914.0036315917969
997.04 1005.277530670166
742.26 715.53125
801.72 761.009593963623
926.58 926.5008430480957
879.51 864.0459270477295
787.72 767.4425964355469
960.37 966.7178688049316
985.18 972.3535480499268
883.86 884.2266664505005
1078.41 1095.9409942626953
989.24 970.904899597168
633.27 617.4111480712891
1019.36 1010.1525821685791
762.24 756.5422368049622
993.94 960.4706478118896
663.86 688.3648195266724
714.3 698.8325672149658
608.63 623.854700088501
555.42 550.7637634277344
615.87 616.7913665771484
512.19 463.2929654121399
767.9 740.5240478515625
884.56 915.1111335754395
997.99 991.7209739685059
897.83 902.8337554931641
992.58 951.8905162811279
815.82 864.5681920051575
724.41 717.9581980705261
798.58 780.4828119277954
647.96 632.1144876480103
582.6 596.5043640136719
639.46 644.5890655517578
850.01 839.3313632011414
675.94 671.809681892395
715.28 703.8902177810669
798.17 797.1303491592407
683.78 744.9243564605713
682.69 667.0835494995117
968.99 947.4703350067139
824.5 838.7417178153992
910.18 899.451416015625
602.92 595.8717041015625
883.14 887.8685531616211
429.4 424.2824778556824
624.0 639.2719316482544
947.84 951.3563652038574
707.19 724.9692535400391
774.2 762.7643013000488
710.92 732.0603761672974
956.44 959.3126640319824
787.52 752.0467281341553
671.71 684.9301452636719
806.27 819.8859329223633
603.51 614.5876770019531
769.66 795.0003528594971
654.81 688.0393981933594
823.44 821.1981153488159
669.62 681.4259948730469
758.45 695.129638671875
876.74 868.6021299362183
721.86 730.6832056045532
613.74 602.3974742889404
696.25 722.610577583313
861.17 813.38645362854
698.91 688.5498046875
859.06 840.9073963165283
631.19 637.1465454101562
518.64 517.7505526542664
574.66 539.4501543045044
814.89 802.5848836898804
571.38 584.6149597167969
751.94 798.3467288017273
959.95 964.9038887023926
841.51 859.2140979766846
957.1 930.4892063140869
905.79 898.113208770752
682.37 695.0677714347839
611.45 619.2152080535889
985.43 989.5165395736694
845.36 848.7948303222656
707.87 722.108452796936
792.0 806.3447647094727
907.8 916.163387298584
815.3 830.8935146331787
529.79 536.25470495224
569.72 582.8804984092712
839.22 854.5874834060669
769.75 775.4325008392334
913.26 943.3704299926758
736.06 740.8230385780334
871.84 873.8499298095703
840.82 862.367769241333
962.54 960.328893661499
1199.24 1183.4053230285645
1028.15 997.1648788452148
683.88 722.3550624847412
688.82 701.367280960083
1184.09 1187.4590606689453
952.32 928.3474731445312
752.58 715.9739971160889
1110.8 1091.2526092529297
1215.12 1255.5302214622498
1064.99 1116.6752576828003
923.01 941.4012641906738
1289.38 1259.4576530456543
1025.25 1034.3843221664429
989.11 982.1343278884888
743.39 727.0844631195068
1006.17 987.2379684448242
1010.79 1032.1583032608032
870.11 872.2134094238281
898.65 925.8586406707764
1021.93 982.1817588806152
910.65 907.4331855773926
840.89 801.0588207244873
914.25 956.9602870941162
805.64 816.4724588394165
720.68 737.5260028839111
774.31 773.4482097625732
833.85 813.4752197265625
1085.52 1077.7293720245361
1164.16 1198.9777488708496
1131.12 1136.4938354492188
1087.76 1143.214783668518
1140.28 1117.7372980117798
1071.23 1062.0030450820923
995.18 1016.6602973937988
1028.92 1061.1413764953613
1149.04 1110.446343421936
1055.44 1064.5527896881104
1261.23 1278.6469554901123
999.14 1003.6964874267578
719.74 741.9334411621094
791.63 780.0097990036011
869.37 843.0293216705322
1070.17 1054.800895690918
841.72 855.8621892929077
823.76 836.013994216919
718.5 693.3097229003906
767.03 765.0173797607422
842.35 847.1556673049927
863.86 850.8460311889648
1014.43 994.2333083152771
993.81 987.0154237747192
880.36 865.6837310791016
1050.66 1091.477731704712
1043.69 1025.8801860809326
995.06 1005.1560044288635
1116.83 1159.8859748840332
1102.82 1077.7989406585693
924.87 935.6334114074707
1123.29 1103.9375
1012.16 1016.0920915603638
1050.22 1052.752872467041
766.87 769.1342940330505
917.06 912.9261474609375
873.99 926.3679127693176
927.63 897.5265445709229
931.94 921.5420007705688
989.69 1002.7073678970337
848.85 839.2476806640625
911.56 931.729245185852
1129.45 1137.028305053711
726.12 765.5019226074219
986.74 1009.3183765411377
1093.71 1070.5883331298828
835.76 824.712100982666
981.26 975.1999053955078
1019.73 1063.1754760742188
1091.43 1111.4567432403564
1105.44 1152.3878240585327
1155.46 1171.7537803649902
1169.86 1190.532579421997
1241.39 1239.7315044403076
1081.6 1088.4941940307617
996.78 990.4637603759766
1118.27 1135.3675651550293
830.22 847.6754760742188
936.0 932.5244450569153
1122.09 1170.322660446167
1106.32 1105.3580017089844
1224.34 1203.8807220458984
1199.11 1195.1696681976318
1180.89 1177.666368484497
1137.74 1131.3864002227783
1018.74 1024.797197341919
1291.16 1301.073169708252
1132.45 1141.0426082611084
883.23 901.0625152587891
975.4 972.4696941375732
1243.79 1215.3609943389893
1232.43 1255.308437347412
1038.97 1049.373935699463
837.04 832.1473259925842
936.86 921.7970237731934
686.8 705.8634033203125
1033.32 1054.3378458023071
990.01 980.7770080566406
990.31 961.1957397460938
925.0 956.1765389442444
1094.16 1090.8207740783691
845.1 837.3372497558594
1119.11 1161.2845497131348
880.19 882.8410778045654
1016.23 1030.3659410476685
943.06 947.4675140380859
1130.36 1159.570795059204
987.94 970.8717288970947
904.74 923.9584369659424
1031.08 1044.0012874603271
872.82 869.411247253418
1046.38 1041.6422986984253
1008.17 1008.6376895904541
1042.79 1050.5128955841064
977.39 969.3300533294678
843.15 868.4355812072754
983.73 993.9231929779053
852.88 846.5737009048462
849.41 820.0911769866943
787.55 809.0669994354248
1141.62 1168.804895401001
1239.7 1213.2620315551758
1231.98 1214.1770219802856
1083.23 1077.6572914123535
1122.07 1111.8594932556152
1080.2 1103.1478233337402
1140.37 1126.1642036437988
1122.22 1116.0707454681396
1087.24 1082.883436203003
1144.86 1128.0521774291992
1121.76 1131.9447898864746
1169.73 1140.407663345337
1147.83 1155.96089553833
1236.29 1193.1728763580322
1099.55 1099.955265045166
779.01 782.3858032226562
1261.18 1249.9011707305908
1005.68 989.0258293151855
953.47 905.9742422103882
1092.22 1102.8328800201416
771.13 775.2138366699219
1242.41 1279.2961692810059
1194.4 1192.5498313903809
1298.15 1266.2601528167725
986.96 1016.364387512207
1134.74 1150.9005069732666
1082.81 1097.07275390625
1335.73 1306.4006881713867
997.27 970.0153141021729
1142.31 1157.8987712860107
1311.73 1280.0030364990234
821.06 821.7458724975586
1000.79 985.1314010620117
1088.85 1105.9649333953857
1089.88 1082.3290100097656
994.55 994.867115020752
1132.29 1147.7916297912598
847.22 834.0831384658813
849.3 854.4299011230469
1209.33 1181.9362125396729
1154.61 1144.5357084274292
933.43 899.1278820037842
788.3 775.4078207015991
998.59 1013.599157333374
967.93 967.1206188201904
994.59 1010.8690757751465
898.94 911.9039516448975
826.6 813.5895466804504
805.5 790.4213390350342
772.57 750.2419910430908
1111.86 1139.9005556106567
1104.47 1108.4482336044312
1100.94 1061.108899116516
893.46 872.4740734100342
888.94 857.4810791015625
680.88 696.186653137207
1077.18 1101.461091041565
771.04 747.6156520843506
1006.33 1023.5659170150757
846.04 843.5374851226807
1196.28 1215.9165477752686
971.28 976.6943836212158
767.17 731.1615409851074
878.84 890.3074908256531
1041.46 1032.9040184020996
848.07 851.0830278396606
1054.32 1046.5137329101562
913.71 880.7984924316406
992.19 966.7600212097168
667.54 684.2815189361572
867.95 838.0860118865967
888.27 916.47385597229
828.76 823.954029083252
1084.79 1066.9596338272095
751.24 741.7465829849243
852.43 882.5580253601074
1242.05 1230.8072423934937
1071.02 1063.9435901641846
973.33 974.2563724517822
930.71 942.764440536499
1116.72 1126.17844581604
1252.22 1202.846529006958
961.43 937.6966037750244
1235.21 1190.2110862731934
1053.29 1080.4045715332031
951.41 950.2109870910645
857.92 884.9021301269531
788.89 797.5428743362427
1158.03 1169.4098796844482
1150.27 1155.6494407653809
1176.71 1176.6801643371582
942.64 895.285849571228
1045.25 1050.5812168121338
1196.0 1210.8679695129395
998.77 1009.7374458312988
1003.49 1027.7599983215332
915.85 928.6067771911621
1080.64 1061.8327922821045
923.13 931.358226776123
976.57 978.3368549346924
951.48 996.0089101791382
1223.44 1231.8760147094727
1146.06 1145.3692054748535
1062.29 1045.3016242980957
1066.48 1065.4544296264648
891.83 884.2642393112183
1101.33 1138.0963821411133
993.86 975.0301933288574
1198.43 1158.745346069336
1131.38 1129.8351049423218
1002.52 982.9864740371704
1131.27 1113.4774646759033
788.75 768.6471977233887
784.1 777.594443321228
853.02 815.320746421814
914.63 899.1874141693115
913.52 895.1576442718506
1186.57 1204.363208770752
882.45 893.7819328308105
1077.56 1085.4289817810059
677.28 688.616542339325
633.28 617.5732111930847
830.44 827.7310752868652
868.38 857.7682771682739
1181.63 1207.138032913208
1093.22 1066.3275356292725
967.24 973.65553855896
1106.11 1112.0216464996338
1111.01 1132.315601348877
986.77 960.3361892700195
1183.98 1193.127875328064
1152.94 1159.0407466888428
1136.5 1175.6581993103027
898.55 893.9425525665283
1138.23 1092.008605003357
1039.63 1047.3957681655884
1326.4 1255.631275177002
1023.51 1049.0428018569946
1178.91 1197.0768976211548
880.68 863.3639335632324
1308.02 1278.6215171813965
792.36 839.9070281982422
860.13 881.8635334968567
882.77 896.6851558685303
973.23 974.9368333816528
675.18 703.7473540306091
746.73 742.6334476470947
675.14 691.1691913604736
708.21 698.2710256576538
802.61 775.4800786972046
662.85 676.4488544464111
912.05 896.5213203430176
990.74 1006.0367441177368
879.53 886.7032384872437
700.21 691.4759922027588
691.68 692.4903154373169
779.78 830.2330207824707
677.78 688.4047412872314
889.52 890.4535980224609
890.73 908.1551113128662
808.48 809.2925148010254
1027.39 1037.8168106079102
907.54 897.086386680603
988.77 968.0160484313965
863.48 897.369704246521
710.0 703.7662525177002
880.93 860.8503770828247
742.77 762.0170860290527
1026.07 1004.6287078857422
933.57 924.8939990997314
811.86 782.917902469635
995.61 1025.1928663253784
999.19 1015.0421905517578
1052.15 1066.2378044128418
1016.3 1019.4195671081543
547.87 541.5482325553894
878.79 841.67578125
983.75 957.0127601623535
928.22 942.376275062561
984.2 961.5975427627563
902.04 917.8875303268433
516.12 534.0850219726562
745.19 768.2884063720703
942.36 922.5952033996582
1171.93 1201.6054344177246
1006.01 1069.3326873779297
923.95 941.5652084350586
1077.9 1054.2579727172852
925.44 932.2549705505371
987.51 996.4613914489746
873.24 863.6016750335693
907.07 887.0454359054565
913.44 900.5674409866333
1207.99 1186.29008102417
978.62 951.3247108459473
1047.76 1058.4022998809814
901.63 889.5238456726074
1102.83 1131.5171241760254
657.05 678.1580786705017
1174.24 1194.5087127685547
721.07 741.6748867034912
993.85 1019.8947381973267
787.49 814.6390027999878
967.16 954.1154022216797
904.81 881.0123462677002
796.47 780.4037246704102
1016.78 1017.5230598449707
943.37 889.1064720153809
1042.78 1084.6974563598633
1053.43 1077.8656215667725
1013.53 1029.544439315796
945.74 891.6012945175171
912.04 942.2495651245117
1084.56 1082.2428894042969
1085.32 1089.8084878921509
1050.84 1030.34517288208
1069.11 1055.2191772460938
1111.35 1096.7972393035889
911.76 955.5785064697266
782.09 825.3060894012451
1071.14 1109.087734222412
1029.23 1101.512050628662
1050.13 1042.2161655426025
1109.35 1118.1080675125122
1112.79 1146.0490169525146
1015.33 987.3589773178101
1082.33 1079.9281911849976
1050.44 1077.4378442764282
784.61 789.3859033584595
945.26 923.899974822998
973.83 985.9383926391602
1063.62 1124.5712966918945
877.77 872.8379783630371
1162.23 1181.914810180664
989.4 986.3963747024536
895.01 926.4012660980225
945.32 949.9282169342041
957.01 930.7607555389404
1071.27 1091.0170602798462
1132.12 1103.410234451294
1080.64 1078.7164783477783
981.46 982.0565614700317
1118.04 1114.123888015747
1079.21 1097.7094173431396
896.23 907.6536598205566
880.62 833.4836177825928
1144.58 1182.8543758392334
894.58 891.1274852752686
995.68 938.4342861175537
1043.03 1048.110704421997
886.42 874.5744924545288
824.77 788.2372026443481
917.15 923.6298351287842
1161.51 1132.8286981582642
1142.26 1134.4493293762207
985.15 1009.5143623352051
963.66 965.0136795043945
1137.75 1157.241473197937
1105.59 1094.0317821502686
951.4 969.3393268585205
935.79 925.3860330581665
966.57 981.0323667526245
910.6 901.4235668182373
823.11 834.9012031555176
862.73 851.0641860961914
1099.05 1121.0956993103027
1046.58 1037.0491695404053
869.94 870.5236492156982
1063.65 994.4010639190674
912.38 937.6859474182129
872.42 892.7267150878906
940.41 957.9490985870361
856.67 820.4736671447754
954.59 946.7411613464355
1112.54 1106.0298480987549
868.44 865.3214912414551
1088.19 1054.811855316162
1017.18 1021.274676322937
1039.93 1047.2395973205566
774.31 797.6044006347656
716.3 771.4133100509644
962.11 932.4892663955688
900.83 860.8593997955322
945.32 940.8910608291626
832.6 842.8438510894775
1112.35 1122.499189376831
1084.64 1061.7769384384155
1071.06 1073.4655237197876
907.83 900.2102584838867
911.65 916.8351030349731
671.69 680.5832595825195
686.6 685.6712675094604
959.84 934.1786727905273
684.25 706.8131575584412
1135.78 1105.0149421691895
1048.87 1012.5372161865234
748.98 784.985523223877
859.93 857.4486970901489
1039.05 1024.2744598388672
707.98 714.8097848892212
872.5 887.4266624450684
794.21 804.9678153991699
799.49 802.7617645263672
793.84 788.2012710571289
1020.9 983.9460611343384
844.82 852.757568359375
1064.95 1019.6507406234741
1076.68 1068.3498229980469
1091.63 1104.313533782959
1025.65 1045.2686834335327
855.14 871.8359832763672
1087.16 1098.5267782211304
898.12 906.6016979217529
1155.37 1144.238805770874
929.84 913.8371706008911
965.79 978.010835647583
915.78 915.4527282714844
836.23 861.3056945800781
869.19 895.3127517700195
952.41 960.4162139892578
1136.83 1098.3326482772827
1079.09 1066.6291522979736
809.03 819.582986831665
549.84 592.4408197402954
661.47 696.0634446144104
1175.44 1191.0911350250244
673.98 706.8543567657471
766.38 802.0265674591064
816.07 824.4553985595703
926.94 908.9430332183838
903.26 932.2693176269531
860.43 832.654504776001
547.23 553.9280986785889
582.69 582.5103721618652
1030.3 985.0191774368286
917.08 920.4003410339355
942.33 919.6642351150513
688.18 722.420597076416
480.72 461.15960597991943
504.33 511.47236824035645
680.62 672.7779264450073
830.86 807.3821411132812
870.62 857.0641393661499
911.86 892.1490783691406
784.77 790.8814487457275
912.99 913.6695537567139
970.66 940.8916091918945
1008.17 943.1345548629761
728.87 747.0466003417969
1037.12 999.9038457870483
828.95 829.713276386261
796.95 840.2411026954651
998.86 990.2487487792969
983.79 966.8409032821655
761.86 755.648295879364
970.1 917.4544515609741
763.66 773.0475463867188
931.78 968.438627243042
899.12 907.2578811645508
875.16 841.5785207748413
899.1 894.5073623657227
755.29 780.7759399414062
826.19 825.8378524780273
785.71 794.1847972869873
954.68 948.0975952148438
842.92 871.145227432251
791.01 803.4008860588074
951.35 990.3319272994995
1069.57 1057.1770248413086
874.57 878.0442705154419
923.81 944.9061641693115
969.2 958.3793535232544
870.64 844.7596979141235
795.55 814.8652338981628
724.33 742.0819988250732
952.07 997.0501556396484
793.01 779.7974090576172
853.03 875.4680614471436
728.06 750.7911958694458
917.77 938.0125675201416
931.38 948.5947341918945
787.13 815.6937141418457
649.22 657.8387451171875
613.9 615.5709872245789
705.89 689.1527557373047
771.49 785.1246013641357
748.12 762.9321599006653
659.34 656.67724609375
1017.9 1051.7907829284668
921.72 875.4885749816895
736.94 754.3564605712891
853.09 823.7489576339722
870.82 905.2632446289062
822.52 819.5387268066406
724.37 744.7497863769531
651.4 648.8355865478516
784.32 795.2810068130493
745.52 733.3123350143433
819.65 841.4619655609131
886.8 889.4392776489258
836.31 801.5872921943665
885.95 962.8753995895386
589.96 490.01397800445557
962.93 1044.491985797882
825.92 824.7138319015503
817.7 861.6435055732727
739.72 749.1483020782471
725.95 787.1993594169617
644.86 612.4728226661682
716.52 781.6898918151855
871.5 873.9697880744934
726.09 755.4431505203247
839.38 839.7692699432373
620.32 569.8071670532227
623.1 663.4655022621155
804.16 815.6841373443604
1099.06 996.6549844741821
