4.6 3.1406758400004877
13.39 7.44014806837908
19.88 24.79242173390969
202.69 51.26340399099769
45.97 32.761819109331555
18.41 15.157277733805767
22.88 17.442408456027344
39.19 20.66288493361273
51.11 47.631949369298965
54.3 31.369440064273732
42.52 45.744255130227316
47.99 68.1691852975249
187.35 69.53966380737062
131.43 90.8445355389559
88.58 79.15289641008309
112.38 165.70518398617503
110.68 103.92402468475285
255.79 46.84706123617597
219.94 240.0474053955074
96.11 96.68116513826217
149.73 152.89771476975176
61.27 52.38771930182098
73.93 49.66332653840202
54.1 46.13599208515217
125.12 74.16773286229864
64.92 67.36534450121253
97.74 82.50178484889369
59.52 54.23494084880747
73.62 67.28858001126343
67.38 99.71116585616016
64.59 46.50988325230078
83.41 34.93840492197902
46.25 32.380455438411204
86.88 95.1655701458237
87.71 82.8147904435865
81.87 61.128263969553515
64.14 73.77738362203402
245.06 137.45930710757975
239.66 343.6254722768375
124.7 145.41953725311353
375.82 128.37273379208796
198.61 130.26595547107505
127.35 134.58413824786757
250.01 195.89920013431978
630.82 198.32430370778454
176.54 240.43834804520876
281.89 250.13300824938744
105.13 142.81972665957284
293.14 181.07001785985753
160.27 200.93630328288478
172.89 234.40849028247854
122.57 126.7671435090355
137.43 134.6810489490495
133.73 163.75476156582312
62.82 38.284076969563195
59.31 65.2505871786902
74.85 47.19655735669767
108.62 75.72827937193928
101.18 118.38702135111848
220.31 181.57601113856492
100.51 163.86137000088726
304.29 85.85645649890444
76.73 338.25497613731557
111.72 166.12404862600025
106.62 106.81559052084678
1038.84 329.7421757772761
455.51 248.0560938217933
170.95 150.44541003915396
210.91 166.3336236319445
141.23 128.1169928973458
105.3 230.32220100273582
206.5 69.44217008696263
297.39 221.49646581013872
149.06 232.95805726471406
245.62 299.64646550757675
118.59 133.59408047596807
211.7 238.33743595328394
140.23 139.51003903775594
157.42 183.29689228908265
143.83 167.98830769648708
286.14 267.14791707003315
128.63 145.91509412464708
119.17 118.05746476874258
120.66 115.85201607912425
207.04 142.56857082348344
151.33 185.51204840292243
111.06 159.38249769839913
397.97 277.753531101652
114.26 170.50674985308373
177.36 198.23215755879465
142.42 222.81598584170078
41.34 19.927594847807594
88.06 51.58260845949935
80.0 21.199155746711842
184.28 300.7080673414376
89.25 100.31669082705162
89.79 34.99775823052264
132.61 124.59267815021398
130.38 178.41255459139325
162.79 189.94760726366673
135.56 98.72308591768528
145.85 126.49155725967033
158.08 158.7209667703786
163.19 180.75284941778622
160.86 117.41957652054487
268.86 123.27144293457285
147.26 99.13133304137037
221.79 108.34336474392923
319.27 237.4668671105478
150.36 196.19077144258762
91.16 103.54369968527111
133.82 142.72539791827774
100.97 129.8577102660231
116.88 164.00237845228835
202.95 185.2542857164527
148.06 239.7156072203353
114.3 115.77407534270698
115.86 115.44055195463004
144.63 159.5404559865358
351.7 193.24085074308854
118.42 160.7528388850736
131.27 144.55403730439107
202.91 218.67672828397988
329.01 148.99338220079943
361.72 234.9303214999499
144.46 145.39543209778012
278.77 244.37596915691074
319.6 245.7600500967901
189.46 165.8591579035482
121.06 134.4815414152166
152.86 135.2632422508782
274.58 178.9139755986838
132.03 121.58385394495737
136.64 152.2178847564034
123.0 107.69969161745081
164.58 126.58704781124193
168.87 136.44615045558987
51.32 49.22609372119939
172.21 155.57915005787706
178.1 124.45116642974848
71.22 73.7848217919305
93.1 78.30893845609164
68.97 72.98873199709848
72.91 15.39765768965954
684.86 140.53844871583058
219.1 170.15005801866562
209.51 63.80552828270735
217.5 176.33341240526505
75.57 100.26155407106415
129.41 56.74558443262522
91.11 2.1765831951769825
106.51 92.4656697115263
1726.54 478.64066519781386
242.98 392.8055580276253
433.23 537.1696279318722
227.23 214.53004471968924
350.56 380.96053151423837
328.66 430.6192868863701
458.61 312.9680730493851
201.52 369.0885827626288
500.67 300.1663133521705
372.99 279.24895599710777
199.97 180.06076707196036
81.43 27.4421803372126
206.33 156.25293026524457
221.25 410.89602178396285
163.53 145.42749167664715
168.44 280.4607398462181
163.27 259.56859911683813
351.3 349.299987018782
168.9 195.7690581404873
182.17 167.60735472264665
148.41 188.49307558840846
626.16 204.2176718242798
122.51 117.19837516109423
126.4 156.40185196947
215.93 145.10585498634381
172.3 122.29157570187279
183.52 160.78676592567723
139.35 120.67002531670616
163.89 143.13557603383904
160.79 157.14245483066094
142.13 126.11607476887076
147.7 156.35409217519097
176.79 170.37967910283268
189.81 199.069014733212
173.12 178.78498594240122
170.66 160.7867125849728
142.52 195.77258542861608
271.92 326.5223333327934
199.54 491.0203453193247
311.95 207.84179799467444
639.8 176.84480568241088
193.84 202.10416772563315
181.96 163.7787665274266
203.69 200.22296249704107
179.22 381.33521423148994
140.34 137.52666728789873
157.24 148.96615369590216
145.13 199.24440225951477
121.5 97.5082356655711
115.73 119.90044192213466
117.83 127.5483311092876
125.04 97.4801792634337
98.42 106.27886208071675
124.5 91.16400297835324
108.64 113.95133154792728
85.7 105.14282726957475
139.95 191.82422834895868
268.43 193.19496658108602
150.23 234.08347354067462
123.83 217.19505788797161
129.46 1282.3572505361599
131.09 221.0893453473118
155.75 163.51648391022167
276.8 306.10039681207326
889.06 589.084896319886
572.18 292.99561820717014
752.61 202.71529597988138
203.8 166.57552811441215
166.34 169.62486753285572
239.88 575.8562343522294
404.53 506.1278240766471
240.94 417.30418137543364
191.78 197.23927793435882
158.88 119.81963448227928
393.22 358.3113382965818
397.51 379.95837625260526
913.86 337.30232995277896
543.41 530.0207289985512
389.73 324.01514709370207
506.3 403.66341700221693
483.94 452.5175189170682
442.99 390.3045043418467
2771.25 422.4615270433837
198.38 135.69262399650555
478.31 274.79918004750255
375.64 367.7198965548146
610.35 237.17406670245876
150.67 307.9044860765531
116.71 253.03684350518589
199.41 189.26982298417323
183.41 146.21047888055512
191.11 376.32407133164634
213.12 426.85581839780536
463.4 471.75022846935684
254.82 282.9052887601636
280.33 228.16396745529522
300.59 424.8374172246605
205.92 453.79444689273737
388.09 273.4643848123489
682.64 841.8060191784414
260.78 253.94562475768478
293.1 271.7507885127378
358.24 289.9697835959656
2267.51 572.5608845280908
263.94 395.4053572132368
204.96 276.8942065150395
213.13 207.40285046500094
160.48 330.14207190163125
202.48 168.8916097862981
263.25 268.10074638870884
208.86 314.5984140384211
322.08 380.55201981091193
208.72 330.07979161502465
201.88 333.79568390621495
227.97 213.0051977834008
215.57 311.98806462856857
366.82 467.7033690405421
221.33 221.64127608825876
114.84 116.99884448078328
217.6 147.139634401249
129.0 92.23140556310304
176.79 150.28199444463888
134.03 323.04514585253384
166.35 182.06017675431949
139.81 125.59056526579032
205.17 194.73177415306134
200.55 186.22641763440276
221.11 210.9228258598201
256.41 261.57960438370884
136.54 233.56184756880938
352.44 287.83496456021976
164.29 425.8216709817921
153.12 313.5837811515569
417.35 379.1364420987295
171.32 298.63782707140126
195.78 339.1419998186479
189.18 202.77293621916147
181.88 157.3594125269891
411.77 329.8251518249592
145.77 215.76504584505642
174.63 340.65271081698086
245.05 439.94383135998254
446.84 349.02522014873443
2157.19 484.37132301618664
784.17 482.5738360766568
188.21 249.0150275978047
184.94 251.85977490559733
197.58 253.28197539675696
188.14 515.7122156461858
324.65 322.388482404364
236.28 237.4406966016535
199.84 400.25320196403595
311.54 286.26717381628123
251.49 317.72577123303256
417.28 434.9978885043445
389.63 468.12772757567865
339.76 348.9010672805422
341.32 284.05446260343956
108.88 182.87344187585612
247.75 186.0673380760104
505.78 361.8075433509554
368.94 341.2148140247062
769.33 248.17117887677503
533.64 241.43529117453065
146.7 251.15864199130007
388.47 446.8109875972855
568.34 408.7294061191881
156.34 195.4372778157565
401.69 353.88376188044964
174.91 166.12284976148732
174.86 300.50701048688234
444.16 434.5115980431042
191.61 245.91454924597377
663.38 343.4331424598156
359.82 1310.4461487538395
608.46 961.7030860341223
542.84 335.7772800532223
283.22 230.38224099787394
402.12 399.74246292883436
468.32 602.2244972184875
184.29 219.5240181547113
190.46 206.71460801940435
446.01 406.04800740944097
229.14 431.5807765381771
525.52 492.77808587384294
501.63 381.75578292578257
805.22 458.71942970565306
165.45 245.57525200661163
237.17 193.70128276512403
286.16 279.35522660910857
235.64 221.31663717596376
269.58 503.6651306412889
357.36 262.85596207739354
191.06 274.73942853254357
171.99 254.94701955640505
235.34 225.34939226565467
195.97 207.7697699801188
215.39 328.9396619237116
151.54 254.7433535926962
160.89 213.4104885457201
346.96 291.5919909219696
419.41 456.05389524460855
259.32 479.44175523535534
360.4 470.7719100626183
330.2 495.30272318965524
244.23 372.6881298951692
242.76 373.6280079018869
383.71 404.436865833927
365.71 431.1150943961576
115.01 164.20503622002312
115.46 305.48818102935934
114.36 201.9059864621103
113.85 148.79832464019168
177.53 180.75317408324264
168.88 149.11929229595836
154.27 164.23557512458723
193.53 204.8019526019682
355.96 224.8424585778219
146.56 152.21324725718202
299.56 278.73559742381536
215.05 256.2795772243694
309.71 275.82571991943655
165.17 216.45150639127053
198.88 184.45305130762824
237.18 130.9674467313485
182.21 215.6269181524486
195.53 278.5992992588992
244.23 206.59062261528362
250.53 298.50833186691244
181.69 265.3118675710415
168.56 202.91923600700224
351.87 245.84296730521203
287.74 202.78098177234688
161.09 155.2329633378217
339.86 289.3393894379884
189.04 249.790667489972
273.38 212.6344678955973
431.85 349.8220031167798
226.59 246.65436460575194
173.26 256.5689877236256
442.93 450.72730158982154
245.72 188.2414051395901
261.52 267.74424967146405
146.19 222.25385191251266
263.74 255.34546375300621
251.21 158.98497546753637
246.41 200.99667021535979
253.37 227.5216632517654
332.77 291.5642453785653
185.69 198.02267833831087
207.13 157.11850689210033
281.9 156.29835543582888
215.18 284.9298279093816
306.53 223.82895483438062
312.41 314.44285468365655
294.55 188.9608641023079
262.63 272.43292959969045
272.37 237.37984838927713
135.0 377.660298469691
138.64 163.34204725995272
245.86 389.7276316612101
233.98 304.3866163790716
288.25 275.511078150726
260.44 194.53356193132856
240.92 170.49410804112614
278.46 204.77158889541124
245.34 363.78285842515396
324.15 504.4462992077004
158.29 185.19608204886555
234.58 133.4163327563237
98.18 66.16616362587591
460.76 231.22879926785177
173.18 151.6619140039767
168.12 141.26653281994678
313.49 239.31785345904947
458.42 344.2993444099325
313.33 221.36898853686523
364.44 306.09264750496686
314.98 301.7776094370967
359.24 364.700538485322
312.0 448.39931180852125
224.39 821.3621752449772
508.28 265.1067634635653
215.66 336.9695351553275
327.41 346.26850173490106
469.49 412.46837249866337
263.28 344.5812155243489
188.58 190.4152019986954
280.33 238.270608081859
181.53 212.6128902382563
219.77 237.1939772769111
222.88 275.2407003119065
215.25 223.87934592112876
237.69 313.46355160142826
201.45 190.07748232366623
183.24 173.70904255296813
185.46 415.01755708754877
240.43 187.3264314531688
205.65 404.9241361213558
235.1 170.64783824772118
176.42 219.8229741824783
325.33 158.39940661296305
439.52 341.1658565701498
247.73 229.06095973066354
452.13 305.139792024675
276.22 357.2811635068219
226.66 307.4814220504039
190.94 270.0942921677333
397.67 440.117211613411
254.17 283.94176305264267
318.89 534.1956677980104
343.82 372.3716282439751
385.61 384.79895983504605
219.83 246.82530130253443
237.98 312.9897671976128
379.91 294.1931220570175
214.22 255.18918852202822
180.53 176.23865518963692
191.78 188.28124766124205
352.72 216.02670418750222
335.62 305.6199927790638
198.79 198.553918943402
192.36 159.40725073519724
198.21 700.9244816670928
323.07 242.04188528892627
332.45 264.48109801867497
329.86 216.8507868969089
211.64 160.09755703382385
287.93 237.25234178568834
331.75 277.19754066621647
309.12 334.4360906057564
333.23 295.3865588635142
138.23 109.50614421710057
128.93 202.39705566340453
120.22 222.31212357282755
144.87 167.07667203439777
181.27 148.50169436330427
272.35 378.8824163139002
137.87 243.79423154503783
238.96 215.59176378984972
158.87 127.36148539077722
361.21 254.51137875609498
316.37 226.11845600089242
160.22 319.37986265409154
228.19 523.8501824129091
180.74 136.31191037190655
171.23 107.95786931805226
133.26 85.61097515074552
196.41 126.71891760618617
195.36 180.99357257986003
159.51 198.44763104890092
276.4 258.72080108468094
303.43 257.50655812927374
246.41 406.98357375770667
314.73 459.7490834869153
305.09 377.62047249916986
98.66 98.33131300668734
141.94 131.82845314755428
121.91 122.65850038412201
100.51 129.78023392352114
207.5 209.00727499370814
306.87 355.7378957283039
220.16 237.82463541014775
76.4 53.180245768501834
189.33 387.0838894250451
165.83 144.21590858954227
131.0 166.32541766362138
133.76 190.99276620360604
492.96 385.77363923422536
173.03 106.47987774532734
281.94 215.32236543407893
164.51 272.9346047050755
171.25 189.9014186660354
244.81 351.6403233653106
176.62 229.05645227685363
192.54 308.8781787945996
280.66 608.7413427316525
168.81 182.58875368790967
202.43 175.6670803367743
236.55 288.9214957718514
251.92 202.56083583735983
219.06 404.11039385590436
308.63 255.91047912247242
300.98 244.1044735255836
338.99 288.00971901710676
174.21 199.6659270167128
163.0 146.83150634766764
125.63 142.70641967689548
183.83 200.09949987988236
212.85 166.92204924979296
361.11 228.8902675109314
202.2 207.51063299378308
204.91 151.1339105388739
376.43 221.60121234253762
211.45 277.375477037005
245.11 282.5238394129707
319.48 392.9516571840772
289.2 400.2106509295387
259.06 223.13643670460232
305.92 321.4468054981192
271.84 378.8481005676799
454.5 465.33641966514836
936.84 402.70407138621255
194.5 322.1735842666498
135.24 130.23851858995025
133.47 137.91225480720112
174.03 199.24135911574757
195.72 209.84248039859602
197.65 209.41243678821502
198.17 194.21877353920692
257.09 256.2808750229048
230.58 368.67275529364554
182.13 207.8138581560078
142.66 287.5716977063459
259.09 219.69452660626365
140.57 136.417713357124
120.41 162.83313361722685
759.6 185.09171696826934
157.51 150.73472190095612
283.98 228.3411812892347
290.81 245.8504663794401
241.5 216.7783944081903
551.32 283.84581385455135
568.57 298.8418625655408
295.5 355.3603455744633
347.82 402.64839934637826
298.45 313.0624732610554
282.17 347.40926831781644
135.52 150.06243603997638
163.62 169.7687641564984
284.52 594.6891482020051
183.4 276.08198290056964
224.77 252.39027730414557
171.0 386.79383242331164
277.11 185.38385483518593
258.69 308.139696911943
276.04 264.74274004060186
286.19 297.7914150971919
287.73 347.8934273544059
129.46 129.22402818282595
122.47 124.088833469278
294.6 212.915183339635
168.05 192.25649901585814
163.53 173.04518212613684
373.83 416.82341660435657
288.73 229.7848860397453
244.67 324.5829637810298
170.43 214.00418144162933
1334.73 172.6296050113942
173.37 184.25023327705222
380.87 331.10911793503885
285.93 249.61513981944546
226.22 262.2533965121939
222.77 202.25612123170572
368.07 171.99166348543307
361.22 244.98760915961307
337.86 296.93938191189375
485.79 317.28956016055577
273.75 274.349164377971
484.93 328.73114386589566
496.65 334.5928461429766
176.75 151.37873485742907
196.14 166.843978753984
229.77 224.99324958565418
222.09 238.5987347519022
251.23 224.3387345700949
265.16 341.7825732409314
191.95 340.9892787983491
245.72 245.36912826521288
148.41 206.78986257127792
164.3 203.09589757736404
342.74 384.7674572943636
384.19 298.484767124785
159.54 170.4606439543945
209.38 211.76441136244821
173.39 184.66146989494752
393.55 210.00586862049047
202.73 234.27606375826986
378.54 206.08815948073905
184.7 305.3280085339108
214.33 262.3461078903195
291.38 228.3493109202513
343.69 263.6828152248189
350.16 257.3291425075296
159.31 156.78918495112148
197.05 185.43148379233307
211.95 311.49514795677055
213.08 273.17854795908016
193.39 203.99285797613078
275.35 234.37379575341976
230.16 286.10029028570085
259.89 275.082907086095
385.18 344.9781265476113
228.18 257.2358769445858
270.53 216.6561180560103
170.93 133.5617723540996
182.95 454.5011581243055
168.2 173.43595436529378
179.98 177.03024993077537
251.85 326.28546329917197
145.03 169.34058026986793
245.22 182.97709740514506
189.77 194.16506710952154
216.26 294.89233448432685
296.8 223.03082343471354
173.43 186.20667614474195
229.12 282.51502733454157
306.5 173.7933691126299
229.47 135.9034248154138
195.2 214.35578373382154
216.02 287.09410830062586
357.69 402.23384729728747
620.15 246.2089248717695
238.73 217.14262269177695
187.21 189.82257920923885
212.58 203.90672191386693
158.66 179.24322684895384
394.59 238.65040173574747
264.17 273.8116892618063
237.57 225.23518120383622
225.46 231.7885488166467
322.74 202.4439642050855
286.13 298.7300649624726
308.45 249.5989177030219
228.47 218.2821897511965
231.95 398.74493673156246
210.45 312.86638113022883
304.23 270.7925573915699
238.61 344.86182779626444
267.45 229.97825084050717
193.4 223.4338576198243
306.41 269.76386635269535
215.09 194.24266613346242
408.66 369.0544140607582
481.59 383.50164701628825
283.52 357.92540609646295
519.76 387.9897307944246
199.28 201.54468095357038
227.22 258.0028439137597
190.44 231.99868226532868
374.05 305.84250241697316
304.73 342.76101678537754
391.01 325.70469697611094
221.43 218.55076642676033
280.41 310.12595883248656
183.11 266.64905742478777
231.56 280.97378984355447
191.06 199.7165872449454
218.76 173.15312722629088
203.83 266.8152698780591
435.84 173.97867065972488
214.0 227.08256642433892
193.65 187.68187246306255
175.64 176.94691698310655
143.0 191.38512992391696
323.14 229.16518748126364
195.2 166.71828472312083
191.4 222.90063170961412
214.35 229.07635834207198
319.12 211.59409387817243
588.96 279.0169905683733
335.62 277.8566966300922
423.31 367.7589116635751
213.6 303.26314409553555
192.25 190.85673519742093
320.4 187.8096932904133
365.67 233.39698742349535
347.86 276.2662608171425
232.4 193.39742569115302
235.31 228.94715342465545
168.85 202.73817884578295
425.04 205.4739006847277
331.46 244.60983178724206
261.3 190.08350514938914
295.44 309.9882458209107
189.48 186.57086052350436
166.07 190.7835282954323
148.94 149.77563506811208
164.51 153.45809801908558
143.09 154.06026570311917
247.6 161.5366181583806
226.54 149.2953614451098
149.1 129.6319768172353
228.15 96.59100001648076
195.28 216.05190348960963
146.81 299.96719652514975
167.59 212.63440757989477
287.37 266.6391226714931
129.7 145.39810264039346
333.21 356.6263987931499
169.58 303.93153530753636
247.62 312.9191852040035
141.05 230.8402434858417
145.08 176.34233435974048
154.18 125.12834297487696
144.38 167.14747018979006
154.71 530.641201548068
177.65 155.07419576248043
168.43 179.377678150989
166.2 405.51401453346534
151.37 214.39562444318443
151.49 332.79576867045614
137.95 251.22064223578948
123.24 110.27645875081181
273.27 309.23731856071345
247.67 263.8837053186873
255.2 295.97160822005293
238.15 263.426748573139
255.71 281.30610678471163
260.42 134.89481559376478
344.1 119.06733023108724
167.14 174.56892130937808
765.76 159.96545505947714
206.84 139.38108789621282
140.02 154.66098774456685
128.34 179.9893626105768
108.34 105.66219967828145
109.34 109.1807619097294
118.44 141.96939432212056
124.88 120.22485650263616
220.08 7.431511948345792
92.05 147.67503863288164
83.93 123.59116184022173
105.87 55.412929521695105
235.33 319.13146890269775
249.86 204.27427107341242
323.66 293.17534075685154
393.48 102.20137766219115
260.06 378.24750044768234
157.23 199.96951728167016
298.19 231.3225443124773
158.27 194.13666107609157
178.44 123.2137573050837
245.93 194.99546502080943
99.52 96.33735758533022
134.98 134.30130829436598
127.49 112.76385938096728
135.3 181.96056331470623
161.7 212.21614652468142
149.51 134.2498408845066
85.89 116.17539072832581
262.6 201.5785573083341
119.11 151.49774727510967
128.49 149.9986930321717
147.0 262.8936369686616
173.72 183.22576611731873
132.6 226.16892839804353
144.22 171.93679616462242
381.29 226.02663714536453
1596.55 1086.076235650247
702.59 415.7783480766494
290.63 183.99769227387296
303.4 392.67301009402036
582.22 738.1890095951745
398.13 637.5793182548621
504.1 457.69164176140845
257.68 407.763131148897
408.68 577.6057984996098
229.64 913.6229501163317
269.78 476.65725399815403
798.78 302.8537416234214
1032.97 779.1932322771593
179.88 225.670794221697
473.06 448.6116335818436
266.95 370.76496737431955
412.06 396.14140720368357
442.7 417.2894669128899
208.24 271.0207138327004
210.2 243.68970428578837
197.77 244.81764144103434
209.1 197.4523805668925
366.51 336.6946108670252
354.86 320.79918667163605
553.09 613.6772956472769
526.05 453.2658992971602
306.55 415.7746627918148
444.59 437.4945537785283
256.38 568.2486410293634
271.98 389.6277544373722
322.71 295.3230931759854
500.32 926.2397011901957
568.35 821.3407160505297
396.78 589.8347575356794
770.58 550.0666206710026
267.66 312.2918909999766
323.36 292.88477654165956
366.73 330.5936988214623
304.61 384.8317569526743
383.35 535.7601914966102
226.69 215.54109164563502
264.33 247.67041028068434
259.9 217.0724239095394
145.07 96.91612196106814
129.63 34.646022056427974
307.23 80.2595612652221
184.72 87.0112268661681
498.24 421.47940390292376
495.48 348.97200526619105
592.96 181.74581313164126
195.65 276.0111500637978
235.59 234.48401842113418
191.07 180.2357956304355
188.85 215.66425779269733
244.09 242.44344871182375
488.78 420.59325747738256
166.12 255.2374206769544
154.97 171.60574623308003
178.65 199.5272347160886
206.88 185.93393862633496
173.64 195.17091027433048
253.76 244.44057383208113
410.3 440.34205615512593
200.59 198.0551208725094
487.94 334.913295031774
413.37 302.8331624938273
499.2 448.2029309300874
531.97 479.44679909194355
236.73 240.2833075673276
230.66 209.645595654305
218.36 219.4589666629985
220.19 197.03937187367262
540.82 380.9148709819606
564.52 537.110801948919
620.28 267.17640209288766
226.85 194.11910750959012
321.95 166.72269445046257
155.68 167.98005667241915
203.66 255.91048051348548
532.42 308.7076112435575
417.13 283.76233640935493
298.25 199.40326398572296
254.51 348.239252500373
288.07 328.28287409180894
262.67 274.4516909075582
1095.12 310.9724759204797
561.52 373.58734386753923
237.59 290.96609968662074
351.19 754.044147843801
303.47 458.47050620971316
243.23 247.6559414730685
298.1 338.08338312944124
291.61 414.2183832095784
330.37 215.93824337584977
323.01 285.15235372665416
434.14 226.3449263043737
317.84 273.01059424195995
276.39 255.25476896724152
261.84 222.78280674118713
276.81 297.1287631453673
464.44 338.3141893041477
219.8 240.6535423187035
490.1 539.4724175076908
404.33 480.7814828267699
464.22 480.1891056112354
191.78 221.85798218171632
176.53 195.11041174648452
440.71 421.9268304369352
340.72 461.47612735829426
190.49 183.00165901833736
211.37 195.84102928945026
221.77 227.45297318129624
228.26 201.98177144607536
303.25 407.4562274955327
347.07 419.06649359280135
262.05 345.41428956730823
201.3 257.9364385445996
207.34 212.04433943663324
203.1 177.4504816515393
220.85 192.65188704976558
211.95 371.85733690240653
203.19 95.16487344848557
165.01 138.50428788241092
183.73 169.05391654390604
172.62 158.889781830002
183.21 162.9250207219734
226.12 207.57610689875477
215.87 213.37559870077988
268.66 227.07470636809748
400.41 320.04928708524716
500.0 330.062245080454
196.23 189.03215276685015
165.5 237.3414005379464
190.51 185.2978602154946
185.71 172.2095888517462
217.15 165.00990495204016
238.21 138.10289658876567
256.27 196.4575152040027
212.5 221.33362561390962
405.09 254.87838469858016
430.55 284.5176397236268
366.53 298.5034570094105
412.83 341.66433219018757
173.84 184.49239998195486
198.59 197.3774598905184
198.76 150.10109656277757
175.88 231.04005253823973
181.82 203.62621723787186
208.61 199.16400236081887
184.76 133.47535600384109
268.73 415.4933593400096
155.54 184.34299140559077
189.18 142.2772998734941
221.83 197.07764900324275
199.24 420.59295264770674
596.63 682.700187750603
993.99 700.8867371296028
216.65 288.9795875227691
267.98 304.00723832930333
332.44 274.72445269743
228.45 400.74682588033886
664.51 449.7441973320101
517.51 618.1541121651449
211.83 329.8613239660596
256.88 291.8712945071128
526.7 526.9681117688751
584.23 370.87441349005235
229.48 238.32119594271845
477.67 471.7857028050454
1083.74 474.44381559765316
319.34 304.1964163875958
204.04 187.9324171858575
263.56 329.9973802043949
254.03 227.5972964075534
224.62 157.0811520546303
358.0 236.34605502959587
214.84 216.43712845903352
372.73 398.1012048279261
364.83 254.66408072384212
258.8 308.51910237291884
271.04 246.92592053016227
394.74 319.33575481842956
568.94 539.9466125951609
216.04 204.7139574830826
429.32 432.053802755485
181.48 248.51415446691266
212.39 166.0476204256825
237.61 238.91453910602928
272.49 263.64442712592097
230.72 254.21868098847486
222.7 249.42851117720926
225.12 214.6866686525746
220.57 243.84314240827558
345.62 378.15471533973033
455.22 357.5431118082324
394.46 372.5051165357195
218.68 196.3170130387119
266.12 247.9925993034036
180.24 246.02285239094567
162.37 213.65123570701186
