4.6 134.6207618713379
13.39 -22.898353576660156
19.88 22.7821044921875
202.69 372.163818359375
45.97 -27.456451416015625
18.41 42.83988952636719
22.88 50.23188781738281
39.19 48.21803283691406
51.11 85.88346862792969
54.3 52.060272216796875
42.52 4.4879913330078125
47.99 62.32044982910156
187.35 274.3800506591797
131.43 92.84840393066406
88.58 148.8758544921875
112.38 93.65739440917969
110.68 160.11764526367188
255.79 365.6230010986328
219.94 278.7536315917969
96.11 63.42034912109375
149.73 182.17855834960938
61.27 105.28242492675781
73.93 96.53959655761719
54.1 82.29147338867188
125.12 183.39389038085938
64.92 143.59425354003906
97.74 113.41387939453125
59.52 20.6666259765625
73.62 104.814453125
67.38 63.8955078125
64.59 19.681228637695312
83.41 268.4786834716797
46.25 3.6799163818359375
86.88 152.12863159179688
87.71 97.50259399414062
81.87 104.52874755859375
64.14 86.75239562988281
245.06 215.16677856445312
239.66 383.7897644042969
124.7 163.46408081054688
375.82 290.7305603027344
198.61 168.74615478515625
127.35 106.9244384765625
250.01 253.47283935546875
630.82 439.5751037597656
176.54 255.87362670898438
281.89 359.1546936035156
105.13 169.52281188964844
293.14 342.42767333984375
160.27 223.01138305664062
172.89 208.16806030273438
122.57 83.3587646484375
137.43 107.32797241210938
133.73 162.1893310546875
62.82 21.29205322265625
59.31 75.2490234375
74.85 209.7241973876953
108.62 81.91752624511719
101.18 191.0697784423828
220.31 270.41204833984375
100.51 144.47589111328125
304.29 326.890625
76.73 173.61611938476562
111.72 292.41246032714844
106.62 213.46633911132812
1038.84 508.061767578125
455.51 399.86602783203125
170.95 279.8775939941406
210.91 137.64407348632812
141.23 108.31060791015625
105.3 146.314453125
206.5 187.6129150390625
297.39 237.7366943359375
149.06 273.25604248046875
245.62 323.46832275390625
118.59 142.74826049804688
211.7 332.7154541015625
140.23 153.06533813476562
157.42 182.07322692871094
143.83 157.723876953125
286.14 221.32818603515625
128.63 118.615478515625
119.17 137.84115600585938
120.66 131.12841796875
207.04 136.73178100585938
151.33 249.0274658203125
111.06 127.98788452148438
397.97 236.86227416992188
114.26 132.0423583984375
177.36 193.28109741210938
142.42 170.4612579345703
41.34 22.382125854492188
88.06 58.83262634277344
80.0 47.593841552734375
184.28 134.08016967773438
89.25 105.98280334472656
89.79 109.96360778808594
132.61 240.342041015625
130.38 119.79827880859375
162.79 180.17816162109375
135.56 153.02975463867188
145.85 95.23355102539062
158.08 176.06234741210938
163.19 159.341552734375
160.86 120.47491455078125
268.86 212.31517028808594
147.26 93.79351806640625
221.79 167.48609924316406
319.27 277.7495422363281
150.36 165.47079467773438
91.16 99.89312744140625
133.82 114.51541137695312
100.97 184.31027221679688
116.88 194.75143432617188
202.95 227.66603088378906
148.06 242.53500366210938
114.3 131.53863525390625
115.86 110.25564575195312
144.63 230.6847381591797
351.7 282.60784912109375
118.42 140.23776245117188
131.27 156.73794555664062
202.91 230.58633422851562
329.01 196.44488525390625
361.72 350.1712341308594
144.46 65.42080688476562
278.77 287.7367858886719
319.6 257.80950927734375
189.46 158.94732666015625
121.06 113.75161743164062
152.86 136.4049072265625
274.58 263.67462158203125
132.03 54.23577880859375
136.64 141.13824462890625
123.0 45.9678955078125
164.58 120.21321105957031
168.87 70.64854431152344
51.32 83.96524047851562
172.21 324.7454071044922
178.1 272.6104278564453
71.22 124.73460388183594
93.1 113.71731567382812
68.97 111.97119140625
72.91 65.4361572265625
684.86 725.6667938232422
219.1 181.63021850585938
209.51 172.31044006347656
217.5 235.38742065429688
75.57 66.99638366699219
129.41 141.2273712158203
91.11 109.73448944091797
106.51 152.0729217529297
1726.54 589.8472900390625
242.98 482.65875244140625
433.23 645.6700134277344
227.23 257.1099548339844
350.56 277.909423828125
328.66 428.7563781738281
458.61 622.1136474609375
201.52 309.32806396484375
500.67 452.6565246582031
372.99 358.2010803222656
199.97 252.56509399414062
81.43 36.30518341064453
206.33 246.99267578125
221.25 301.8492126464844
163.53 65.69612121582031
168.44 221.47665405273438
163.27 221.263427734375
351.3 366.74668884277344
168.9 301.9248962402344
182.17 149.64987182617188
148.41 151.794189453125
626.16 262.36920166015625
122.51 94.93077087402344
126.4 165.47467041015625
215.93 153.1877899169922
172.3 130.5161590576172
183.52 145.4544677734375
139.35 141.9251708984375
163.89 123.107666015625
160.79 181.36581420898438
142.13 157.12376403808594
147.7 127.11955261230469
176.79 138.16893005371094
189.81 248.81243896484375
173.12 282.027099609375
170.66 203.89712524414062
142.52 215.66024780273438
271.92 299.4722595214844
199.54 330.5936279296875
311.95 302.76478576660156
639.8 289.41258239746094
193.84 277.87269592285156
181.96 181.93487548828125
203.69 284.45562744140625
179.22 336.9300537109375
140.34 217.58474731445312
157.24 207.06448364257812
145.13 156.68328857421875
121.5 154.77708435058594
115.73 152.5491943359375
117.83 133.3184051513672
125.04 95.13836669921875
98.42 91.46162414550781
124.5 140.85203552246094
108.64 124.21958923339844
85.7 80.22723388671875
139.95 209.29635620117188
268.43 239.50399780273438
150.23 258.33331298828125
123.83 267.56048583984375
129.46 189.23834228515625
131.09 191.99301147460938
155.75 248.13885498046875
276.8 349.77093505859375
889.06 717.9444580078125
572.18 372.3751220703125
752.61 1044.8294982910156
203.8 199.05615234375
166.34 306.7041015625
239.88 291.0552062988281
404.53 465.75537109375
240.94 260.43780517578125
191.78 166.66253662109375
158.88 83.14599609375
393.22 368.76611328125
397.51 285.16558837890625
913.86 578.0965576171875
543.41 591.3919982910156
389.73 568.9600524902344
506.3 459.1512756347656
483.94 549.5308837890625
442.99 484.1795959472656
2771.25 649.7046508789062
198.38 107.17802429199219
478.31 514.9502563476562
375.64 447.18994140625
610.35 445.22935485839844
150.67 221.1080322265625
116.71 405.9959716796875
199.41 171.44100952148438
183.41 243.4549560546875
191.11 260.4591064453125
213.12 416.0148620605469
463.4 309.9287109375
254.82 267.5224609375
280.33 318.6988830566406
300.59 356.4233703613281
205.92 281.2032775878906
388.09 276.7097473144531
682.64 675.5535278320312
260.78 237.20431518554688
293.1 304.83160400390625
358.24 394.64202880859375
2267.51 472.55462646484375
263.94 347.9250793457031
204.96 249.8555908203125
213.13 225.00408935546875
160.48 318.4793395996094
202.48 226.78826904296875
263.25 271.73486328125
208.86 273.70257568359375
322.08 353.43109130859375
208.72 337.6463317871094
201.88 352.0960693359375
227.97 338.9303894042969
215.57 349.3144836425781
366.82 503.9354248046875
221.33 197.89129638671875
114.84 119.49615478515625
217.6 116.07130432128906
129.0 160.38430786132812
176.79 262.25987243652344
134.03 210.30337524414062
166.35 202.7810821533203
139.81 148.10498046875
205.17 236.47955322265625
200.55 252.95343017578125
221.11 175.9299774169922
256.41 330.1245422363281
136.54 257.74851989746094
352.44 344.1860046386719
164.29 209.20953369140625
153.12 153.74349975585938
417.35 469.2126159667969
171.32 345.8529052734375
195.78 172.41217041015625
189.18 205.60983276367188
181.88 301.5005798339844
411.77 391.1861877441406
145.77 177.31942749023438
174.63 207.9716796875
245.05 224.4251708984375
446.84 427.37628173828125
2157.19 592.7287292480469
784.17 530.1205749511719
188.21 437.18182373046875
184.94 253.57598876953125
197.58 117.1085205078125
188.14 423.16534423828125
324.65 259.86541748046875
236.28 308.90289306640625
199.84 352.9749450683594
311.54 275.9259033203125
251.49 435.5921325683594
417.28 528.1766967773438
389.63 359.79364013671875
339.76 397.4090270996094
341.32 327.0531921386719
108.88 308.83311462402344
247.75 337.1972198486328
505.78 387.84991455078125
368.94 294.43463134765625
769.33 518.9364624023438
533.64 495.0567932128906
146.7 186.95126342773438
388.47 398.50909423828125
568.34 412.3736572265625
156.34 261.7028503417969
401.69 435.15966796875
174.91 32.581695556640625
174.86 220.85379028320312
444.16 404.42718505859375
191.61 367.48291015625
663.38 393.311767578125
359.82 732.7943420410156
608.46 684.9735107421875
542.84 405.5936584472656
283.22 321.06646728515625
402.12 535.3315124511719
468.32 445.0445861816406
184.29 239.766357421875
190.46 334.0000915527344
446.01 428.01171875
229.14 405.4915466308594
525.52 445.80633544921875
501.63 357.8925476074219
805.22 322.7541198730469
165.45 254.61944580078125
237.17 258.5804138183594
286.16 338.8341369628906
235.64 229.80105590820312
269.58 354.8258361816406
357.36 472.7822265625
191.06 222.02371215820312
171.99 215.87704467773438
235.34 332.0978698730469
195.97 235.37548828125
215.39 184.29681396484375
151.54 186.1517333984375
160.89 170.39349365234375
346.96 269.1737976074219
419.41 443.2966003417969
259.32 378.1166687011719
360.4 327.5398864746094
330.2 462.16387939453125
244.23 304.83203125
242.76 263.37158203125
383.71 408.6834716796875
365.71 353.4241943359375
115.01 186.34571838378906
115.46 177.26895141601562
114.36 139.47499084472656
113.85 86.45291137695312
177.53 162.98452758789062
168.88 162.9866943359375
154.27 177.77584838867188
193.53 212.49691772460938
355.96 243.134765625
146.56 219.9375
299.56 287.0097351074219
215.05 373.7300109863281
309.71 292.20147705078125
165.17 125.8499755859375
198.88 176.13427734375
237.18 101.67337036132812
182.21 184.53652954101562
195.53 268.1512145996094
244.23 200.86993408203125
250.53 240.3680419921875
181.69 198.64260864257812
168.56 184.920654296875
351.87 352.56317138671875
287.74 252.86907958984375
161.09 185.26119995117188
339.86 282.1375427246094
189.04 205.55581665039062
273.38 213.16012573242188
431.85 304.54669189453125
226.59 308.3288879394531
173.26 391.5160217285156
442.93 614.1990356445312
245.72 272.1043701171875
261.52 220.09591674804688
146.19 270.52716064453125
263.74 281.2489929199219
251.21 233.16253662109375
246.41 156.46682739257812
253.37 167.45477294921875
332.77 290.3347473144531
185.69 188.93685913085938
207.13 108.34963989257812
281.9 196.52481079101562
215.18 295.8029479980469
306.53 180.2537841796875
312.41 198.83001708984375
294.55 252.4937744140625
262.63 360.0458068847656
272.37 393.5480041503906
135.0 158.43966674804688
138.64 113.6588134765625
245.86 280.3255615234375
233.98 201.20343017578125
288.25 300.03411865234375
260.44 168.873046875
240.92 220.913330078125
278.46 157.31622314453125
245.34 233.23001098632812
324.15 193.7880859375
158.29 241.94064331054688
234.58 275.352294921875
98.18 39.65483093261719
460.76 358.8562927246094
173.18 185.57736206054688
168.12 155.33480834960938
313.49 195.03933715820312
458.42 441.23583984375
313.33 183.49072265625
364.44 335.4201965332031
314.98 355.19073486328125
359.24 357.152099609375
312.0 221.92172241210938
224.39 376.0777587890625
508.28 312.41632080078125
215.66 282.725341796875
327.41 307.3013916015625
469.49 324.23883056640625
263.28 198.98300170898438
188.58 226.84719848632812
280.33 250.2037353515625
181.53 158.66336059570312
219.77 255.17269897460938
222.88 264.0838317871094
215.25 224.57928466796875
237.69 239.52731323242188
201.45 128.11082458496094
183.24 205.586669921875
185.46 285.1844482421875
240.43 286.7009582519531
205.65 343.6977233886719
235.1 229.5594482421875
176.42 193.45635986328125
325.33 264.0321350097656
439.52 545.2176513671875
247.73 227.37640380859375
452.13 378.41839599609375
276.22 246.38381958007812
226.66 320.44390869140625
190.94 317.9831848144531
397.67 538.3719482421875
254.17 271.1607666015625
318.89 318.974609375
343.82 338.93646240234375
385.61 331.0343017578125
219.83 288.6577453613281
237.98 319.064697265625
379.91 295.3384704589844
214.22 332.9453125
180.53 182.56369018554688
191.78 184.60443115234375
352.72 380.53265380859375
335.62 462.4477844238281
198.79 177.73446655273438
192.36 248.791259765625
198.21 226.53720092773438
323.07 295.43487548828125
332.45 257.5247802734375
329.86 194.04647827148438
211.64 232.79153442382812
287.93 262.1254577636719
331.75 403.4819030761719
309.12 283.193115234375
333.23 354.0793151855469
138.23 207.4382781982422
128.93 32.83082580566406
120.22 40.27253723144531
144.87 148.65333557128906
181.27 162.48379516601562
272.35 275.4862060546875
137.87 295.7215881347656
238.96 283.71380615234375
158.87 136.99349975585938
361.21 443.60009765625
316.37 301.5057067871094
160.22 289.85687255859375
228.19 476.3049621582031
180.74 88.38369750976562
171.23 104.29844665527344
133.26 119.06294250488281
196.41 188.66696166992188
195.36 203.96780395507812
159.51 131.64486694335938
276.4 245.1953125
303.43 237.48306274414062
246.41 215.86087036132812
314.73 274.1913146972656
305.09 344.4718933105469
98.66 107.90658569335938
141.94 217.10235595703125
121.91 148.36416625976562
100.51 212.5699462890625
207.5 233.8416748046875
306.87 237.35430908203125
220.16 283.4350280761719
76.4 94.61737060546875
189.33 257.80633544921875
165.83 144.90255737304688
131.0 198.38668823242188
133.76 208.1889190673828
492.96 301.85491943359375
173.03 127.71066284179688
281.94 176.25103759765625
164.51 209.16845703125
171.25 138.9576873779297
244.81 204.57476806640625
176.62 266.4496765136719
192.54 259.3236999511719
280.66 350.12213134765625
168.81 222.71524047851562
202.43 141.24465942382812
236.55 223.34124755859375
251.92 307.2854919433594
219.06 321.6371765136719
308.63 302.806396484375
300.98 236.20706176757812
338.99 494.19708251953125
174.21 111.55424499511719
163.0 86.59619140625
125.63 127.82962036132812
183.83 244.04632568359375
212.85 156.13092041015625
361.11 220.07180786132812
202.2 304.45928955078125
204.91 196.28155517578125
376.43 246.6893310546875
211.45 310.6746520996094
245.11 288.25445556640625
319.48 284.6309814453125
289.2 262.1842956542969
259.06 262.4195861816406
305.92 328.1574401855469
271.84 402.9541931152344
454.5 366.4161376953125
936.84 372.2363586425781
194.5 308.7699890136719
135.24 192.90304565429688
133.47 169.85646057128906
174.03 106.92225646972656
195.72 220.13583374023438
197.65 193.24203491210938
198.17 174.68768310546875
257.09 289.49493408203125
230.58 240.21829223632812
182.13 214.66241455078125
142.66 267.8641357421875
259.09 264.73724365234375
140.57 145.09713745117188
120.41 181.22842407226562
759.6 337.66058349609375
157.51 187.8746337890625
283.98 288.5610656738281
290.81 303.36376953125
241.5 238.34503173828125
551.32 316.1122131347656
568.57 403.0631103515625
295.5 374.5624694824219
347.82 421.3776550292969
298.45 394.0592346191406
282.17 453.77392578125
135.52 141.10928344726562
163.62 135.0037841796875
284.52 251.86227416992188
183.4 274.6622009277344
224.77 206.5284423828125
171.0 219.0233154296875
277.11 216.1917724609375
258.69 173.68923950195312
276.04 196.10488891601562
286.19 373.6595458984375
287.73 320.8619384765625
129.46 133.83200073242188
122.47 101.94407653808594
294.6 268.9692077636719
168.05 156.30426025390625
163.53 121.7310791015625
373.83 397.310546875
288.73 318.9420166015625
244.67 334.079833984375
170.43 287.413818359375
1334.73 256.5887451171875
173.37 245.7744140625
380.87 340.09051513671875
285.93 355.4219055175781
226.22 248.554443359375
222.77 223.34902954101562
368.07 281.4718933105469
361.22 276.6343994140625
337.86 373.07568359375
485.79 278.30999755859375
273.75 157.77682495117188
484.93 383.04876708984375
496.65 365.58917236328125
176.75 98.47686767578125
196.14 122.918701171875
229.77 177.42446899414062
222.09 207.45840454101562
251.23 192.24014282226562
265.16 324.2218017578125
191.95 244.49215698242188
245.72 244.610107421875
148.41 206.6214599609375
164.3 236.31777954101562
342.74 316.73065185546875
384.19 382.83612060546875
159.54 181.87066650390625
209.38 258.7684631347656
173.39 161.55880737304688
393.55 138.00088500976562
202.73 222.88497924804688
378.54 248.085693359375
184.7 323.5905456542969
214.33 301.3203125
291.38 266.5400695800781
343.69 393.35150146484375
350.16 281.9233703613281
159.31 148.25344848632812
197.05 202.34991455078125
211.95 276.1656799316406
213.08 338.5369567871094
193.39 286.33795166015625
275.35 263.8208312988281
230.16 229.15042114257812
259.89 225.55130004882812
385.18 407.3916320800781
228.18 265.7779235839844
270.53 153.36614990234375
170.93 321.95904541015625
182.95 236.38519287109375
168.2 277.420166015625
179.98 258.71026611328125
251.85 329.6082763671875
145.03 228.46295166015625
245.22 235.5015869140625
189.77 258.19000244140625
216.26 210.20367431640625
296.8 89.28936767578125
173.43 131.96621704101562
229.12 232.82614135742188
306.5 217.690673828125
229.47 183.33871459960938
195.2 148.26553344726562
216.02 290.731689453125
357.69 391.0976867675781
620.15 340.5446472167969
238.73 166.56417846679688
187.21 189.6534423828125
212.58 235.69107055664062
158.66 200.95040893554688
394.59 353.8687744140625
264.17 212.9080810546875
237.57 226.056884765625
225.46 246.45230102539062
322.74 298.0487976074219
286.13 188.13204956054688
308.45 215.24697875976562
228.47 224.39508056640625
231.95 338.6106262207031
210.45 357.5831298828125
304.23 319.45989990234375
238.61 343.95306396484375
267.45 253.64920043945312
193.4 320.91748046875
306.41 261.8901062011719
215.09 115.83935546875
408.66 400.5082092285156
481.59 388.1009216308594
283.52 411.5494689941406
519.76 396.9150390625
199.28 181.9853515625
227.22 128.93496704101562
190.44 160.7020263671875
374.05 269.5632019042969
304.73 224.81417846679688
391.01 270.20318603515625
221.43 211.96148681640625
280.41 332.46173095703125
183.11 291.7096252441406
231.56 308.2405700683594
191.06 51.2388916015625
218.76 178.15121459960938
203.83 118.76165771484375
435.84 217.13021850585938
214.0 203.11642456054688
193.65 188.12069702148438
175.64 219.44088745117188
143.0 151.91192626953125
323.14 268.5457763671875
195.2 242.76336669921875
191.4 165.7664794921875
214.35 280.6317138671875
319.12 249.72634887695312
588.96 433.00347900390625
335.62 319.4049987792969
423.31 475.0186462402344
213.6 288.0897216796875
192.25 143.14059448242188
320.4 330.2420654296875
365.67 386.4052429199219
347.86 312.4783935546875
232.4 268.8197021484375
235.31 357.9634704589844
168.85 60.757476806640625
425.04 264.88128662109375
331.46 226.72329711914062
261.3 209.15948486328125
295.44 451.4403381347656
189.48 137.95999145507812
166.07 178.18316650390625
148.94 175.26980590820312
164.51 131.62164306640625
143.09 181.03607177734375
247.6 117.37445068359375
226.54 363.42539978027344
149.1 62.41581726074219
228.15 178.9306182861328
195.28 273.58642578125
146.81 156.08163452148438
167.59 212.025146484375
287.37 278.55474853515625
129.7 118.7059326171875
333.21 291.57208251953125
169.58 196.9420166015625
247.62 297.65185546875
141.05 181.25830078125
145.08 119.22441101074219
154.18 169.08010864257812
144.38 79.829345703125
154.71 185.78134155273438
177.65 147.46859741210938
168.43 230.98831176757812
166.2 201.333984375
151.37 217.294189453125
151.49 177.21966552734375
137.95 248.69918823242188
123.24 199.09133911132812
273.27 296.81207275390625
247.67 353.0809631347656
255.2 299.28759765625
238.15 214.49246215820312
255.71 277.69549560546875
260.42 267.07508850097656
344.1 265.80470275878906
167.14 186.288330078125
765.76 689.7360534667969
206.84 195.664306640625
140.02 153.7216796875
128.34 79.1524658203125
108.34 78.12745666503906
109.34 111.11103820800781
118.44 338.85047912597656
124.88 106.85598754882812
220.08 750.3539581298828
92.05 298.6509552001953
83.93 174.0862274169922
105.87 108.69952392578125
235.33 458.2517852783203
249.86 354.99830627441406
323.66 298.5929870605469
393.48 319.85243225097656
260.06 355.10227966308594
157.23 210.73731994628906
298.19 315.5671844482422
158.27 320.478271484375
178.44 219.31085205078125
245.93 292.9409637451172
99.52 110.10966491699219
134.98 106.97743225097656
127.49 144.12416076660156
135.3 62.452056884765625
161.7 217.09213256835938
149.51 72.54391479492188
85.89 -14.889083862304688
262.6 120.70185852050781
119.11 43.14204406738281
128.49 184.7323455810547
147.0 282.04180908203125
173.72 259.2303771972656
132.6 203.77880859375
144.22 230.5856475830078
381.29 554.1153259277344
1596.55 895.3442993164062
702.59 449.7685546875
290.63 254.31442260742188
303.4 408.0155944824219
582.22 573.7413330078125
398.13 643.2640991210938
504.1 685.6785583496094
257.68 293.5149841308594
408.68 963.3291015625
229.64 821.2384643554688
269.78 483.3597106933594
798.78 719.2215270996094
1032.97 700.4304504394531
179.88 203.45748901367188
473.06 365.9246520996094
266.95 322.8734130859375
412.06 404.5301513671875
442.7 542.7601013183594
208.24 178.16119384765625
210.2 177.07659912109375
197.77 173.76126098632812
209.1 168.53297424316406
366.51 263.345458984375
354.86 332.18450927734375
553.09 502.6808166503906
526.05 404.79559326171875
306.55 467.6795959472656
444.59 431.6178894042969
256.38 467.6271057128906
271.98 404.78704833984375
322.71 319.58087158203125
500.32 679.0158386230469
568.35 696.3037109375
396.78 457.8815612792969
770.58 642.7892761230469
267.66 301.44512939453125
323.36 280.5495300292969
366.73 280.99432373046875
304.61 437.6929931640625
383.35 408.3898620605469
226.69 164.14346313476562
264.33 236.00521850585938
259.9 257.8710021972656
145.07 152.771484375
129.63 166.33238220214844
307.23 192.1673583984375
184.72 145.50157165527344
498.24 443.7375183105469
495.48 398.29835510253906
592.96 379.3278045654297
195.65 186.44943237304688
235.59 226.59280395507812
191.07 198.17782592773438
188.85 239.52911376953125
244.09 231.11740112304688
488.78 411.0361633300781
166.12 330.81422424316406
154.97 101.73764038085938
178.65 168.8925018310547
206.88 82.98861694335938
173.64 129.3201141357422
253.76 288.5306701660156
410.3 397.65130615234375
200.59 169.69818115234375
487.94 378.28125
413.37 363.3114318847656
499.2 412.21710205078125
531.97 423.41998291015625
236.73 265.0691833496094
230.66 178.12359619140625
218.36 253.97845458984375
220.19 229.10052490234375
540.82 555.5387268066406
564.52 500.61993408203125
620.28 387.8709411621094
226.85 259.2485656738281
321.95 273.51463317871094
155.68 205.19248962402344
203.66 274.17266845703125
532.42 398.0640869140625
417.13 361.51513671875
298.25 273.8438720703125
254.51 412.83941650390625
288.07 365.1322937011719
262.67 307.7562255859375
1095.12 550.3745727539062
561.52 419.085693359375
237.59 422.3560485839844
351.19 530.5950927734375
303.47 471.2498474121094
243.23 390.3047790527344
298.1 401.984619140625
291.61 379.67877197265625
330.37 269.4949035644531
323.01 520.8441467285156
434.14 303.120361328125
317.84 283.65203857421875
276.39 371.998291015625
261.84 280.6552734375
276.81 295.1122741699219
464.44 330.02105712890625
219.8 290.22088623046875
490.1 457.5918884277344
404.33 382.6041259765625
464.22 413.93798828125
191.78 208.82696533203125
176.53 210.19198608398438
440.71 520.28466796875
340.72 358.50665283203125
190.49 166.35702514648438
211.37 218.837646484375
221.77 274.8091125488281
228.26 271.0189208984375
303.25 330.7406005859375
347.07 322.5192565917969
262.05 283.4740295410156
201.3 221.28744506835938
207.34 220.01416015625
203.1 171.4932403564453
220.85 205.87466430664062
211.95 223.6539764404297
203.19 144.94927978515625
165.01 177.73211669921875
183.73 177.5263671875
172.62 169.668212890625
183.21 201.0794677734375
226.12 265.5313415527344
215.87 261.9953308105469
268.66 306.2879638671875
400.41 286.0035095214844
500.0 297.53387451171875
196.23 136.3091278076172
165.5 237.51034545898438
190.51 154.54129028320312
185.71 114.06729125976562
217.15 298.25799560546875
238.21 208.66867065429688
256.27 262.8108825683594
212.5 206.84710693359375
405.09 328.0046691894531
430.55 332.80165100097656
366.53 316.4533386230469
412.83 341.11033630371094
173.84 146.96060180664062
198.59 258.2134704589844
198.76 183.0321044921875
175.88 156.70919799804688
181.82 167.12799072265625
208.61 273.61048889160156
184.76 232.84254455566406
268.73 303.4682922363281
155.54 219.83949279785156
189.18 190.96627807617188
221.83 199.29116821289062
199.24 377.6770324707031
596.63 469.9352722167969
993.99 450.0787658691406
216.65 340.4212341308594
267.98 411.05645751953125
332.44 356.0350341796875
228.45 422.4561767578125
664.51 369.3816223144531
517.51 476.0382995605469
211.83 416.4534912109375
256.88 348.68206787109375
526.7 371.1513977050781
584.23 466.1230163574219
229.48 306.13177490234375
477.67 407.0783386230469
1083.74 433.40692138671875
319.34 295.8547668457031
204.04 220.8145751953125
263.56 418.4376220703125
254.03 344.04083251953125
224.62 193.8223876953125
358.0 290.1130065917969
214.84 290.9945983886719
372.73 392.4075012207031
364.83 281.7158508300781
258.8 423.505615234375
271.04 327.7997131347656
394.74 316.24835205078125
568.94 488.0386657714844
216.04 219.01882934570312
429.32 318.35272216796875
181.48 176.49232482910156
212.39 253.42471313476562
237.61 230.24365234375
272.49 303.5196228027344
230.72 309.0587463378906
222.7 246.62286376953125
225.12 338.4918518066406
220.57 270.3224792480469
345.62 433.432373046875
455.22 455.19281005859375
394.46 404.812744140625
218.68 245.34317016601562
266.12 243.54156494140625
180.24 243.13751220703125
162.37 178.76605224609375
