4.6 82.40074920654297
13.39 13.74200439453125
19.88 40.738983154296875
202.69 358.227783203125
45.97 -13.369964599609375
18.41 70.97897338867188
22.88 66.63177490234375
39.19 77.04222106933594
51.11 104.07264709472656
54.3 53.029022216796875
42.52 32.99900817871094
47.99 78.27359008789062
187.35 281.85044860839844
131.43 100.87112426757812
88.58 153.39974975585938
112.38 118.80743408203125
110.68 167.33868408203125
255.79 379.220703125
219.94 294.7586669921875
96.11 60.473480224609375
149.73 199.0657958984375
61.27 120.07066345214844
73.93 101.20574951171875
54.1 111.03675842285156
125.12 198.235595703125
64.92 160.71139526367188
97.74 125.03097534179688
59.52 34.36297607421875
73.62 114.35330200195312
67.38 79.79205322265625
64.59 46.098724365234375
83.41 242.2520751953125
46.25 11.709396362304688
86.88 157.64541625976562
87.71 112.4110107421875
81.87 96.49700927734375
64.14 83.94003295898438
245.06 211.31198120117188
239.66 369.8023681640625
124.7 185.99978637695312
375.82 278.03216552734375
198.61 174.49197387695312
127.35 123.75314331054688
250.01 267.72674560546875
630.82 457.26739501953125
176.54 264.3199157714844
281.89 367.4284362792969
105.13 187.79568481445312
293.14 333.11065673828125
160.27 237.41192626953125
172.89 206.84637451171875
122.57 100.51025390625
137.43 109.87750244140625
133.73 165.16476440429688
62.82 42.68473815917969
59.31 89.92439270019531
74.85 226.0785675048828
108.62 102.13888549804688
101.18 204.58926391601562
220.31 271.25933837890625
100.51 140.55123901367188
304.29 325.4242248535156
76.73 198.9749755859375
111.72 290.155029296875
106.62 215.92446899414062
1038.84 441.3939514160156
455.51 405.406982421875
170.95 259.8227844238281
210.91 153.26681518554688
141.23 117.36090087890625
105.3 162.560546875
206.5 225.50787353515625
297.39 244.57275390625
149.06 285.98828125
245.62 347.28515625
118.59 135.53204345703125
211.7 333.3099670410156
140.23 127.01022338867188
157.42 172.91827392578125
143.83 147.62286376953125
286.14 222.66055297851562
128.63 127.35958862304688
119.17 152.533447265625
120.66 128.849853515625
207.04 144.199462890625
151.33 235.04443359375
111.06 124.44039916992188
397.97 246.05166625976562
114.26 142.909423828125
177.36 196.12344360351562
142.42 182.313720703125
41.34 66.73526000976562
88.06 76.01318359375
80.0 83.11837768554688
184.28 124.66464233398438
89.25 121.78982543945312
89.79 139.10806274414062
132.61 249.58743286132812
130.38 145.49609375
162.79 177.019775390625
135.56 162.066162109375
145.85 106.34466552734375
158.08 186.86651611328125
163.19 174.71041870117188
160.86 115.95779418945312
268.86 193.55487060546875
147.26 92.0706787109375
221.79 153.4178466796875
319.27 277.3467102050781
150.36 197.5333251953125
91.16 112.19601440429688
133.82 126.835205078125
100.97 176.510986328125
116.88 214.75643920898438
202.95 229.806884765625
148.06 254.48849487304688
114.3 147.91897583007812
115.86 121.23846435546875
144.63 229.8604736328125
351.7 289.2230529785156
118.42 145.26080322265625
131.27 172.98239135742188
202.91 251.94573974609375
329.01 207.01907348632812
361.72 362.2318572998047
144.46 87.1251220703125
278.77 274.9468078613281
319.6 267.32037353515625
189.46 154.099853515625
121.06 108.75619506835938
152.86 122.53884887695312
274.58 259.69378662109375
132.03 66.3695068359375
136.64 139.9686279296875
123.0 65.12161254882812
164.58 110.97262573242188
168.87 77.95675659179688
51.32 123.05731201171875
172.21 289.0483703613281
178.1 246.58029174804688
71.22 139.3046875
93.1 109.12408447265625
68.97 103.83865356445312
72.91 79.80296325683594
684.86 594.3345947265625
219.1 191.37185668945312
209.51 186.4011688232422
217.5 216.44834899902344
75.57 85.71150207519531
129.41 186.5701904296875
91.11 189.20155334472656
106.51 137.34658813476562
1726.54 556.3081665039062
242.98 479.9902038574219
433.23 601.6135864257812
227.23 266.7077331542969
350.56 310.5487365722656
328.66 426.38934326171875
458.61 606.1943664550781
201.52 317.48980712890625
500.67 457.1912536621094
372.99 377.91546630859375
199.97 252.93692016601562
81.43 54.278717041015625
206.33 256.1656799316406
221.25 318.184814453125
163.53 91.89697265625
168.44 239.22280883789062
163.27 254.13601684570312
351.3 392.6407775878906
168.9 304.7666015625
182.17 172.45956420898438
148.41 166.45474243164062
626.16 244.33370971679688
122.51 113.99884033203125
126.4 185.86849975585938
215.93 174.76071166992188
172.3 135.71417236328125
183.52 157.24996948242188
139.35 125.95220947265625
163.89 136.12844848632812
160.79 183.22650146484375
142.13 142.89083862304688
147.7 138.39169311523438
176.79 129.11312866210938
189.81 271.0697937011719
173.12 292.5483703613281
170.66 201.3671875
142.52 210.4757080078125
271.92 294.61419677734375
199.54 327.675048828125
311.95 304.08526611328125
639.8 275.5771484375
193.84 279.9717102050781
181.96 206.29391479492188
203.69 303.0456848144531
179.22 319.3725891113281
140.34 209.29803466796875
157.24 200.23248291015625
145.13 175.080322265625
121.5 152.46279907226562
115.73 129.37030029296875
117.83 136.041259765625
125.04 115.57562255859375
98.42 96.70187377929688
124.5 151.21401977539062
108.64 125.71499633789062
85.7 99.609619140625
139.95 202.62994384765625
268.43 246.34072875976562
150.23 227.56396484375
123.83 263.2246398925781
129.46 185.38653564453125
131.09 181.1064453125
155.75 188.33224487304688
276.8 367.2452392578125
889.06 633.9894409179688
572.18 347.2457580566406
752.61 1018.3065490722656
203.8 203.60342407226562
166.34 318.3092346191406
239.88 273.418701171875
404.53 474.72418212890625
240.94 296.65155029296875
191.78 191.8623046875
158.88 93.99813842773438
393.22 378.3605041503906
397.51 309.3233947753906
913.86 550.40478515625
543.41 573.8513488769531
389.73 559.740234375
506.3 436.0272216796875
483.94 525.2893676757812
442.99 474.233154296875
2771.25 603.3153686523438
198.38 117.36923217773438
478.31 518.8017272949219
375.64 438.07098388671875
610.35 437.5890197753906
150.67 267.0384826660156
116.71 439.67626953125
199.41 167.20553588867188
183.41 233.36056518554688
191.11 254.86444091796875
213.12 426.55743408203125
463.4 290.5516662597656
254.82 260.81402587890625
280.33 285.8543701171875
300.59 349.96197509765625
205.92 297.2392578125
388.09 248.84677124023438
682.64 616.8237609863281
260.78 252.74822998046875
293.1 299.8299560546875
358.24 392.0873718261719
2267.51 479.06195068359375
263.94 344.1182861328125
204.96 233.96701049804688
213.13 246.02169799804688
160.48 314.7158203125
202.48 202.08474731445312
263.25 268.0587158203125
208.86 293.7342529296875
322.08 382.9447937011719
208.72 321.2738037109375
201.88 341.7495422363281
227.97 325.3680419921875
215.57 363.3756408691406
366.82 499.445068359375
221.33 194.6895751953125
114.84 147.93344116210938
217.6 130.2080078125
129.0 165.78466796875
176.79 243.16598510742188
134.03 209.50155639648438
166.35 187.008544921875
139.81 154.02294921875
205.17 221.46185302734375
200.55 276.1859436035156
221.11 178.2735595703125
256.41 322.7474365234375
136.54 256.3844299316406
352.44 312.7528381347656
164.29 217.05929565429688
153.12 179.34390258789062
417.35 444.3941955566406
171.32 323.5218505859375
195.78 167.21151733398438
189.18 212.73422241210938
181.88 293.76483154296875
411.77 374.1047058105469
145.77 171.71267700195312
174.63 224.48239135742188
245.05 254.29000854492188
446.84 395.0582275390625
2157.19 535.7115783691406
784.17 514.5086364746094
188.21 363.5828857421875
184.94 242.04891967773438
197.58 159.41641235351562
188.14 403.2237243652344
324.65 275.5554504394531
236.28 324.55303955078125
199.84 355.784912109375
311.54 281.6396789550781
251.49 401.5806884765625
417.28 495.373046875
389.63 365.49652099609375
339.76 406.7442626953125
341.32 353.299560546875
108.88 342.9250183105469
247.75 353.0725402832031
505.78 392.3061828613281
368.94 287.34893798828125
769.33 500.7918701171875
533.64 483.756103515625
146.7 212.84292602539062
388.47 404.48260498046875
568.34 409.87908935546875
156.34 272.1434631347656
401.69 413.5533447265625
174.91 99.32302856445312
174.86 260.3743896484375
444.16 423.6878662109375
191.61 366.6002197265625
663.38 393.6055603027344
359.82 706.6423950195312
608.46 665.6493225097656
542.84 400.4017028808594
283.22 336.5765686035156
402.12 499.916259765625
468.32 441.10980224609375
184.29 224.72348022460938
190.46 302.5762634277344
446.01 441.0368957519531
229.14 385.6006774902344
525.52 447.5216369628906
501.63 373.0860595703125
805.22 339.65118408203125
165.45 243.65151977539062
237.17 270.24322509765625
286.16 339.25897216796875
235.64 229.00775146484375
269.58 359.55010986328125
357.36 464.655029296875
191.06 202.18365478515625
171.99 202.24313354492188
235.34 345.95343017578125
195.97 235.14080810546875
215.39 182.89584350585938
151.54 173.98983764648438
160.89 161.19076538085938
346.96 263.3127746582031
419.41 400.6777038574219
259.32 390.0498046875
360.4 325.8592529296875
330.2 457.1908874511719
244.23 322.88018798828125
242.76 270.8442077636719
383.71 415.5302429199219
365.71 365.7403259277344
115.01 190.60162353515625
115.46 162.77883911132812
114.36 141.914306640625
113.85 94.85006713867188
177.53 172.12359619140625
168.88 159.85140991210938
154.27 189.90264892578125
193.53 208.95913696289062
355.96 245.97024536132812
146.56 222.13836669921875
299.56 303.7542724609375
215.05 366.3692321777344
309.71 305.39288330078125
165.17 162.7789306640625
198.88 209.95266723632812
237.18 128.198486328125
182.21 209.14828491210938
195.53 259.5213317871094
244.23 223.9542236328125
250.53 242.69696044921875
181.69 226.19546508789062
168.56 167.21719360351562
351.87 325.3148498535156
287.74 264.5796813964844
161.09 208.69528198242188
339.86 268.831787109375
189.04 218.28692626953125
273.38 240.56106567382812
431.85 325.79974365234375
226.59 310.95294189453125
173.26 379.9117736816406
442.93 578.211181640625
245.72 298.6204833984375
261.52 261.65185546875
146.19 250.165771484375
263.74 298.7183837890625
251.21 238.74337768554688
246.41 182.23049926757812
253.37 181.06271362304688
332.77 316.1103820800781
185.69 192.43701171875
207.13 126.76995849609375
281.9 208.67852783203125
215.18 289.6476135253906
306.53 195.86483764648438
312.41 216.29348754882812
294.55 237.1025390625
262.63 322.78912353515625
272.37 378.53131103515625
135.0 179.232666015625
138.64 143.97482299804688
245.86 281.42633056640625
233.98 197.8865966796875
288.25 275.0907897949219
260.44 185.64483642578125
240.92 217.63980102539062
278.46 163.3912353515625
245.34 239.77029418945312
324.15 194.3802490234375
158.29 223.06454467773438
234.58 265.658203125
98.18 65.96871948242188
460.76 357.0874328613281
173.18 202.61245727539062
168.12 159.18045043945312
313.49 203.91860961914062
458.42 426.6866149902344
313.33 206.96380615234375
364.44 322.88555908203125
314.98 327.4314270019531
359.24 328.7767639160156
312.0 231.0731201171875
224.39 380.6773681640625
508.28 285.1170654296875
215.66 300.74749755859375
327.41 302.7441711425781
469.49 326.790771484375
263.28 193.99472045898438
188.58 226.44317626953125
280.33 254.25582885742188
181.53 155.68881225585938
219.77 245.7647705078125
222.88 259.2758483886719
215.25 227.84506225585938
237.69 234.00241088867188
201.45 144.51766967773438
183.24 197.87551879882812
185.46 296.46746826171875
240.43 288.8912353515625
205.65 346.8099060058594
235.1 246.7548828125
176.42 178.81024169921875
325.33 238.18133544921875
439.52 512.0203857421875
247.73 232.23675537109375
452.13 376.8280029296875
276.22 252.85440063476562
226.66 318.13446044921875
190.94 310.3379821777344
397.67 571.7589416503906
254.17 313.05072021484375
318.89 337.5186767578125
343.82 347.043212890625
385.61 323.4676513671875
219.83 289.9288330078125
237.98 294.8443603515625
379.91 275.8845520019531
214.22 304.6712341308594
180.53 167.6470947265625
191.78 207.6617431640625
352.72 364.3315124511719
335.62 431.0845642089844
198.79 209.8802490234375
192.36 275.59234619140625
198.21 203.1405029296875
323.07 295.9668884277344
332.45 257.26165771484375
329.86 223.38662719726562
211.64 232.95620727539062
287.93 262.9214172363281
331.75 398.8053283691406
309.12 276.4913635253906
333.23 316.8472595214844
138.23 207.21832275390625
128.93 67.6793212890625
120.22 93.25808715820312
144.87 166.31240844726562
181.27 177.07647705078125
272.35 270.4574890136719
137.87 288.20477294921875
238.96 289.7090148925781
158.87 195.98434448242188
361.21 442.56304931640625
316.37 294.8505859375
160.22 293.33880615234375
228.19 495.24163818359375
180.74 88.03909301757812
171.23 97.13400268554688
133.26 110.42878723144531
196.41 188.97830200195312
195.36 228.3900146484375
159.51 156.45864868164062
276.4 239.03717041015625
303.43 253.41986083984375
246.41 252.01437377929688
314.73 279.9388427734375
305.09 319.4186706542969
98.66 115.9464111328125
141.94 227.91799926757812
121.91 149.56539916992188
100.51 215.23135375976562
207.5 230.37576293945312
306.87 229.67782592773438
220.16 271.9991149902344
76.4 93.42031860351562
189.33 253.50460815429688
165.83 139.00238037109375
131.0 187.3218994140625
133.76 207.43316650390625
492.96 278.7266540527344
173.03 141.26165771484375
281.94 190.94461059570312
164.51 189.92562866210938
171.25 150.47406005859375
244.81 186.213623046875
176.62 259.482421875
192.54 258.730712890625
280.66 329.44378662109375
168.81 222.3856201171875
202.43 159.921630859375
236.55 225.48477172851562
251.92 313.21173095703125
219.06 320.5960693359375
308.63 278.13189697265625
300.98 248.35015869140625
338.99 476.16375732421875
174.21 106.91156005859375
163.0 92.41152954101562
125.63 137.85287475585938
183.83 241.8392333984375
212.85 152.72482299804688
361.11 227.80856323242188
202.2 300.8780212402344
204.91 216.97186279296875
376.43 244.04937744140625
211.45 305.4612731933594
245.11 289.4237365722656
319.48 292.884521484375
289.2 266.69390869140625
259.06 258.0963134765625
305.92 317.2428283691406
271.84 413.9255065917969
454.5 374.5784912109375
936.84 399.6893310546875
194.5 337.22222900390625
135.24 177.27020263671875
133.47 187.08062744140625
174.03 115.57086181640625
195.72 232.53897094726562
197.65 199.35491943359375
198.17 193.88424682617188
257.09 298.58709716796875
230.58 238.89877319335938
182.13 214.0302734375
142.66 264.1051025390625
259.09 260.7381591796875
140.57 152.32803344726562
120.41 183.69210815429688
759.6 307.81256103515625
157.51 202.65020751953125
283.98 304.21875
290.81 288.52716064453125
241.5 238.55612182617188
551.32 316.9169006347656
568.57 412.76324462890625
295.5 368.3923645019531
347.82 419.80841064453125
298.45 394.0335693359375
282.17 447.9253845214844
135.52 166.31015014648438
163.62 161.739501953125
284.52 265.702392578125
183.4 307.33563232421875
224.77 245.89306640625
171.0 240.22640991210938
277.11 229.01119995117188
258.69 203.35089111328125
276.04 214.43258666992188
286.19 373.0615234375
287.73 351.3233337402344
129.46 128.349609375
122.47 105.9786376953125
294.6 265.4578552246094
168.05 140.07916259765625
163.53 126.56732177734375
373.83 382.6590881347656
288.73 293.925048828125
244.67 298.716064453125
170.43 252.5728759765625
1334.73 223.83981323242188
173.37 225.4127197265625
380.87 323.07879638671875
285.93 335.93115234375
226.22 221.98776245117188
222.77 217.0126953125
368.07 299.6293029785156
361.22 306.4433288574219
337.86 378.5005187988281
485.79 311.02374267578125
273.75 169.18707275390625
484.93 396.3778991699219
496.65 341.0970153808594
176.75 88.30166625976562
196.14 124.3380126953125
229.77 185.87283325195312
222.09 215.25311279296875
251.23 225.37521362304688
265.16 333.2975769042969
191.95 263.5691223144531
245.72 238.0377197265625
148.41 226.63665771484375
164.3 221.75323486328125
342.74 302.2433166503906
384.19 348.65496826171875
159.54 177.5184326171875
209.38 251.86703491210938
173.39 166.08529663085938
393.55 162.89898681640625
202.73 215.1202392578125
378.54 252.66778564453125
184.7 308.1949768066406
214.33 299.7789306640625
291.38 262.9091796875
343.69 386.91912841796875
350.16 291.6263122558594
159.31 166.49282836914062
197.05 211.63754272460938
211.95 270.2677307128906
213.08 310.32501220703125
193.39 291.17120361328125
275.35 243.23666381835938
230.16 246.41836547851562
259.89 204.1302490234375
385.18 414.54791259765625
228.18 268.4189758300781
270.53 169.41793823242188
170.93 283.5834045410156
182.95 257.9868469238281
168.2 268.61053466796875
179.98 272.07183837890625
251.85 338.0451354980469
145.03 237.93038940429688
245.22 229.0438232421875
189.77 255.3865966796875
216.26 210.97189331054688
296.8 117.612548828125
173.43 151.38711547851562
229.12 233.52169799804688
306.5 221.95562744140625
229.47 217.94052124023438
195.2 160.82916259765625
216.02 292.27557373046875
357.69 384.963623046875
620.15 358.99249267578125
238.73 148.5689697265625
187.21 194.75350952148438
212.58 224.55364990234375
158.66 194.2220458984375
394.59 351.36346435546875
264.17 194.74960327148438
237.57 236.70321655273438
225.46 251.52883911132812
322.74 313.7778015136719
286.13 168.6549072265625
308.45 216.78890991210938
228.47 228.8778076171875
231.95 356.0414733886719
210.45 379.5343933105469
304.23 308.9210205078125
238.61 324.9160461425781
267.45 222.16665649414062
193.4 292.0591735839844
306.41 282.0003662109375
215.09 139.21871948242188
408.66 397.82086181640625
481.59 385.9232177734375
283.52 398.9241027832031
519.76 382.7334289550781
199.28 188.72918701171875
227.22 158.23892211914062
190.44 156.3187255859375
374.05 272.9482116699219
304.73 209.82077026367188
391.01 239.79669189453125
221.43 203.10888671875
280.41 335.3191223144531
183.11 277.4474792480469
231.56 300.43719482421875
191.06 45.27349853515625
218.76 160.960205078125
203.83 106.04928588867188
435.84 213.1190185546875
214.0 205.26052856445312
193.65 233.55764770507812
175.64 225.46905517578125
143.0 167.198486328125
323.14 266.2568359375
195.2 249.37533569335938
191.4 178.06451416015625
214.35 274.7190246582031
319.12 264.6689453125
588.96 415.95947265625
335.62 313.728271484375
423.31 455.07415771484375
213.6 301.0047607421875
192.25 178.58587646484375
320.4 333.9557189941406
365.67 361.6378479003906
347.86 290.2169494628906
232.4 261.78338623046875
235.31 338.59521484375
168.85 103.1126708984375
425.04 255.4832763671875
331.46 245.2139892578125
261.3 179.49191284179688
295.44 431.5091552734375
189.48 127.64785766601562
166.07 166.83975219726562
148.94 182.49383544921875
164.51 131.24270629882812
143.09 174.05776977539062
247.6 109.85159301757812
226.54 288.4940948486328
149.1 77.71749877929688
228.15 201.35604858398438
195.28 251.05447387695312
146.81 159.13760375976562
167.59 223.156494140625
287.37 290.7264709472656
129.7 139.21255493164062
333.21 310.85498046875
169.58 212.58700561523438
247.62 296.16436767578125
141.05 206.9844970703125
145.08 112.65277099609375
154.18 187.3089599609375
144.38 95.3873291015625
154.71 220.32586669921875
177.65 190.3184814453125
168.43 254.11776733398438
166.2 218.67926025390625
151.37 231.115478515625
151.49 165.77627563476562
137.95 212.4552001953125
123.24 183.810791015625
273.27 273.7273254394531
247.67 305.1129455566406
255.2 290.5857849121094
238.15 206.51736450195312
255.71 260.20721435546875
260.42 229.726806640625
344.1 284.2684326171875
167.14 168.75955200195312
765.76 517.2461853027344
206.84 184.25042724609375
140.02 149.02862548828125
128.34 72.15386962890625
108.34 89.11228942871094
109.34 109.69126892089844
118.44 324.79998779296875
124.88 138.72994995117188
220.08 709.2231140136719
92.05 300.6197204589844
83.93 209.575439453125
105.87 134.04428100585938
235.33 432.69200134277344
249.86 335.41229248046875
323.66 285.4442138671875
393.48 353.94793701171875
260.06 349.4737548828125
157.23 219.277099609375
298.19 314.904541015625
158.27 335.1863098144531
178.44 230.45785522460938
245.93 324.43377685546875
99.52 152.99322509765625
134.98 104.50735473632812
127.49 140.7115020751953
135.3 99.75387573242188
161.7 196.20391845703125
149.51 115.06884765625
85.89 -15.34002685546875
262.6 100.0760498046875
119.11 54.337615966796875
128.49 164.98170471191406
147.0 268.2076721191406
173.72 231.47796630859375
132.6 185.4599609375
144.22 207.55059814453125
381.29 584.76171875
1596.55 838.409423828125
702.59 478.91070556640625
290.63 246.75421142578125
303.4 415.0006408691406
582.22 554.8159484863281
398.13 597.2816162109375
504.1 665.1716003417969
257.68 318.44085693359375
408.68 942.8414916992188
229.64 823.8184509277344
269.78 497.9444580078125
798.78 702.4764404296875
1032.97 688.2608032226562
179.88 221.12228393554688
473.06 377.3019714355469
266.95 329.24560546875
412.06 404.38360595703125
442.7 511.44329833984375
208.24 195.03109741210938
210.2 203.25732421875
197.77 179.19915771484375
209.1 192.38894653320312
366.51 308.3238830566406
354.86 353.8956298828125
553.09 483.86773681640625
526.05 425.20172119140625
306.55 476.9755859375
444.59 432.0743713378906
256.38 487.5506591796875
271.98 410.33868408203125
322.71 338.0347595214844
500.32 637.3984375
568.35 674.3668212890625
396.78 471.5403747558594
770.58 614.6355285644531
267.66 315.9821472167969
323.36 299.6374206542969
366.73 311.9148864746094
304.61 421.0973815917969
383.35 408.42919921875
226.69 186.87353515625
264.33 265.6669616699219
259.9 262.10406494140625
145.07 117.62728881835938
129.63 121.86262512207031
307.23 189.36532592773438
184.72 149.90863037109375
498.24 418.4555969238281
495.48 380.84197998046875
592.96 375.1046142578125
195.65 196.89053344726562
235.59 230.20474243164062
191.07 213.71368408203125
188.85 250.4925537109375
244.09 244.68402099609375
488.78 416.2514953613281
166.12 365.4841003417969
154.97 122.9820556640625
178.65 170.82943725585938
206.88 100.19110107421875
173.64 156.16897583007812
253.76 289.688720703125
410.3 412.34783935546875
200.59 173.80267333984375
487.94 381.6383972167969
413.37 376.02410888671875
499.2 404.00811767578125
531.97 411.1344299316406
236.73 272.6075744628906
230.66 179.08334350585938
218.36 264.7493896484375
220.19 251.72509765625
540.82 515.9519958496094
564.52 488.3023681640625
620.28 392.4320373535156
226.85 266.8448181152344
321.95 242.38336181640625
155.68 200.57272338867188
203.66 280.9914855957031
532.42 402.8702697753906
417.13 352.6684265136719
298.25 257.6544189453125
254.51 360.2474060058594
288.07 374.2523498535156
262.67 323.7378845214844
1095.12 533.3695068359375
561.52 436.9251403808594
237.59 421.67041015625
351.19 516.3454895019531
303.47 477.78399658203125
243.23 399.1133117675781
298.1 402.3339538574219
291.61 382.0563049316406
330.37 264.8500061035156
323.01 552.9420776367188
434.14 319.0589294433594
317.84 295.647705078125
276.39 363.48956298828125
261.84 293.7621765136719
276.81 320.5260009765625
464.44 351.9605407714844
219.8 289.9147644042969
490.1 446.0603332519531
404.33 379.53717041015625
464.22 399.62158203125
191.78 224.2899169921875
176.53 206.353759765625
440.71 507.0289001464844
340.72 350.29547119140625
190.49 187.69775390625
211.37 214.244873046875
221.77 271.6478576660156
228.26 254.25726318359375
303.25 332.06396484375
347.07 325.9372863769531
262.05 276.2977600097656
201.3 214.30514526367188
207.34 228.97845458984375
203.1 175.968017578125
220.85 235.13943481445312
211.95 216.566650390625
203.19 140.24032592773438
165.01 166.32391357421875
183.73 178.92901611328125
172.62 178.13900756835938
183.21 203.47598266601562
226.12 251.45632934570312
215.87 247.38192749023438
268.66 298.0403137207031
400.41 280.146484375
500.0 293.4908447265625
196.23 134.35650634765625
165.5 242.44610595703125
190.51 169.97647094726562
185.71 125.745849609375
217.15 277.2052001953125
238.21 202.72125244140625
256.27 243.75482177734375
212.5 200.04498291015625
405.09 304.61328125
430.55 305.2440185546875
366.53 319.7693176269531
412.83 336.08843994140625
173.84 125.17340087890625
198.59 253.1556396484375
198.76 186.45773315429688
175.88 170.47991943359375
181.82 173.49758911132812
208.61 239.54098510742188
184.76 216.47744750976562
268.73 306.39697265625
155.54 205.02633666992188
189.18 182.93585205078125
221.83 201.95236206054688
199.24 344.947509765625
596.63 431.07855224609375
993.99 434.1869812011719
216.65 345.2372741699219
267.98 409.8145446777344
332.44 344.6927185058594
228.45 403.3825988769531
664.51 352.8748779296875
517.51 458.1723937988281
211.83 393.48504638671875
256.88 361.0622863769531
526.7 354.0497741699219
584.23 459.4865417480469
229.48 313.1517028808594
477.67 384.3321838378906
1083.74 400.0854187011719
319.34 304.39044189453125
204.04 210.59283447265625
263.56 397.459228515625
254.03 290.8077087402344
224.62 198.74569702148438
358.0 281.2838439941406
214.84 283.3441467285156
372.73 359.9019470214844
364.83 296.4317626953125
258.8 406.1993408203125
271.04 320.62652587890625
394.74 310.6896057128906
568.94 473.3045959472656
216.04 242.17474365234375
429.32 321.5006408691406
181.48 205.88250732421875
212.39 276.2354736328125
237.61 236.82003784179688
272.49 300.5325927734375
230.72 300.9386291503906
222.7 234.43814086914062
225.12 328.2789306640625
220.57 267.2373352050781
345.62 494.86981201171875
455.22 473.98370361328125
394.46 391.915771484375
218.68 229.02615356445312
266.12 267.4596252441406
180.24 252.91238403320312
162.37 200.39447021484375
