4.6 2.7807646444055947
13.39 7.292395536538008
19.88 24.539951550500408
202.69 46.22148650274816
45.97 32.74710319251831
18.41 14.836042417916943
22.88 15.719329257748946
39.19 19.44439662394937
51.11 43.47189440397091
54.3 31.698224173638366
42.52 45.705298388753874
47.99 67.71956900823524
187.35 63.399177871512165
131.43 89.8850282222259
88.58 79.53520974893239
112.38 165.05118703175515
110.68 104.43823562753288
255.79 43.999579276671035
219.94 239.60867155324368
96.11 94.95123334889946
149.73 152.2032154631118
61.27 51.85963142226955
73.93 46.44911374516812
54.1 46.24173341949883
125.12 75.01231377607593
64.92 66.98944028325192
97.74 83.12172590326928
59.52 53.28780613343407
73.62 67.2423200564528
67.38 99.4656284831591
64.59 46.39301500909223
83.41 33.19506729734568
46.25 30.480578676382404
86.88 94.96626208115318
87.71 82.59805789294916
81.87 59.351560314970904
64.14 71.76860579537512
245.06 136.93112154010274
239.66 344.99147978962424
124.7 145.06435519567881
375.82 128.58825663834315
198.61 129.438117585746
127.35 134.13820530239764
250.01 195.62216019108183
630.82 197.46574570788573
176.54 240.15474970886612
281.89 250.69410953251924
105.13 140.89003124853744
293.14 180.71959958670573
160.27 201.4500238747301
172.89 234.31827795651793
122.57 126.6944335625863
137.43 133.91730491930494
133.73 162.30105418004055
62.82 36.96885055911022
59.31 61.26888458105947
74.85 45.506258507770916
108.62 74.349482324959
101.18 119.96015688547054
220.31 180.74579503561532
100.51 162.80168308180347
304.29 85.69260301601392
76.73 339.8879059953582
111.72 165.49214423116433
106.62 106.39178067938785
1038.84 330.5743506366618
455.51 248.05825651841442
170.95 150.08851925648437
210.91 167.689888959041
141.23 127.47418767193825
105.3 230.59898098668012
206.5 68.76707159311181
297.39 221.2720911926742
149.06 232.15476468715858
245.62 299.8577683576178
118.59 134.2386712087599
211.7 237.89769242290078
140.23 139.47355932538449
157.42 182.3726146181768
143.83 168.2091019907018
286.14 266.53194925211125
128.63 145.80903459911107
119.17 117.65539104215782
120.66 115.89710747567851
207.04 142.58074243797876
151.33 185.2161826458472
111.06 160.09582052286422
397.97 277.08141536330095
114.26 171.1897841621505
177.36 198.41768215432273
142.42 221.26037594024598
41.34 18.465648164073563
88.06 48.77887209292636
80.0 21.000592981944667
184.28 301.94854752752923
89.25 100.52496345736122
89.79 35.8643649816791
132.61 125.8336812173484
130.38 179.31444470113146
162.79 190.68138974631734
135.56 98.66678052109842
145.85 126.91842604436175
158.08 159.39736910978655
163.19 181.63864142499364
160.86 116.52950709849335
268.86 121.99875294590608
147.26 99.04834341200718
221.79 108.06914544416546
319.27 236.33936430470158
150.36 196.464512803456
91.16 103.70238137920967
133.82 142.2805077364082
100.97 129.37572783056262
116.88 161.41638219465148
202.95 185.59170783377687
148.06 240.16016229301025
114.3 115.3807967070793
115.86 114.5491440208395
144.63 158.65819552441283
351.7 191.77325955038748
118.42 160.6257534974795
131.27 145.03243334438116
202.91 217.833140392876
329.01 148.63266375066854
361.72 231.46851594046763
144.46 145.20784594681626
278.77 244.6931999289735
319.6 245.1435164998852
189.46 166.28895136886894
121.06 134.3930102926674
152.86 135.0181770562052
274.58 177.5519333201577
132.03 121.64409795600548
136.64 152.58503957721405
123.0 107.5394823453406
164.58 125.541133289006
168.87 136.3002994835493
51.32 47.19418883908017
172.21 149.95964579073086
178.1 119.39524556422978
71.22 74.1039825311082
93.1 77.78533461894723
68.97 72.4895081417051
72.91 14.271948379369185
684.86 136.77146464226615
219.1 170.05977776376085
209.51 62.97964112180502
217.5 176.51286544707736
75.57 97.34583589396055
129.41 55.01381666953568
91.11 1.9257744478131527
106.51 92.28233313380727
1726.54 475.19240601626956
242.98 391.51943481254716
433.23 536.7504813222906
227.23 215.14928054570268
350.56 381.6009376409182
328.66 430.534146538506
458.61 312.40407094737026
201.52 369.6897230706126
500.67 299.0512911301078
372.99 278.67493953997626
199.97 179.5791023825324
81.43 25.101157188823084
206.33 156.4914241428457
221.25 411.2482257427779
163.53 145.28951803543282
168.44 280.6822437574083
163.27 260.2964486397596
351.3 348.6604408775684
168.9 195.1602343626594
182.17 167.17757345411698
148.41 188.54559066742524
626.16 203.95800113263053
122.51 117.2320328426312
126.4 155.55956621988716
215.93 144.20311637069545
172.3 120.69628821579516
183.52 159.8617125947083
139.35 121.30517826489826
163.89 144.1756270900714
160.79 157.73723757806036
142.13 126.70253003480086
147.7 155.77794464769593
176.79 170.379701040315
189.81 198.75523166197917
173.12 177.8338954836437
170.66 161.1857496508164
142.52 195.32215584104242
271.92 325.55610293681997
199.54 491.1172411626225
311.95 207.61176444577893
639.8 176.60509236602053
193.84 202.5691383964482
181.96 163.71280754775736
203.69 200.19437855617034
179.22 381.41105889301963
140.34 136.599325351871
157.24 148.78126062232857
145.13 196.75066785459123
121.5 97.39288359463603
115.73 119.50255701968493
117.83 125.18623529624136
125.04 96.51595011777249
98.42 105.69236010025881
124.5 91.57843646773692
108.64 114.09852182057352
85.7 106.70967136014649
139.95 190.51294029923187
268.43 192.3526015978878
150.23 233.7487157800156
123.83 217.63091816048603
129.46 1282.6312887809645
131.09 221.35511455258307
155.75 162.6329476840851
276.8 306.19505050918934
889.06 591.3477613536681
572.18 291.33344719568805
752.61 204.3403919316742
203.8 167.18660214136
166.34 169.68208672390497
239.88 575.678197622324
404.53 506.7577806401736
240.94 417.8723812504335
191.78 197.3628723433871
158.88 120.61961281901449
393.22 358.4359932829869
397.51 375.4278962209037
913.86 337.60392008520444
543.41 530.2655863954499
389.73 325.01670136175227
506.3 403.3405655092442
483.94 452.888961301725
442.99 391.7303069431231
2771.25 427.17054593883694
198.38 136.26380862850158
478.31 273.6727217480322
375.64 365.12195771640614
610.35 237.03971630616388
150.67 308.4880350783975
116.71 252.4301392169285
199.41 189.51007306296705
183.41 147.15548020608793
191.11 377.20241150441336
213.12 424.0877189583467
463.4 471.7552622379469
254.82 282.0660454133095
280.33 227.56997808169595
300.59 423.9445907811467
205.92 454.53109843895777
388.09 274.1034062403938
682.64 843.7262695206821
260.78 253.70235889008904
293.1 271.9847009877045
358.24 290.16420906838937
2267.51 575.9989456495381
263.94 395.993795462866
204.96 276.90831501862203
213.13 207.47923278984595
160.48 330.58919320047534
202.48 168.3260194090839
263.25 267.81306109050905
208.86 314.8361739214157
322.08 379.0132603230842
208.72 330.1080923761335
201.88 333.9723932563105
227.97 212.9520307121319
215.57 311.69871349422147
366.82 467.2790205460939
221.33 221.87903150037275
114.84 116.81013646803362
217.6 147.099305728329
129.0 91.77326112263906
176.79 150.12144164159844
134.03 323.5824872924672
166.35 182.93898474649262
139.81 125.46522282788773
205.17 193.88544605582263
200.55 185.47231886053765
221.11 210.58988921246123
256.41 261.31983596006074
136.54 233.43530479290249
352.44 287.8416069536659
164.29 425.6529078961252
153.12 313.9276932704195
417.35 379.45522889645366
171.32 298.0195267998483
195.78 340.0739181625785
189.18 203.16218252251687
181.88 157.6258770804543
411.77 329.4647593251175
145.77 216.4076947174893
174.63 341.15313358839995
245.05 441.4120973244376
446.84 350.08282283295233
2157.19 486.768903948609
784.17 486.6611188812859
188.21 249.6025261739205
184.94 252.85447430740356
197.58 253.3718506811103
188.14 515.8624279196963
324.65 321.27043064117146
236.28 237.42634789319612
199.84 400.10692946338895
311.54 286.597413802151
251.49 317.52590919035913
417.28 434.6229428973265
389.63 467.0048617677528
339.76 348.5781557531756
341.32 284.8973648665907
108.88 181.92741882295516
247.75 185.63432484489329
505.78 358.8632403550191
368.94 340.0884083646998
769.33 248.956599320545
533.64 243.32940303257567
146.7 251.782276530258
388.47 447.6873817530558
568.34 407.7111644609897
156.34 195.57998441399914
401.69 354.2558369692163
174.91 166.12320689261102
174.86 300.270825462602
444.16 433.8071962874499
191.61 245.92089864747308
663.38 342.9416203038181
359.82 1310.8118537522812
608.46 962.3827029757526
542.84 335.0449686258335
283.22 230.14524972092596
402.12 399.8619570482367
468.32 605.2676815863085
184.29 219.62360567562126
190.46 207.95814158697553
446.01 405.8682535452348
229.14 432.06592560057936
525.52 492.84854447262103
501.63 381.38029447023496
805.22 457.92917099634286
165.45 245.72501335970472
237.17 193.6977123834254
286.16 279.9012553522364
235.64 222.212860554497
269.58 503.9290055820602
357.36 263.42830287135394
191.06 275.02972619790125
171.99 255.01237567034306
235.34 224.98308929477042
195.97 207.79505766393393
215.39 328.66048450460386
151.54 253.99994506503168
160.89 213.5554693031708
346.96 290.75663110442457
419.41 456.5068253342605
259.32 479.69228140758764
360.4 470.38936058071226
330.2 495.0456329889968
244.23 372.3859648676662
242.76 373.6234336643145
383.71 404.5509091674561
365.71 431.00002445189176
115.01 163.88972462331182
115.46 303.74999201656414
114.36 202.00615706528055
113.85 148.70948068708734
177.53 180.60291191575857
168.88 149.28409638514032
154.27 163.71993658254792
193.53 204.78839828354427
355.96 225.63377215833094
146.56 152.6243114961174
299.56 278.7384213194015
215.05 257.4391725521124
309.71 276.1101502442437
165.17 216.5045202223217
198.88 183.72572176601264
237.18 131.52947837092324
182.21 215.867055015225
195.53 278.35839422843986
244.23 206.71399168371633
250.53 298.7074426888348
181.69 265.3340594686837
168.56 202.84114529219278
351.87 245.47000091710575
287.74 203.48481649505317
161.09 154.83469779057694
339.86 289.9087309480781
189.04 251.5384376841993
273.38 213.0594365728353
431.85 350.16830502358766
226.59 247.33205999768035
173.26 256.23750454545046
442.93 448.5021873290107
245.72 188.31516371728918
261.52 267.17683902651504
146.19 223.12432839359295
263.74 255.44797098887182
251.21 159.30861441861748
246.41 201.2958914726159
253.37 227.1575524777015
332.77 291.10230885029296
185.69 198.16366871579334
207.13 158.18506911638727
281.9 156.6693389795372
215.18 285.3983415255278
306.53 224.2279166040148
312.41 314.61090016596887
294.55 189.88332973604776
262.63 272.82324180732013
272.37 235.65942619925886
135.0 377.3686773619646
138.64 163.4728478927394
245.86 389.080898454781
233.98 303.94238546127724
288.25 275.4336057312167
260.44 194.4956536653304
240.92 170.62070951040963
278.46 204.6038064827097
245.34 363.0002856617358
324.15 503.15236639321176
158.29 185.16878377321106
234.58 132.9348688924995
98.18 65.63554378817277
460.76 231.1922631265677
173.18 152.28271675024138
168.12 140.2391763175819
313.49 239.40542961503596
458.42 343.83590037512994
313.33 221.47147587712914
364.44 306.9520091023407
314.98 301.27773323719475
359.24 361.78497779210267
312.0 447.0376453820562
224.39 821.5464431908068
508.28 267.8157598004093
215.66 336.68760980249294
327.41 346.9941930799082
469.49 413.24019833481594
263.28 345.5757085069858
188.58 189.9683682712995
280.33 238.18921794082124
181.53 212.61430491225312
219.77 237.157504697247
222.88 274.9764836149259
215.25 223.43852999508482
237.69 312.3005698918608
201.45 191.09216628253253
183.24 173.74064550337647
185.46 412.2592962005754
240.43 187.74111121134166
205.65 404.8593677999444
235.1 171.1620231914509
176.42 219.80223846179797
325.33 158.21646798130686
439.52 341.4151465444318
247.73 230.68023851352638
452.13 304.8620276953045
276.22 356.61516701957913
226.66 308.1050319355598
190.94 269.8422140555867
397.67 440.99525886768805
254.17 282.907521889959
318.89 535.1426848820944
343.82 372.45823342677545
385.61 384.26645608097283
219.83 246.9887655700806
237.98 312.827545437089
379.91 294.66469582116275
214.22 256.16709157690997
180.53 176.91589588096022
191.78 188.3871667168498
352.72 215.57908159504206
335.62 305.69704857256255
198.79 198.48070291513983
192.36 159.5824857411721
198.21 701.0808934418436
323.07 241.50729242727547
332.45 263.97548423688306
329.86 216.07859771416315
211.64 160.06090532675785
287.93 236.97054200869326
331.75 276.75819829635356
309.12 333.5919878304776
333.23 295.6688135281595
138.23 108.082560788199
128.93 202.2203491469881
120.22 219.53590546297505
144.87 166.65828705104315
181.27 149.06721592638868
272.35 380.0516778618102
137.87 244.0643978172593
238.96 215.33669678342977
158.87 126.90161304888575
361.21 254.39035648158602
316.37 226.67990099819846
160.22 319.81648004186576
228.19 522.5246740609914
180.74 136.69749904843064
171.23 108.13386192401117
133.26 85.45130839124349
196.41 126.56461408908261
195.36 181.09884308472022
159.51 198.40776462725253
276.4 259.4157856837879
303.43 257.7341302325482
246.41 406.970288263109
314.73 459.14349238736816
305.09 377.2208883021159
98.66 98.17798233008031
141.94 132.2073589894152
121.91 122.70230456401856
100.51 129.52960683362733
207.5 208.18818191814265
306.87 356.20583998499467
220.16 238.865756065077
76.4 54.57595557917714
189.33 387.1218479055473
165.83 142.80898523406887
131.0 166.42563301232968
133.76 190.85223659062135
492.96 385.7302033406503
173.03 106.22009166789086
281.94 215.80360467032108
164.51 272.68280519688324
171.25 189.08656615629178
244.81 352.07200348974095
176.62 228.6798975885298
192.54 308.9178014586934
280.66 612.1633429684399
168.81 184.6414680016644
202.43 176.26231853942858
236.55 288.0295681760691
251.92 201.5093686732518
219.06 405.76441933973877
308.63 256.3506258623991
300.98 242.80652222784187
338.99 289.24507382100825
174.21 199.32759349732956
163.0 147.0801943514308
125.63 143.98717378668172
183.83 200.1758622275656
212.85 167.08590304151608
361.11 229.68802477016396
202.2 207.48129937645618
204.91 151.67368779690497
376.43 221.7532897013465
211.45 279.2298506486157
245.11 282.33998205940395
319.48 392.5170349135318
289.2 397.7778518100937
259.06 223.39455555899082
305.92 321.0749792383302
271.84 378.3598040406069
454.5 466.0642531255644
936.84 402.7357198190051
194.5 321.97938927184725
135.24 129.05242526408335
133.47 138.4458637360957
174.03 199.1747945936468
195.72 209.9892808336769
197.65 209.62256406451405
198.17 194.1749886489721
257.09 256.85515425962296
230.58 368.04137849023044
182.13 208.3995291511819
142.66 287.43203407772387
259.09 220.0672707946248
140.57 136.46241310734814
120.41 162.37288333787
759.6 185.1568565358129
157.51 151.39040055519288
283.98 227.72464105401565
290.81 245.28841774564012
241.5 217.1214085700506
551.32 283.57930522332146
568.57 298.18658208794824
295.5 354.6708329869667
347.82 401.9584628516155
298.45 313.14386329450025
282.17 346.30956278519477
135.52 150.2101880366362
163.62 169.5529229960114
284.52 594.2586284356661
183.4 276.44011056909756
224.77 252.21949942985893
171.0 385.9460283350546
277.11 185.5565273493038
258.69 309.4695493278742
276.04 264.82183310265435
286.19 297.74014446415197
287.73 346.16954097563575
129.46 130.73966361758548
122.47 123.95917211200634
294.6 212.9268586731987
168.05 192.21057095409378
163.53 173.69421359489073
373.83 414.6107311535607
288.73 230.2234875487266
244.67 324.83725830956547
170.43 213.17284013025272
1334.73 174.3422979512808
173.37 183.77312688170954
380.87 330.274234908223
285.93 250.26139523682193
226.22 263.3159029403569
222.77 202.52637999347422
368.07 172.09641140951086
361.22 245.31636298137047
337.86 296.84435892551807
485.79 317.5168686582553
273.75 273.70009474696786
484.93 329.14443430374575
496.65 335.6674331268846
176.75 151.2409236143152
196.14 167.05856678437127
229.77 225.65050335868227
222.09 238.64731635514005
251.23 224.90461984291935
265.16 340.9481591054864
191.95 340.52913358576143
245.72 244.25392260548455
148.41 205.63141379519405
164.3 203.56034354786195
342.74 385.34067209749253
384.19 299.6909752735756
159.54 170.43821492562319
209.38 211.34426070799546
173.39 184.04389882909825
393.55 209.92097596403667
202.73 235.07047665584767
378.54 205.91754268034762
184.7 303.8551629990597
214.33 262.5173802128497
291.38 227.01665845457836
343.69 263.69017856428906
350.16 257.83886920511463
159.31 155.7611819219224
197.05 185.4795060245254
211.95 311.30925361607024
213.08 273.22763021215314
193.39 203.58283779120515
275.35 234.99222008023486
230.16 286.8207360395417
259.89 275.22241192427117
385.18 345.6240217520366
228.18 256.49473345920893
270.53 216.5849136941972
170.93 133.85486965184123
182.95 454.7789028469707
168.2 173.6397039805828
179.98 178.0928883313314
251.85 325.1669757782116
145.03 169.8994492860122
245.22 182.88147220710235
189.77 194.36756383639843
216.26 294.52915019376235
296.8 222.7251271590176
173.43 185.9849995148814
229.12 282.08565022614727
306.5 173.39646265556527
229.47 135.77268080779837
195.2 214.3068414037812
216.02 287.688919277979
357.69 403.5821204097767
620.15 246.82542670660584
238.73 217.30765057171135
187.21 189.11845075383485
212.58 203.7352781084325
158.66 179.01304686720695
394.59 238.17736046479615
264.17 273.2278396605322
237.57 225.91942845395508
225.46 230.95112963692674
322.74 203.01850855196307
286.13 298.75151937601095
308.45 248.73907319267747
228.47 219.23887872875335
231.95 397.43944073607463
210.45 310.23300072398956
304.23 270.0246813069217
238.61 343.2816346351908
267.45 229.1210413567574
193.4 221.92975002888096
306.41 270.1523871818247
215.09 195.10559692423396
408.66 370.12949846617244
481.59 383.0901428912299
283.52 357.70559170576996
519.76 388.37420342117707
199.28 201.4185421502689
227.22 257.18415474887183
190.44 231.915022358922
374.05 305.47807826126314
304.73 342.93125120375186
391.01 326.081555015456
221.43 218.474103331779
280.41 309.5704345861687
183.11 266.49686547563175
231.56 280.8028193295401
191.06 199.5483121940223
218.76 173.43764647088483
203.83 267.09101408505256
435.84 175.50569631264324
214.0 227.12598189976515
193.65 187.81028695825506
175.64 176.92551220471543
143.0 191.3181395712416
323.14 229.86325325082802
195.2 166.9268222830786
191.4 222.69713814875635
214.35 230.2243072486717
319.12 210.50760387564122
588.96 278.94529179919914
335.62 278.9625815221957
423.31 368.10825496088955
213.6 302.0095847475977
192.25 190.93921015682372
320.4 187.7296786890359
365.67 232.88791295765571
347.86 275.8780536778697
232.4 193.4687203912007
235.31 228.90142358008995
168.85 203.0654590719023
425.04 205.24623748059582
331.46 244.9656559439222
261.3 189.93529025945514
295.44 310.361283320772
189.48 186.41679256442484
166.07 190.6936072638848
148.94 149.79033767375176
164.51 152.88433679890784
143.09 153.9003981289151
247.6 161.00601879135908
226.54 148.19822313914182
149.1 126.63039496004549
228.15 93.87245866410898
195.28 217.17671650033142
146.81 299.78164121844634
167.59 212.68375496608402
287.37 266.6749848328175
129.7 145.6383558589034
333.21 356.66480519783863
169.58 304.05911974302825
247.62 312.978034171427
141.05 230.995301051
145.08 176.90405914107197
154.18 125.0569023325383
144.38 167.95090439814055
154.71 531.0201817226837
177.65 154.97320893923884
168.43 179.52229608617597
166.2 405.60226149595076
151.37 214.87135807447743
151.49 332.84981331894295
137.95 251.26406148489482
123.24 110.56098041125686
273.27 309.1476326113327
247.67 264.134156169489
255.2 296.0656527215508
238.15 263.6621600758084
255.71 280.9085484558233
260.42 135.711891907576
344.1 122.36503770763551
167.14 174.03074311097913
765.76 160.33124640955577
206.84 140.33100456459297
140.02 154.8947535435194
128.34 180.2152303308916
108.34 102.49219350530274
109.34 108.65381633239056
118.44 141.54391436508124
124.88 119.90606040698964
220.08 8.095201507762159
92.05 147.11125061744
83.93 123.28185228106756
105.87 54.93093781531484
235.33 316.48916343820554
249.86 203.22433239150402
323.66 293.00972198051693
393.48 101.65344564168277
260.06 377.48534741544506
157.23 198.7055531309608
298.19 230.72377175256835
158.27 194.3793981046676
178.44 124.32681463780152
245.93 198.65504328764627
99.52 96.61069961231105
134.98 134.2495317208363
127.49 112.0217409696524
135.3 180.6169204706932
161.7 212.69380808060987
149.51 132.8346706225951
85.89 116.40079737901831
262.6 201.84886106602784
119.11 151.73924238014203
128.49 152.17388934120137
147.0 262.76775670095566
173.72 182.95255935635842
132.6 225.3261723971854
144.22 171.75059660718418
381.29 226.50876082611686
1596.55 1087.2941349971416
702.59 416.42597423927003
290.63 183.56821989724307
303.4 394.4036193327933
582.22 739.9835475798349
398.13 645.6241897512668
504.1 456.3169564030501
257.68 406.7895102332664
408.68 580.6639639216638
229.64 915.0939378433524
269.78 477.24790393831694
798.78 306.992615281479
1032.97 779.5833378311545
179.88 225.41161655263699
473.06 448.5371730019198
266.95 370.5674210739012
412.06 396.76271198586255
442.7 419.0552811179553
208.24 268.17675565278137
210.2 242.4656553247567
197.77 243.0203533818822
209.1 195.4762078217473
366.51 337.06586542485144
354.86 321.28096491280286
553.09 613.476587553117
526.05 453.55952982308406
306.55 415.3364658154928
444.59 437.5935892728743
256.38 568.2708981982246
271.98 389.30635191079745
322.71 295.39885051130057
500.32 925.2185840332809
568.35 821.8506253482839
396.78 589.7466298354933
770.58 548.9667889477373
267.66 312.18039093130426
323.36 292.16458781860433
366.73 329.2912112446739
304.61 385.4271179019905
383.35 535.5163377383183
226.69 215.77220646117402
264.33 248.7669316466796
259.9 217.2097268435012
145.07 96.94128043859364
129.63 34.69657193322242
307.23 79.33590287917008
184.72 85.72723414540867
498.24 421.3423413291277
495.48 348.9987798539154
592.96 181.74835033083218
195.65 276.0947119107899
235.59 234.48102126590945
191.07 180.13018481969033
188.85 215.68829500634962
244.09 242.6828493485048
488.78 421.4416030519057
166.12 255.27370899709922
154.97 171.58676040177076
178.65 199.34311598093348
206.88 185.809787281066
173.64 195.21442692936668
253.76 244.6823684186254
410.3 440.4052012692647
200.59 197.76443449924284
487.94 335.5507022332903
413.37 302.95823043259793
499.2 447.5428482893717
531.97 479.3705443777223
236.73 240.1138093404433
230.66 209.51473703926865
218.36 219.37371359068956
220.19 196.8746320942491
540.82 381.16336951588977
564.52 537.0723743911857
620.28 267.1418335956318
226.85 194.11427498663812
321.95 166.38958426276557
155.68 167.71329560976494
203.66 256.25709760996335
532.42 310.4469159519045
417.13 284.12327768088403
298.25 199.64429144367458
254.51 347.2154003198684
288.07 329.47337397497
262.67 274.14776842745385
1095.12 316.0757243988919
561.52 374.48463138397096
237.59 292.0604990111508
351.19 755.1014982208881
303.47 459.8593198351817
243.23 247.35407895068587
298.1 338.19875755919395
291.61 414.91069702193477
330.37 216.255148343282
323.01 287.81029618203047
434.14 226.85376856200148
317.84 273.67506620109833
276.39 255.81622411282143
261.84 223.57581522785455
276.81 297.43820811755455
464.44 338.8585067446708
219.8 240.96871214359837
490.1 539.7411696364229
404.33 481.61190698468613
464.22 480.1890843590983
191.78 221.8730876780751
176.53 195.11041086495192
440.71 422.14058569974304
340.72 461.37301788853676
190.49 182.81847503294105
211.37 196.36445669566442
221.77 227.63934887066523
228.26 202.12366008909746
303.25 407.633894679645
347.07 419.2089263454311
262.05 345.67752291628074
201.3 257.8089760551386
207.34 212.01224274672396
203.1 177.1278993105213
220.85 192.1306060773455
211.95 371.37376727539305
203.19 93.3858354690519
165.01 137.38026446345725
183.73 168.1146403822204
172.62 157.72149779083406
183.21 162.34731290222376
226.12 207.49410291246375
215.87 213.52712438971503
268.66 227.59916730693115
400.41 319.81939194697134
500.0 329.77947696241245
196.23 189.03784225394338
165.5 238.00181528320374
190.51 185.38949280571407
185.71 172.0867096868714
217.15 164.5350007642481
238.21 137.03506275820794
256.27 196.41732440815662
212.5 221.32604625720728
405.09 254.90321439058783
430.55 284.4246793219615
366.53 298.51369546674533
412.83 340.6120018452286
173.84 184.05664830096876
198.59 199.4387355742757
198.76 149.76022553083322
175.88 231.3761274405813
181.82 204.02743258214204
208.61 198.15850889730038
184.76 133.6676217416132
268.73 415.11129632339487
155.54 182.76951588889222
189.18 142.2949338890709
221.83 196.71760280064376
199.24 421.0103976406895
596.63 682.6625098594681
993.99 701.1997026869863
216.65 288.40668546206007
267.98 305.368295644219
332.44 276.68289142834215
228.45 401.2070787184868
664.51 450.8268492063584
517.51 618.2999626625542
211.83 329.4319014442862
256.88 291.46846087052927
526.7 526.894268257004
584.23 372.3491741942597
229.48 238.12155282557507
477.67 473.0289757992328
1083.74 474.5684110020817
319.34 304.42136988070587
204.04 188.0233001535973
263.56 331.07611091825135
254.03 227.67998016805976
224.62 159.09770067142182
358.0 237.00767725489106
214.84 217.19891840780164
372.73 397.108155588538
364.83 255.14358314323158
258.8 310.14308361295645
271.04 248.630918372117
394.74 319.7730058917416
568.94 540.534087276715
216.04 204.75278084662486
429.32 432.4765116702793
181.48 248.06622829141185
212.39 165.68927575257658
237.61 239.5866721387168
272.49 263.38672951516014
230.72 252.51830699642494
222.7 248.92198661287424
225.12 214.156850090957
220.57 242.8473773478157
345.62 378.0045864570983
455.22 357.62303843249794
394.46 372.15934131131957
218.68 195.87908557893334
266.12 248.80411097669773
180.24 245.77463791442875
162.37 213.57819620854633
