4.6 40.604729413986206
13.39 8.98608684539795
19.88 32.9663200378418
202.69 255.8154296875
45.97 19.678688049316406
18.41 42.40922832489014
22.88 49.94499206542969
39.19 53.586631774902344
51.11 80.44013214111328
54.3 64.97457599639893
42.52 32.59628963470459
47.99 65.91441535949707
187.35 220.24034452438354
131.43 96.56419277191162
88.58 141.07519149780273
112.38 101.3382339477539
110.68 149.11121368408203
255.79 297.75333404541016
219.94 233.0694580078125
96.11 75.00987911224365
149.73 165.7917022705078
61.27 96.72122955322266
73.93 96.52687501907349
54.1 72.19533967971802
125.12 155.30634021759033
64.92 127.3751573562622
97.74 112.03970718383789
59.52 43.27595329284668
73.62 103.88899993896484
67.38 83.84647369384766
64.59 38.28343963623047
83.41 213.28010272979736
46.25 22.196949005126953
86.88 146.31935691833496
87.71 101.48123550415039
81.87 102.9402666091919
64.14 92.33602523803711
245.06 209.41753387451172
239.66 364.61987495422363
124.7 160.694167137146
375.82 269.3396739959717
198.61 169.84052848815918
127.35 114.57186031341553
250.01 245.0031280517578
630.82 410.21797943115234
176.54 242.78748035430908
281.89 339.85631465911865
105.13 164.11215591430664
293.14 323.8469924926758
160.27 218.29717254638672
172.89 200.72872924804688
122.57 96.69745063781738
137.43 116.74651336669922
133.73 161.8588457107544
62.82 36.28469467163086
59.31 73.87330055236816
74.85 191.63510704040527
108.62 85.61264705657959
101.18 177.28448867797852
220.31 248.90307235717773
100.51 143.5971164703369
304.29 291.5311985015869
76.73 166.24105834960938
111.72 267.8828935623169
106.62 202.75209712982178
1038.84 473.1730041503906
455.51 359.9098434448242
170.95 255.2823486328125
210.91 137.10254955291748
141.23 119.5801010131836
105.3 146.39076137542725
206.5 183.6321144104004
297.39 225.31816864013672
149.06 262.3826742172241
245.62 307.52601623535156
118.59 141.56163787841797
211.7 306.91795349121094
140.23 151.9751558303833
157.42 184.3873414993286
143.83 162.92381286621094
286.14 216.79055786132812
128.63 124.41426944732666
119.17 137.43202781677246
120.66 136.74650859832764
207.04 143.02414321899414
151.33 240.58769989013672
111.06 141.61296844482422
397.97 224.43942260742188
114.26 134.97343254089355
177.36 191.32803440093994
142.42 171.01977157592773
41.34 27.228967666625977
88.06 58.93512725830078
80.0 51.366024017333984
184.28 129.69619941711426
89.25 103.61772537231445
89.79 103.2020115852356
132.61 224.2578525543213
130.38 122.86974334716797
162.79 169.86023712158203
135.56 142.7607536315918
145.85 96.39058685302734
158.08 172.64840698242188
163.19 156.17923736572266
160.86 126.9289321899414
268.86 198.0435562133789
147.26 100.88126754760742
221.79 159.03806495666504
319.27 265.04312896728516
150.36 168.47669219970703
91.16 104.64795684814453
133.82 118.37460517883301
100.97 175.36627006530762
116.88 187.57929515838623
202.95 213.2990207672119
148.06 227.26991271972656
114.3 133.26361274719238
115.86 120.21225357055664
144.63 217.4430637359619
351.7 267.67584228515625
118.42 147.13087463378906
131.27 160.39837646484375
202.91 223.05056762695312
329.01 189.86041831970215
361.72 323.477201461792
144.46 78.45398712158203
278.77 277.2824020385742
319.6 246.8341827392578
189.46 157.30559253692627
121.06 119.2430772781372
152.86 139.59141445159912
274.58 248.8323335647583
132.03 72.02345085144043
136.64 147.9236545562744
123.0 62.47836685180664
164.58 120.2029800415039
168.87 84.36437797546387
51.32 86.57603359222412
172.21 300.34337997436523
178.1 258.8892364501953
71.22 123.79764747619629
93.1 115.3826961517334
68.97 112.74595069885254
72.91 74.36774444580078
684.86 637.0154113769531
219.1 168.48823165893555
209.51 162.4398136138916
217.5 214.6069917678833
75.57 76.99109363555908
129.41 138.01849937438965
91.11 109.42307949066162
106.51 147.54772186279297
1726.54 520.6191940307617
242.98 446.0683403015137
433.23 606.7545547485352
227.23 249.46590900421143
350.56 270.3084497451782
328.66 386.0390377044678
458.61 578.7877731323242
201.52 293.6719150543213
500.67 412.7508716583252
372.99 322.8703565597534
199.97 235.7997341156006
81.43 37.63493490219116
206.33 240.65566635131836
221.25 293.74213218688965
163.53 73.1445140838623
168.44 217.90507125854492
163.27 217.69294548034668
351.3 352.3712921142578
168.9 291.9366207122803
182.17 150.1010684967041
148.41 157.08029174804688
626.16 258.11452293395996
122.51 103.42727279663086
126.4 164.43558883666992
215.93 150.0315170288086
172.3 125.9782886505127
183.52 139.83726501464844
139.35 144.50407028198242
163.89 123.07350635528564
160.79 174.27034378051758
142.13 161.8293285369873
147.7 127.89416313171387
176.79 137.78076171875
189.81 243.359619140625
173.12 273.516565322876
170.66 194.9153232574463
142.52 212.27715492248535
271.92 285.1755485534668
199.54 310.1321277618408
311.95 291.4800853729248
639.8 272.6224880218506
193.84 270.7047519683838
181.96 183.26603507995605
203.69 278.3660011291504
179.22 325.52707862854004
140.34 214.48517227172852
157.24 203.9795036315918
145.13 155.466796875
121.5 147.38326263427734
115.73 144.54366302490234
117.83 129.64549255371094
125.04 99.99602508544922
98.42 91.85646057128906
124.5 134.15112495422363
108.64 118.90590190887451
85.7 86.35115623474121
139.95 206.55211448669434
268.43 235.22936248779297
150.23 243.36762809753418
123.83 251.40011596679688
129.46 197.52361488342285
131.09 197.7651481628418
155.75 239.79432582855225
276.8 340.7405414581299
889.06 741.2293014526367
572.18 371.00924491882324
752.61 1065.463233947754
203.8 201.08603382110596
166.34 300.6928482055664
239.88 288.4270553588867
404.53 468.1820373535156
240.94 251.80277252197266
191.78 165.5504550933838
158.88 95.56775093078613
393.22 361.546875
397.51 285.52849674224854
913.86 578.5146026611328
543.41 590.4295616149902
389.73 569.7174310684204
506.3 460.631929397583
483.94 558.6514072418213
442.99 482.6959972381592
2771.25 660.5565738677979
198.38 104.02359008789062
478.31 511.83378982543945
375.64 443.98322105407715
610.35 438.19182777404785
150.67 236.4122714996338
116.71 435.5719814300537
199.41 172.84816646575928
183.41 243.48954391479492
191.11 264.10003662109375
213.12 427.0707359313965
463.4 323.134672164917
254.82 267.1287317276001
280.33 318.63036346435547
300.59 356.7047996520996
205.92 290.5000801086426
388.09 293.9757537841797
682.64 699.4173431396484
260.78 236.86771965026855
293.1 300.90509033203125
358.24 392.43701362609863
2267.51 482.93738174438477
263.94 350.8764953613281
204.96 249.80792045593262
213.13 224.53633880615234
160.48 316.5194568634033
202.48 222.88811874389648
263.25 267.75779724121094
208.86 266.7952651977539
322.08 355.1533622741699
208.72 329.46949195861816
201.88 347.7603120803833
227.97 343.53448486328125
215.57 349.6748924255371
366.82 496.878662109375
221.33 199.37844848632812
114.84 124.59496307373047
217.6 121.71964645385742
129.0 157.13281631469727
176.79 252.0596742630005
134.03 207.79805183410645
166.35 196.8233585357666
139.81 146.65319919586182
205.17 233.111834526062
200.55 244.44470405578613
221.11 180.56416511535645
256.41 323.5855140686035
136.54 257.0753421783447
352.44 336.0081424713135
164.29 208.52011108398438
153.12 153.5117483139038
417.35 468.47820568084717
171.32 347.36328506469727
195.78 169.86414241790771
189.18 205.71334648132324
181.88 299.3266725540161
411.77 390.9718322753906
145.77 189.26762008666992
174.63 213.59149646759033
245.05 225.6363525390625
446.84 435.95662689208984
2157.19 616.2674560546875
784.17 526.6989440917969
188.21 444.25585556030273
184.94 259.09356689453125
197.58 118.5186538696289
188.14 425.8933525085449
324.65 263.9651584625244
236.28 310.173641204834
199.84 352.63600158691406
311.54 285.75457763671875
251.49 433.16482162475586
417.28 530.022668838501
389.63 357.94927978515625
339.76 394.5799446105957
341.32 327.1513547897339
108.88 306.8326950073242
247.75 326.4441909790039
505.78 383.6902561187744
368.94 290.74333572387695
769.33 509.8024158477783
533.64 489.9594440460205
146.7 186.52416801452637
388.47 403.09712982177734
568.34 407.11246490478516
156.34 255.8909797668457
401.69 429.92252826690674
174.91 27.393447875976562
174.86 218.88270092010498
444.16 405.8136672973633
191.61 359.0154800415039
663.38 391.8889961242676
359.82 754.0348281860352
608.46 705.6067237854004
542.84 410.0254592895508
283.22 322.143741607666
402.12 553.2725944519043
468.32 450.68358993530273
184.29 240.8660068511963
190.46 318.90642070770264
446.01 424.3775911331177
229.14 400.8799362182617
525.52 442.63875579833984
501.63 360.0850372314453
805.22 321.36244201660156
165.45 249.7657928466797
237.17 255.12609100341797
286.16 335.7605667114258
235.64 226.4674530029297
269.58 352.5073471069336
357.36 466.19080352783203
191.06 223.67583465576172
171.99 214.36069869995117
235.34 328.6158332824707
195.97 238.42126655578613
215.39 187.69211196899414
151.54 198.03050994873047
160.89 179.43896865844727
346.96 264.1570158004761
419.41 441.47071838378906
259.32 380.9630317687988
360.4 331.0843200683594
330.2 475.5604705810547
244.23 309.1715621948242
242.76 267.4726371765137
383.71 425.4860534667969
365.71 347.7106018066406
115.01 190.3117847442627
115.46 175.95594024658203
114.36 142.95477294921875
113.85 88.68057632446289
177.53 159.35694313049316
168.88 162.4418544769287
154.27 175.52251434326172
193.53 211.6033115386963
355.96 248.21385383605957
146.56 212.75750541687012
299.56 285.74466133117676
215.05 372.27038955688477
309.71 296.0222511291504
165.17 129.7745590209961
198.88 178.9740571975708
237.18 105.16625785827637
182.21 181.3860378265381
195.53 272.191442489624
244.23 202.47852516174316
250.53 241.43102359771729
181.69 197.79953384399414
168.56 186.14661693572998
351.87 354.42525482177734
287.74 254.70739364624023
161.09 193.1033420562744
339.86 279.81629276275635
189.04 205.8832654953003
273.38 209.2316665649414
431.85 308.01580810546875
226.59 307.59093856811523
173.26 384.3300304412842
442.93 606.7041435241699
245.72 267.0238952636719
261.52 205.84049224853516
146.19 266.770544052124
263.74 282.1610412597656
251.21 225.29644203186035
246.41 169.23555278778076
253.37 171.66323947906494
332.77 290.7697992324829
185.69 191.1317481994629
207.13 114.2454891204834
281.9 199.99684524536133
215.18 305.42308044433594
306.53 181.0656909942627
312.41 202.9890546798706
294.55 255.38487911224365
262.63 366.78462409973145
272.37 392.8362293243408
135.0 169.7196159362793
138.64 125.92968940734863
245.86 281.38257598876953
233.98 201.97895050048828
288.25 303.4488887786865
260.44 175.79724884033203
240.92 227.0286684036255
278.46 156.9816436767578
245.34 232.56305313110352
324.15 192.81928634643555
158.29 241.4641990661621
234.58 267.2640495300293
98.18 50.56327247619629
460.76 351.9109630584717
173.18 192.54375457763672
168.12 161.3761920928955
313.49 195.4601058959961
458.42 431.4815912246704
313.33 184.22169399261475
364.44 337.7308931350708
314.98 352.3458080291748
359.24 358.2426595687866
312.0 218.42825317382812
224.39 376.6553497314453
508.28 315.795298576355
215.66 286.7891778945923
327.41 314.9497718811035
469.49 330.44227600097656
263.28 202.2317705154419
188.58 224.8698387145996
280.33 255.3894443511963
181.53 165.22522735595703
219.77 256.49840354919434
222.88 266.7399444580078
215.25 224.0101661682129
237.69 235.20947647094727
201.45 130.01785278320312
183.24 198.48754119873047
185.46 294.85421562194824
240.43 277.2014846801758
205.65 340.4203681945801
235.1 223.94659423828125
176.42 192.7951316833496
325.33 257.839937210083
439.52 536.7094316482544
247.73 230.6935043334961
452.13 370.95118713378906
276.22 251.191650390625
226.66 321.8275260925293
190.94 318.4452266693115
397.67 538.8185234069824
254.17 267.91942977905273
318.89 324.4745559692383
343.82 336.53355503082275
385.61 329.40457820892334
219.83 288.34265327453613
237.98 314.71362590789795
379.91 288.6676082611084
214.22 327.64294624328613
180.53 174.9217929840088
191.78 179.9658908843994
352.72 384.8606700897217
335.62 464.2999076843262
198.79 179.86790657043457
192.36 240.8863639831543
198.21 225.67398262023926
323.07 288.26973152160645
332.45 253.8962574005127
329.86 191.11585426330566
211.64 225.65223693847656
287.93 267.1993103027344
331.75 399.2469320297241
309.12 285.2042627334595
333.23 350.2426128387451
138.23 199.85089874267578
128.93 45.317678451538086
120.22 44.77480506896973
144.87 143.56698989868164
181.27 167.769193649292
272.35 267.2116184234619
137.87 290.6810493469238
238.96 284.4114246368408
158.87 137.38123512268066
361.21 445.91075134277344
316.37 294.3765678405762
160.22 282.2888345718384
228.19 475.0617141723633
180.74 103.5802230834961
171.23 116.22239685058594
133.26 123.75533294677734
196.41 188.5237216949463
195.36 206.60971450805664
159.51 134.7335910797119
276.4 246.52938079833984
303.43 237.42929649353027
246.41 224.58905410766602
314.73 268.25206661224365
305.09 335.9208526611328
98.66 106.15326404571533
141.94 209.9332571029663
121.91 147.3308801651001
100.51 206.61749267578125
207.5 232.2889347076416
306.87 237.08046340942383
220.16 285.9144515991211
76.4 95.65854454040527
189.33 256.31890296936035
165.83 152.36884307861328
131.0 201.91383361816406
133.76 209.61523056030273
492.96 306.5429992675781
173.03 129.82251358032227
281.94 182.7735071182251
164.51 206.22718334197998
171.25 144.55969333648682
244.81 211.8634910583496
176.62 278.2890815734863
192.54 266.77591609954834
280.66 358.3344497680664
168.81 222.78514766693115
202.43 138.8267698287964
236.55 226.66449737548828
251.92 303.5158624649048
219.06 340.5096092224121
308.63 305.52782821655273
300.98 237.93614768981934
338.99 511.2612085342407
174.21 125.58906078338623
163.0 99.01163578033447
125.63 139.47222232818604
183.83 238.98955535888672
212.85 158.7074489593506
361.11 223.24307823181152
202.2 295.06868076324463
204.91 201.60124969482422
376.43 240.44431400299072
211.45 309.81659030914307
245.11 288.9975070953369
319.48 287.4182825088501
289.2 262.9042139053345
259.06 259.7357482910156
305.92 323.4166259765625
271.84 406.99780654907227
454.5 375.0065002441406
936.84 375.7681198120117
194.5 311.9787826538086
135.24 190.27745819091797
133.47 175.37457942962646
174.03 123.00708961486816
195.72 221.11326599121094
197.65 201.9151268005371
198.17 181.17296981811523
257.09 291.029016494751
230.58 243.87374782562256
182.13 214.40548038482666
142.66 267.53798961639404
259.09 264.53208923339844
140.57 148.7144947052002
120.41 180.4734468460083
759.6 337.8481273651123
157.51 186.25726890563965
283.98 288.3591709136963
290.81 296.7962980270386
241.5 232.9872922897339
551.32 310.1649513244629
568.57 406.00339126586914
295.5 377.5630874633789
347.82 420.80818939208984
298.45 396.4622116088867
282.17 453.00006103515625
135.52 147.3344087600708
163.62 135.3730926513672
284.52 256.1004810333252
183.4 268.70445442199707
224.77 207.45777797698975
171.0 216.41518020629883
277.11 218.95415496826172
258.69 180.00909805297852
276.04 201.64710903167725
286.19 374.63148498535156
287.73 320.8911361694336
129.46 135.47211456298828
122.47 107.4818115234375
294.6 268.4078426361084
168.05 156.7836627960205
163.53 127.27581405639648
373.83 405.9506092071533
288.73 306.857439994812
244.67 325.38219833374023
170.43 283.1102600097656
1334.73 262.45331954956055
173.37 250.3996410369873
380.87 340.4747619628906
285.93 344.16675567626953
226.22 245.05861282348633
222.77 223.85628509521484
368.07 276.5674819946289
361.22 273.07220458984375
337.86 366.5340042114258
485.79 276.1182689666748
273.75 165.72091484069824
484.93 384.1576843261719
496.65 359.4864921569824
176.75 106.97815418243408
196.14 128.5693645477295
229.77 181.83853149414062
222.09 202.28993797302246
251.23 197.39372634887695
265.16 320.6148290634155
191.95 239.44058418273926
245.72 246.02231216430664
148.41 210.7673053741455
164.3 236.67303276062012
342.74 313.9156322479248
384.19 387.33779525756836
159.54 185.9475975036621
209.38 257.19054222106934
173.39 168.4172306060791
393.55 147.06478118896484
202.73 226.5824089050293
378.54 250.52703380584717
184.7 327.0466718673706
214.33 302.14126682281494
291.38 257.8013391494751
343.69 386.6299238204956
350.16 278.4899253845215
159.31 161.34507656097412
197.05 203.94451713562012
211.95 275.9341106414795
213.08 341.15350341796875
193.39 290.4659070968628
275.35 259.1045093536377
230.16 228.3353614807129
259.89 225.93976593017578
385.18 404.2273693084717
228.18 272.9520435333252
270.53 154.8086986541748
170.93 319.313045501709
182.95 238.6030673980713
168.2 264.8154487609863
179.98 252.3720932006836
251.85 333.0933322906494
145.03 228.88604545593262
245.22 239.75896072387695
189.77 260.5084571838379
216.26 215.52212047576904
296.8 95.4111099243164
173.43 129.3623914718628
229.12 234.13047981262207
306.5 214.54540157318115
229.47 177.45941543579102
195.2 152.5453872680664
216.02 290.6936845779419
357.69 396.70587158203125
620.15 342.61742305755615
238.73 175.95233917236328
187.21 196.64583206176758
212.58 229.08592224121094
158.66 197.02746868133545
394.59 347.2540645599365
264.17 210.7887783050537
237.57 219.77862167358398
225.46 241.89683151245117
322.74 305.40073013305664
286.13 197.43023872375488
308.45 211.49039268493652
228.47 225.6610507965088
231.95 338.43570041656494
210.45 357.66762828826904
304.23 322.272047996521
238.61 349.3336400985718
267.45 251.39806270599365
193.4 317.358660697937
306.41 262.56257343292236
215.09 126.93234634399414
408.66 401.62041664123535
481.59 392.2023868560791
283.52 407.848840713501
519.76 404.97432804107666
199.28 179.11151885986328
227.22 122.93612480163574
190.44 164.23162078857422
374.05 264.3999671936035
304.73 227.33295249938965
391.01 265.2185916900635
221.43 212.4981575012207
280.41 331.4147672653198
183.11 291.7633066177368
231.56 303.75332164764404
191.06 63.07482719421387
218.76 183.41912269592285
203.83 124.69107818603516
435.84 228.125018119812
214.0 203.85220336914062
193.65 191.56653785705566
175.64 217.80409812927246
143.0 153.96311283111572
323.14 268.82487869262695
195.2 242.17097854614258
191.4 164.12868690490723
214.35 276.00880908966064
319.12 244.94264888763428
588.96 426.95982456207275
335.62 321.10532569885254
423.31 472.7360429763794
213.6 283.18848609924316
192.25 147.54273986816406
320.4 325.0214729309082
365.67 379.66643714904785
347.86 313.5484809875488
232.4 263.4118900299072
235.31 348.20457649230957
168.85 68.85602760314941
425.04 267.3254928588867
331.46 227.16466522216797
261.3 209.23861122131348
295.44 449.25364208221436
189.48 147.87338829040527
166.07 183.1627368927002
148.94 176.80017948150635
164.51 133.96780490875244
143.09 184.7104549407959
247.6 124.8448371887207
226.54 355.4724998474121
149.1 72.33455657958984
228.15 181.10834884643555
195.28 274.4682426452637
146.81 163.64768600463867
167.59 208.3279209136963
287.37 278.2303695678711
129.7 114.79470729827881
333.21 287.75210189819336
169.58 201.36593055725098
247.62 296.44774627685547
141.05 181.0812759399414
145.08 120.1197738647461
154.18 166.94303703308105
144.38 88.29889869689941
154.71 189.7877311706543
177.65 145.3052158355713
168.43 222.34969520568848
166.2 199.6050510406494
151.37 214.27470779418945
151.49 179.09582328796387
137.95 249.60167121887207
123.24 200.95189476013184
273.27 284.5755214691162
247.67 339.506254196167
255.2 291.63369369506836
238.15 212.72922706604004
255.71 277.35426902770996
260.42 266.6223659515381
344.1 267.77144050598145
167.14 186.4697666168213
765.76 693.7005882263184
206.84 202.03426933288574
140.02 156.52663230895996
128.34 81.74593544006348
108.34 83.74661636352539
109.34 115.78772735595703
118.44 337.6778841018677
124.88 111.0994815826416
220.08 740.920102596283
92.05 287.3790740966797
83.93 171.05329036712646
105.87 113.61544132232666
235.33 453.2655596733093
249.86 351.9282703399658
323.66 282.89997577667236
393.48 309.18304920196533
260.06 349.257568359375
157.23 216.45101165771484
298.19 297.5802183151245
158.27 315.5114440917969
178.44 213.21799659729004
245.93 290.96047019958496
99.52 111.69254779815674
134.98 116.11273288726807
127.49 140.43501615524292
135.3 68.72503757476807
161.7 218.2998161315918
149.51 79.2506456375122
85.89 1.9157524108886719
262.6 125.38961791992188
119.11 47.577444076538086
128.49 192.93254852294922
147.0 277.9465103149414
173.72 261.77979850769043
132.6 205.6099090576172
144.22 241.25829696655273
381.29 550.2039184570312
1596.55 910.371844291687
702.59 468.36162281036377
290.63 239.89820098876953
303.4 392.1975803375244
582.22 584.9592056274414
398.13 658.74755859375
504.1 677.008466720581
257.68 290.87416648864746
408.68 1024.266300201416
229.64 855.3106107711792
269.78 481.4578113555908
798.78 734.1464538574219
1032.97 707.9224586486816
179.88 191.0291919708252
473.06 378.95753955841064
266.95 317.9659080505371
412.06 423.79211616516113
442.7 549.7001113891602
208.24 173.80134296417236
210.2 170.57761192321777
197.77 161.35022354125977
209.1 164.1677074432373
366.51 249.78796005249023
354.86 325.561466217041
553.09 510.45707416534424
526.05 406.5597896575928
306.55 475.0074405670166
444.59 440.67644596099854
256.38 480.4518699645996
271.98 395.5468940734863
322.71 313.8435745239258
500.32 684.3488521575928
568.35 697.478536605835
396.78 456.54182624816895
770.58 634.2524328231812
267.66 295.70823669433594
323.36 282.654390335083
366.73 279.54586029052734
304.61 446.823205947876
383.35 400.5197525024414
226.69 156.4127540588379
264.33 230.58528900146484
259.9 262.2225856781006
145.07 156.76844120025635
129.63 163.5295271873474
307.23 198.1187400817871
184.72 142.64815139770508
498.24 454.6938180923462
495.48 406.14209938049316
592.96 389.1198492050171
195.65 186.5845069885254
235.59 232.13507461547852
191.07 188.67158126831055
188.85 239.93237018585205
244.09 228.66868495941162
488.78 424.27749824523926
166.12 337.41351318359375
154.97 90.2911024093628
178.65 166.83310794830322
206.88 71.7927942276001
173.64 129.3414945602417
253.76 284.19416999816895
410.3 401.8334846496582
200.59 163.95021629333496
487.94 389.83236503601074
413.37 367.0639123916626
499.2 416.5667953491211
531.97 429.71635341644287
236.73 258.83333015441895
230.66 166.4890604019165
218.36 244.98419952392578
220.19 223.08396911621094
540.82 573.7127799987793
564.52 503.3118848800659
620.28 395.9494695663452
226.85 255.2009735107422
321.95 288.36033964157104
155.68 200.11058139801025
203.66 275.81191062927246
532.42 404.43986892700195
417.13 369.3983459472656
298.25 270.0684928894043
254.51 424.4651699066162
288.07 372.44067192077637
262.67 309.70959663391113
1095.12 562.0212936401367
561.52 427.9277801513672
237.59 429.6196746826172
351.19 534.8638916015625
303.47 480.3800582885742
243.23 395.1785087585449
298.1 404.7300910949707
291.61 388.82068634033203
330.37 268.6428451538086
323.01 531.9138336181641
434.14 310.8701705932617
317.84 278.7860298156738
276.39 375.09727478027344
261.84 282.68717765808105
276.81 292.66688346862793
464.44 330.575008392334
219.8 286.20203590393066
490.1 462.38029384613037
404.33 388.92462158203125
464.22 418.7353734970093
191.78 204.89306354522705
176.53 207.68706703186035
440.71 529.2632474899292
340.72 364.4776096343994
190.49 165.65764904022217
211.37 216.63993644714355
221.77 269.27816009521484
228.26 268.0830373764038
303.25 330.34438705444336
347.07 320.71000480651855
262.05 286.9228210449219
201.3 217.51086902618408
207.34 214.6792802810669
203.1 168.96130752563477
220.85 199.22454833984375
211.95 223.3971290588379
203.19 141.6667938232422
165.01 175.13444900512695
183.73 169.97326278686523
172.62 170.4803237915039
183.21 198.3941879272461
226.12 264.17734146118164
215.87 259.46329498291016
268.66 306.56146240234375
400.41 285.7903861999512
500.0 295.63677978515625
196.23 140.5732307434082
165.5 236.26273250579834
190.51 151.51654815673828
185.71 110.72736072540283
217.15 294.0293998718262
238.21 207.96107482910156
256.27 261.1348686218262
212.5 206.48347091674805
405.09 326.5516128540039
430.55 332.6446762084961
366.53 317.62588119506836
412.83 342.03557205200195
173.84 145.30319213867188
198.59 252.19459533691406
198.76 183.54342651367188
175.88 158.5034408569336
181.82 167.42396545410156
208.61 270.5437889099121
184.76 232.65480422973633
268.73 298.75376987457275
155.54 213.8728427886963
189.18 188.51953506469727
221.83 196.0772876739502
199.24 385.0173568725586
596.63 485.0089645385742
993.99 461.125545501709
216.65 351.82093620300293
267.98 415.15809059143066
332.44 359.9678134918213
228.45 428.22486877441406
664.51 372.8444480895996
517.51 485.0178909301758
211.83 435.46051025390625
256.88 349.10473823547363
526.7 372.762451171875
584.23 476.299352645874
229.48 308.1929397583008
477.67 414.72707748413086
1083.74 434.0336036682129
319.34 283.866548538208
204.04 216.1581802368164
263.56 446.3444137573242
254.03 369.83181953430176
224.62 184.8750400543213
358.0 291.8425941467285
214.84 289.4746971130371
372.73 400.05377769470215
364.83 283.9366149902344
258.8 426.2882423400879
271.04 323.5595226287842
394.74 321.5797805786133
568.94 497.26673126220703
216.04 215.63146591186523
429.32 320.17805099487305
181.48 183.0081548690796
212.39 266.982666015625
237.61 230.91033172607422
272.49 298.6311683654785
230.72 302.5971736907959
222.7 245.88508415222168
225.12 330.51522159576416
220.57 263.49542331695557
345.62 436.77427864074707
455.22 459.17016983032227
394.46 410.25573539733887
218.68 239.73036670684814
266.12 242.36675548553467
180.24 245.43967533111572
162.37 174.418194770813
