2368.46 1653.8574560608865
1769.24 1636.4314336525786
4496.01 4530.10374464573
4068.51 2387.6712030492326
6261.73 5722.289041686316
3229.06 3163.4609934992623
4791.44 4389.689749686161
3974.27 2680.7396509423193
2561.39 1311.77682392806
3868.84 4278.235935922917
2899.86 3511.5448061643883
6847.0 2549.819276836959
10967.52 4982.875796518974
2976.71 2884.8287347045225
5769.55 3570.5234266512093
3655.05 3350.5339184559652
2527.59 531.0141488487569
3780.22 740.1877269341776
12483.96 13646.779101942908
17217.59 9300.948656453513
17975.1 10281.855687551626
15924.41 13055.312008258736
18057.44 13251.776590935406
12798.57 12182.511852258367
7674.76 8674.481451199608
11488.19 7620.733827714091
20701.02 13681.279095421549
8122.12 3700.3961567749734
11205.19 7443.006901120936
12157.76 14059.653024344148
9130.63 11812.263522836123
9357.9 14136.206258003132
17130.07 14157.297848979313
10547.49 11596.612818649763
12418.38 11318.596276403796
7970.38 7866.815351590838
7711.97 9488.100930376533
9963.68 9983.410621527484
5557.81 7811.44242920258
11731.66 11203.462607267335
12905.55 6330.089100642793
21465.37 22204.066081814944
11008.8 16863.015914850213
5644.78 11006.037361584238
21525.72 17746.104476318815
15331.72 14310.880890569168
4002.07 7849.360673896365
9114.73 12893.344508897926
6776.88 7751.520376423778
12887.7 12157.36361922177
19514.45 8904.93772760026
5545.5 3593.3554262438374
11784.94 6135.59758627045
42455.04 15134.571086668824
6832.29 5660.012412644094
21948.23 16238.722890892837
19475.56 13628.582092379515
5895.33 3356.6136874471404
13199.74 6886.082577711283
9881.52 8457.959879213504
18020.5 9150.249564943095
6076.3 9701.200970584014
12267.3 14156.151795951915
11066.11 13614.862815025988
14089.1 12159.708152373361
12604.62 16849.34676650028
9700.4 8028.077909667655
6962.88 14963.63904895414
15308.46 7709.234032941716
18755.77 31779.692800927784
13972.83 20464.163767139107
5469.39 0.005696207934946647
43825.6 26412.838854129095
21200.02 15790.170729394758
15354.57 23771.272523262192
27252.02 20647.92950969039
25851.55 23975.617766884323
23731.0 15793.13509508597
25164.73 16688.041576383835
25875.44 19584.426539523705
23095.17 12836.61783110756
31445.93 8419.187496587108
11983.27 20127.960522035995
35787.97 33253.85520916238
13795.41 24176.371804630657
21256.55 21448.968915585323
15542.31 23158.55128158005
26152.41 36225.91343719998
36030.25 28986.212318262773
16088.22 16389.691626446267
22152.88 23172.100537124687
19395.1 8889.813440836748
32036.87 8759.287839548851
23893.51 9328.053494245696
45844.26 36366.57757009399
19400.28 31209.8182947215
10443.75 6523.599048878524
19060.22 18223.206989881404
38856.53 34266.04044013747
17810.04 28492.515527730775
37470.86 27835.24153293706
46791.3 42352.079387201826
46075.19 46735.62550357082
21681.48 16103.839732574303
27349.47 21068.87773377963
24216.16 25231.180224875945
14148.23 17674.284808810175
53775.81 33037.823022779114
31421.75 18861.688455719945
22595.6 19294.357034112447
38261.47 27562.21871096624
31408.38 40867.654761337326
23381.62 19495.389949771554
21385.64 29015.082574309887
21102.49 38306.45762263277
40563.44 25814.682902933982
45307.82 34859.55974590277
45361.49 29183.668075372527
51134.25 31487.63717394439
11112.72 6494.3952221651425
25139.16 22090.395990936642
15323.59 6679.510705942973
18221.93 16114.532838934054
26546.6 23723.96575786803
20433.59 24388.65126546136
46600.5 28788.36491051702
46179.6 36573.912746241505
17106.71 10437.967552784976
51072.86 38054.409349244364
31353.72 24748.477226316296
36513.62 23533.975821149157
36205.74 27623.326877369913
25445.71 16703.890554183898
19963.25 17865.345350701515
18407.87 7167.980194231312
26806.74 23686.136837612496
44500.13 18096.602467258046
23551.15 16778.53787956169
15038.13 22820.752495616718
48079.66 35959.425240563905
12435.6 9183.767431884313
29723.72 49208.59125535844
9114.96 9304.667026287185
19652.45 31393.076861961974
20892.03 31233.817095266975
36924.23 27633.073158342308
34702.13 41359.92140966654
29102.02 45092.041300038254
47936.97 36029.13131547718
14349.48 7763.4309088930395
19445.64 5710.470412133166
49205.92 34112.949299356726
27585.4 38051.46157954162
22068.9 28275.16686896866
38816.6 29506.18063595161
43965.78 40967.64404112133
17125.03 26246.31663470215
48978.46 23841.7026840979
26276.64 25238.086003372307
40121.56 29299.625170901687
24851.04 28167.74515163567
33258.79 18804.990193101825
44362.93 31663.746215650743
53200.81 38172.05446955388
30031.59 36559.19064061453
51263.64 34737.700278609154
20570.35 26549.983031985263
28410.04 20157.532090002143
29353.54 37454.33232883203
27461.11 19781.70753494968
31206.39 25082.004041173066
28087.64 23935.207557329406
28599.32 24961.19431927597
22278.15 14109.596975532175
19929.08 14279.58877574815
21516.95 25402.236254327574
24746.94 27435.83811700956
14082.28 18142.745861037525
45240.31 29677.58227217626
45309.2 39887.75004514228
34848.18 19336.773055681635
13387.01 22456.022839879588
19345.72 29957.587917339682
15593.95 15333.913487339736
40492.12 27703.17001990367
13749.25 22385.25888162165
11710.63 15876.659708840223
19534.85 25522.126957971657
28139.7 25233.85862502741
12097.58 24840.457050815585
25427.58 23002.840768987255
20577.09 23402.548995829005
23417.18 19880.65891000461
36388.18 19965.14269275539
42063.12 46582.34761609949
24686.02 19656.971778914005
49996.24 41617.54893977499
22094.46 31085.368077396262
21992.91 25500.790281398837
19769.41 13703.459117981285
31224.97 31013.851653132388
37733.1 30802.144540067555
21969.28 27837.575263747916
24077.4 17901.556863293255
18201.6 24542.869651434918
34410.69 18515.025089113966
19584.87 28256.90211748982
19636.66 22445.935954297838
28101.05 30628.21350836882
26750.91 15747.00276443918
52422.2 17735.547624654624
9401.07 14045.402153792375
35355.75 25020.075603432044
23524.43 26852.63680218871
15351.92 16879.12871243984
18776.85 16243.028570570237
36666.16 17090.955237442056
33724.66 16368.078989676742
18284.84 26619.394757064263
38313.84 26841.796278759288
19759.13 30056.37963787615
25990.94 17614.620099006814
25088.55 24647.9159229578
28642.78 17192.103866890888
19582.19 22693.388160896888
24824.76 18810.84020429452
58958.24 33408.42346444882
19144.82 26788.167910210297
26284.09 20048.315102611734
28709.06 32498.767799739326
13895.44 13814.430635486138
12141.68 15447.142729309204
25872.75 24394.80740087101
23325.99 23091.94479989386
13383.54 17430.348945532445
25154.49 27271.383461346893
23878.76 27185.813353158257
16116.16 26007.310981072445
22111.99 26633.37520680586
17703.68 17764.357065261094
16942.33 27270.328886641488
34139.76 30507.3509884703
34595.32 35252.70123498427
34083.67 25041.885877388304
47676.33 37116.1505035003
41004.44 28090.609585216123
40487.51 29541.18392343218
24717.02 30875.84826129547
16555.46 23497.10770060479
21820.65 34680.95106079572
16246.13 20436.794368576157
22985.83 20838.650626282637
50828.6 24787.339442033943
16849.03 22260.780046155363
14599.34 22249.869540904678
14338.38 21931.102322179013
21715.63 14584.780880647355
52497.39 21534.44042844879
49544.68 31270.474823909284
15271.41 19586.975597232915
32153.88 29718.738539031165
13092.33 24277.611355639066
18567.18 27268.720165855862
16077.83 17088.632239472772
24380.7 29544.072387424374
56652.08 42780.87342773138
12767.35 5700.566467809857
67212.85 25557.482460848954
17551.04 17957.821330707015
55394.06 22449.99008663021
10368.52 23532.23385127694
25226.52 18872.262583283704
50057.77 26860.043630204542
11883.06 13669.15003169986
49490.65 51031.63181524772
19869.21 26876.259248959355
29809.26 24129.458323189778
25075.21 47167.1309449923
14266.41 18778.497282996705
25878.38 36026.376318143986
32473.91 35979.685366563215
13192.11 13393.110150500625
28256.61 29236.70012497398
31613.58 23378.055555188188
18860.58 21248.78977544409
17144.03 26771.017252149966
14230.04 14141.571558164562
21717.01 20522.486284904127
37363.87 20365.176578130544
16721.41 17557.87762755232
22934.19 16246.603758151865
12051.41 9616.050723620268
35224.18 27500.63938365016
21240.51 22037.347532101398
25180.02 28239.921502568563
36225.16 6286.936138452531
54487.47 36555.28629250696
29676.92 22113.760873659605
39766.82 18263.334729909668
28926.65 25028.328280558377
40863.53 19660.7663931539
39506.96 41593.39789043199
61614.18 39848.673911029386
41271.74 39169.83251564454
18713.67 17642.449458958836
37273.47 31100.19755810127
50711.62 30459.97933469648
30091.87 25939.70349800197
29888.78 6731.313482673324
18737.25 27544.96959664375
49410.23 35559.301752401734
31293.2 11124.157059582296
15408.35 24290.014686287177
17581.89 23515.738747419367
18819.78 15454.55158321402
23143.56 30782.7437668432
17685.96 17361.2691274281
14838.18 19919.334249724205
23453.86 7864.193944217944
12439.72 18262.705521334206
17406.99 23041.85643614587
21161.66 16374.944235421945
54240.32 26816.364776172137
31879.09 29694.074448019568
33270.57 26031.377611175838
20593.14 23118.451148545322
35283.13 26338.127681366404
24388.84 40634.20118725849
79274.09 32549.55505628846
66018.6 33195.51456536139
17979.86 42958.82211722395
31053.41 20376.9606793739
28448.85 33046.287593831425
19455.02 32823.96149417559
23888.48 35247.71057623814
24433.74 35272.06002782401
24226.73 38022.5537927436
66935.85 37553.42158863415
19989.22 22571.33531092554
43948.5 69336.91125961835
41737.01 24302.600102320153
28301.05 35259.91612230949
24661.7 27526.15673023546
31325.41 25616.853269486226
42629.19 23615.845114377902
20943.58 25341.61076698828
28940.23 44443.24465773632
22171.35 20708.2769799423
17451.96 18817.353546990034
15856.91 5310.515782059875
28100.72 19233.994745661585
30334.34 28025.858315848578
22818.78 18121.105543809692
28139.66 38898.278422808915
24724.78 29524.3002827643
31458.18 21759.530172788815
30995.65 20729.550084255916
18412.79 31545.368198707733
15565.5 18745.980147936705
39851.13 26479.64627454905
37485.96 53629.70117691421
28376.39 29913.369680290944
14219.15 23772.119740624967
19131.4 24593.561048327087
20225.7 26177.991335929073
15874.54 15919.029447720437
51736.94 36883.74999045924
36907.62 42466.71377184005
19438.65 17163.79975962031
22310.78 24261.604909394093
27317.85 31040.48921113688
23696.19 41410.067529558626
54976.03 34029.83366737065
23871.78 8406.308967505378
18569.11 19178.16034945848
27664.91 30192.20864307399
28230.98 31443.298491707064
41056.81 18050.471733249917
40328.16 20844.12840512311
34445.74 19846.04788208109
19304.32 15698.906679947217
38222.3 26629.386772179725
29725.14 38258.64991349543
18874.55 15714.224117974496
34387.48 40135.14429850382
19177.19 9875.233609289353
23383.24 33140.81582556821
29389.44 48140.083090257045
44236.41 37394.02832600833
42641.07 40836.26074991208
33675.92 38983.6886719877
26153.73 35434.843618378974
30901.93 29706.8444460895
45039.05 45120.6731165991
31347.79 30283.04997259794
40639.88 38104.52828458473
28650.42 30507.763039995436
24136.44 28740.203075955575
42084.01 31795.533813501665
30665.39 31795.533813501665
33006.65 26302.127207595648
37706.16 29060.76428450173
39867.06 34150.12768427971
34368.14 47127.318942424376
52606.39 34488.21965870747
55739.04 30430.850629095163
25455.29 20681.718785980953
18776.81 20681.718785980953
35541.88 35771.450440463836
31748.55 21759.733331556847
24552.35 27020.55202375438
30746.42 27503.161867862047
48816.49 34285.77122856106
39446.52 33763.65532315018
26730.5 24421.851976239665
27016.14 51757.29264842244
28056.62 55135.676095702576
29679.93 38511.13594490121
42145.69 47821.73205372367
27805.07 35599.10705021145
29514.24 38130.20566080143
27313.41 46682.40377871559
45541.68 32403.53717052465
27665.98 35755.02780002366
43520.49 49427.450557964956
40148.18 46172.16782844147
17599.8 45762.49331331477
24316.16 27419.784121761364
43503.69 18859.52231539927
29713.29 33535.40051663427
26247.94 29962.944079386354
25649.65 34615.069876004476
44765.86 23409.36694441145
53618.68 32840.77883249679
51701.67 44470.68103760923
50659.8 12598.896454032943
47040.29 25294.978711998563
25823.99 35156.44311848709
40886.71 31562.46293626652
25411.4 26762.788359952203
39809.88 24034.172669459833
33931.33 22399.584210229124
40309.89 41125.872446074936
40055.28 21459.381801871517
41833.8 31698.34642334005
25279.89 38323.01606109581
25610.38 32625.848776255338
42207.27 39569.95857235025
26974.11 44839.23366819226
46360.6 37586.12660931365
40159.99 29890.121044560045
23258.72 28376.17549190456
43414.51 36396.83768748133
47712.76 43232.47840844026
37546.38 48358.41764261754
29013.41 36309.42209145233
25818.4 36814.139325853284
57855.32 36763.32218283855
42132.56 49311.86868779318
41731.81 20947.88073190225
24990.62 30512.61823330556
36961.55 54784.012047604876
33528.38 71464.64553646286
61279.32 45968.14876099736
22298.64 27953.643182916323
57942.81 50395.33907063228
35304.92 42047.105041656745
22340.87 35047.93957060615
53452.09 33616.152973133016
19400.36 24308.918346744966
28799.09 26570.65968531524
72702.88 40619.85215631905
54496.64 43883.65995345369
81149.64 57367.49053652396
22898.91 30995.793372626256
26158.18 35995.28820774079
23478.65 29009.523303560345
39401.84 41514.88341746766
55406.06 31711.806904444176
61233.07 57817.568968020656
60145.47 43196.9128304204
45729.57 49608.998171358726
44679.29 46605.1059549422
44126.32 51705.38527337971
30683.06 33174.4436711356
54724.49 48513.910757512116
34610.2 53305.94002331066
61635.26 50955.876513889445
46264.32 48125.03221881585
39662.33 28912.39439739066
32240.79 16330.041632048195
57842.78 57998.28293240386
64952.43 48502.067048380006
51098.02 47770.965609845975
52570.93 51938.62162848409
81245.14 44076.802165487745
54065.93 43577.642883888606
38119.99 47284.053430638756
33579.24 19905.24407747335
18601.05 23341.57006521988
28040.41 31199.997203995645
28863.05 31187.19030766394
31190.69 37873.2539103741
34514.26 45752.89885834589
30666.72 34589.30454727477
63464.08 39761.91666724468
42936.43 68990.65480060913
36170.42 41943.77529065318
71204.03 50526.10856687372
43966.42 35254.859036116
42639.46 33941.25990240143
63081.82 40160.18677651823
61305.48 48902.76525404574
37704.91 49672.94486676863
55180.35 35634.23838431142
24784.99 44534.26893824628
32681.48 26998.117425762182
20824.99 26446.346347889255
37523.74 55220.86068158063
53738.29 50650.81043087687
20540.21 27289.059682286068
37291.85 35486.30992782291
29403.71 30098.624057791396
46154.52 29478.004153737234
34649.26 51819.08064241956
34638.15 50449.62981931817
30454.45 59104.63579924577
80921.68 42015.21344189111
71038.29 49335.52086413293
27159.09 35040.79065531702
53940.21 68766.1396935728
36141.24 40576.05745485726
53444.6 46607.59557124776
30642.01 40183.19127342882
35300.53 37720.56001786029
42959.62 39907.76866456012
41179.36 45201.59656106919
85503.54 44288.94128011908
61564.81 60738.504038039726
69115.19 60446.6307786658
84403.2 52755.37758507223
47031.7 47017.710288638955
40407.66 31263.633404100343
44170.8 26562.670943077563
67383.07 54759.441204275754
31022.72 50655.16400874137
31118.29 38627.085475761414
42302.42 28412.179938504465
31555.33 44454.28018793802
61122.14 41754.569135179925
25253.76 21198.137334887087
80798.96 32584.805026054208
45589.32 49324.993160653845
80564.97 48721.4635806243
11207.58 5508.118677494132
14786.06 20402.274716156622
51783.46 21031.1368254088
27702.06 22983.216365054363
25804.39 34058.63946076333
51012.54 19772.975019940182
29029.38 37981.83216866255
47828.41 38754.03752761435
