2368.46 -2249.513671875
1769.24 -4589.138671875
4496.01 6770.1484375
4068.51 3148.81640625
6261.73 9813.828125
3229.06 6927.27734375
4791.44 6056.4921875
3974.27 3815.451171875
2561.39 316.3359375
3868.84 12107.6015625
2899.86 -789.30078125
6847.0 4441.609375
10967.52 11616.9765625
2976.71 -512.29296875
5769.55 3464.6640625
3655.05 7332.708984375
2527.59 -3436.1796875
3780.22 4141.19140625
12483.96 20455.67578125
17217.59 21386.14453125
17975.1 21964.91015625
15924.41 25818.91015625
18057.44 9185.48046875
12798.57 30959.72265625
7674.76 10411.3046875
11488.19 17295.828125
20701.02 19728.44921875
8122.12 13603.140625
11205.19 15562.318359375
12157.76 16732.96875
9130.63 12821.58203125
9357.9 20268.25
17130.07 20275.87109375
10547.49 15759.12109375
12418.38 11140.84765625
7970.38 9195.55078125
7711.97 6100.24609375
9963.68 16056.16796875
5557.81 6106.80078125
11731.66 16787.3984375
12905.55 20655.14453125
21465.37 20195.1328125
11008.8 12145.2890625
5644.78 19467.48046875
21525.72 19100.484375
15331.72 17236.5546875
4002.07 8532.724609375
9114.73 21606.34375
6776.88 7418.0859375
12887.7 20920.54296875
19514.45 17573.765625
5545.5 3897.953125
11784.94 6449.3046875
42455.04 24293.59765625
6832.29 5717.240234375
21948.23 15824.62109375
19475.56 20955.171875
5895.33 5718.546875
13199.74 12085.33984375
9881.52 12474.1953125
18020.5 16258.40625
6076.3 18812.359375
12267.3 22220.77734375
11066.11 23761.1875
14089.1 17794.734375
12604.62 19500.24609375
9700.4 7700.6953125
6962.88 9466.43359375
15308.46 20893.85546875
18755.77 26350.31640625
13972.83 17415.98828125
5469.39 20594.29296875
43825.6 25708.52734375
21200.02 15264.53515625
15354.57 24829.87890625
27252.02 17644.40234375
25851.55 29764.26953125
23731.0 19816.1953125
25164.73 20353.4296875
25875.44 10740.7421875
23095.17 16737.96875
31445.93 20169.109375
11983.27 32561.43359375
35787.97 41145.1796875
13795.41 19634.265625
21256.55 20714.3671875
15542.31 26723.0625
26152.41 27795.3984375
36030.25 40562.8671875
16088.22 21964.6875
22152.88 34204.9921875
19395.1 14452.7578125
32036.87 19990.53515625
23893.51 15229.4453125
45844.26 30433.453125
19400.28 29613.5390625
10443.75 5669.962890625
19060.22 23238.59765625
38856.53 34724.421875
17810.04 29752.7109375
37470.86 24581.44921875
46791.3 35019.7109375
46075.19 32417.7421875
21681.48 11569.296875
27349.47 31242.1796875
24216.16 18531.83203125
14148.23 13850.30859375
53775.81 40364.25390625
31421.75 18760.1484375
22595.6 28474.45703125
38261.47 20454.97265625
31408.38 34905.21484375
23381.62 22731.00390625
21385.64 35173.671875
21102.49 20698.3125
40563.44 26078.1796875
45307.82 35017.96875
45361.49 35273.3671875
51134.25 36255.8828125
11112.72 18306.07421875
25139.16 11666.44921875
15323.59 44591.78125
18221.93 8224.16015625
26546.6 14496.00390625
20433.59 19878.08203125
46600.5 22921.0546875
46179.6 47402.859375
17106.71 13488.140625
51072.86 45992.53125
31353.72 33771.828125
36513.62 29850.7421875
36205.74 27228.77734375
25445.71 24335.7578125
19963.25 13879.75
18407.87 19946.150390625
26806.74 14780.76171875
44500.13 23561.0546875
23551.15 12726.30078125
15038.13 19654.4296875
48079.66 39554.3515625
12435.6 5179.6171875
29723.72 35764.26953125
9114.96 10543.46484375
19652.45 27581.58984375
20892.03 22635.96484375
36924.23 19009.1328125
34702.13 39607.515625
29102.02 36941.0390625
47936.97 43696.83203125
14349.48 12535.83203125
19445.64 13099.830078125
49205.92 48498.76171875
27585.4 29609.703125
22068.9 30541.22265625
38816.6 24511.3515625
43965.78 39256.78515625
17125.03 30234.046875
48978.46 28603.31640625
26276.64 25154.19921875
40121.56 35007.93359375
24851.04 21212.9375
33258.79 30884.7734375
44362.93 24622.6484375
53200.81 34531.6640625
30031.59 39355.3046875
51263.64 33028.53125
20570.35 22202.57421875
28410.04 16343.625
29353.54 26843.05859375
27461.11 25636.25390625
31206.39 19632.75
28087.64 21950.89453125
28599.32 21086.07421875
22278.15 18564.4765625
19929.08 14019.38671875
21516.95 21962.60546875
24746.94 24684.38671875
14082.28 17440.296875
45240.31 33084.09375
45309.2 32820.4375
34848.18 23708.6015625
13387.01 19838.34765625
19345.72 28207.06640625
15593.95 36716.54296875
40492.12 34734.515625
13749.25 13721.375
11710.63 20575.13671875
19534.85 29844.87890625
28139.7 16733.9375
12097.58 23268.0078125
25427.58 26465.50390625
20577.09 23672.6171875
23417.18 21870.3828125
36388.18 28106.0703125
42063.12 33992.39453125
24686.02 30849.484375
49996.24 43098.51953125
22094.46 35501.83984375
21992.91 31507.0234375
19769.41 14454.82421875
31224.97 30936.54296875
37733.1 26449.81640625
21969.28 22919.1640625
24077.4 15449.9453125
18201.6 22598.91796875
34410.69 28860.16796875
19584.87 32514.99609375
19636.66 27727.37109375
28101.05 28289.42578125
26750.91 30305.21875
52422.2 33991.578125
9401.07 27265.830078125
35355.75 36799.7265625
23524.43 34234.421875
15351.92 24409.75390625
18776.85 31080.9375
36666.16 15249.83203125
33724.66 35226.30859375
18284.84 17025.12109375
38313.84 27422.015625
19759.13 23106.5
25990.94 19176.3359375
25088.55 21982.3359375
28642.78 9270.53515625
19582.19 25455.86328125
24824.76 25831.10546875
58958.24 33916.1640625
19144.82 25223.6796875
26284.09 12059.98828125
28709.06 27319.37109375
13895.44 15725.03125
12141.68 15510.84375
25872.75 19143.125
23325.99 28517.58984375
13383.54 12836.09765625
25154.49 26822.1015625
23878.76 32068.0390625
16116.16 20126.0
22111.99 20487.31640625
17703.68 24531.625
16942.33 26032.46484375
34139.76 25615.29296875
34595.32 24454.37890625
34083.67 35716.0859375
47676.33 31288.02734375
41004.44 32231.59765625
40487.51 24077.87109375
24717.02 20212.9609375
16555.46 27113.51171875
21820.65 40243.96875
16246.13 19163.2421875
22985.83 30671.625
50828.6 25229.9609375
16849.03 23115.5
14599.34 17255.75
14338.38 19183.65625
21715.63 17189.1171875
52497.39 39160.6640625
49544.68 35432.51953125
15271.41 22282.0078125
32153.88 32640.890625
13092.33 30138.5703125
18567.18 31267.611328125
16077.83 23295.8359375
24380.7 25300.82421875
56652.08 32157.046875
12767.35 20486.18359375
67212.85 19261.4765625
17551.04 19101.34375
55394.06 33309.953125
10368.52 16810.91796875
25226.52 25236.0859375
50057.77 29129.328125
11883.06 20057.041015625
49490.65 57392.04296875
19869.21 27436.65234375
29809.26 39835.83984375
25075.21 33618.15234375
14266.41 20009.7734375
25878.38 28755.81640625
32473.91 28775.3515625
13192.11 14820.46484375
28256.61 28637.5234375
31613.58 22317.1962890625
18860.58 26638.431640625
17144.03 29286.6845703125
14230.04 7226.9453125
21717.01 34141.10546875
37363.87 23464.8359375
16721.41 24140.9609375
22934.19 20155.44140625
12051.41 19692.2734375
35224.18 34829.7734375
21240.51 23039.83203125
25180.02 34435.0078125
36225.16 24979.8671875
54487.47 44569.0859375
29676.92 30314.04296875
39766.82 22810.15234375
28926.65 42840.65234375
40863.53 37891.484375
39506.96 45558.375
61614.18 50197.515625
41271.74 29832.1171875
18713.67 34807.9609375
37273.47 35270.4921875
50711.62 40088.6240234375
30091.87 28689.060546875
29888.78 34354.244140625
18737.25 33781.9609375
49410.23 39199.1875
31293.2 23735.51953125
15408.35 24921.32421875
17581.89 23375.9453125
18819.78 21000.19921875
23143.56 33405.33203125
17685.96 21931.3359375
14838.18 23625.09765625
23453.86 12462.53515625
12439.72 17076.1171875
17406.99 20869.3828125
21161.66 23785.7890625
54240.32 38133.265625
31879.09 14978.015625
33270.57 34473.15234375
20593.14 25561.1171875
35283.13 31881.828125
24388.84 36954.515625
79274.09 40359.8359375
66018.6 36438.251953125
17979.86 32187.3115234375
31053.41 36882.1806640625
28448.85 31908.578125
19455.02 33340.8046875
23888.48 36590.140625
24433.74 29557.6953125
24226.73 38996.95703125
66935.85 44686.98046875
19989.22 26516.40625
43948.5 44250.48828125
41737.01 35295.1796875
28301.05 54851.45703125
24661.7 33093.76171875
31325.41 34371.00390625
42629.19 23512.3984375
20943.58 24327.57421875
28940.23 45429.51171875
22171.35 24881.984375
17451.96 19859.515625
15856.91 20849.49609375
28100.72 34485.13671875
30334.34 28185.69921875
22818.78 14312.0302734375
28139.66 46878.5107421875
24724.78 41862.59765625
31458.18 18310.58203125
30995.65 29734.109375
18412.79 43065.8828125
15565.5 22042.95703125
39851.13 27971.3515625
37485.96 51065.80859375
28376.39 34019.5859375
14219.15 34087.00390625
19131.4 28989.72265625
20225.7 30090.19140625
15874.54 10873.45703125
51736.94 32680.18359375
36907.62 43313.4609375
19438.65 27546.33203125
22310.78 31176.33203125
27317.85 33130.32421875
23696.19 35533.453125
54976.03 42563.453125
23871.78 24597.7109375
18569.11 32101.91015625
27664.91 37587.197265625
28230.98 40882.92578125
41056.81 35722.7236328125
40328.16 33320.33984375
34445.74 34155.84765625
19304.32 34525.08203125
38222.3 20106.04296875
29725.14 28579.015625
18874.55 20413.2109375
34387.48 39003.65625
19177.19 12186.73046875
23383.24 32918.67578125
29389.44 47436.515625
44236.41 36306.515625
42641.07 39921.7890625
33675.92 51044.98046875
26153.73 41085.7734375
30901.93 40790.63671875
45039.05 31727.140625
31347.79 24149.42578125
40639.88 44303.22265625
28650.42 41361.16796875
24136.44 30877.0390625
42084.01 31669.9736328125
30665.39 31669.9736328125
33006.65 32519.95703125
37706.16 28150.6015625
39867.06 31887.08203125
34368.14 46933.9921875
52606.39 38735.5859375
55739.04 39689.66796875
25455.29 19938.0546875
18776.81 19938.0546875
35541.88 39808.00390625
31748.55 37969.25390625
24552.35 44741.6015625
30746.42 34087.296875
48816.49 37021.4296875
39446.52 42865.796875
26730.5 19340.3359375
27016.14 38701.38671875
28056.62 39852.74609375
29679.93 39883.86328125
42145.69 38463.93359375
27805.07 44064.92578125
29514.24 39448.9453125
27313.41 40443.2841796875
45541.68 32783.990234375
27665.98 30660.5224609375
43520.49 40079.94140625
40148.18 44943.66796875
17599.8 38650.30859375
24316.16 25373.09765625
43503.69 27431.89453125
29713.29 41962.3046875
26247.94 35996.203125
25649.65 29272.75
44765.86 41917.828125
53618.68 36144.28125
51701.67 41627.8828125
50659.8 33566.2421875
47040.29 33761.73046875
25823.99 28308.94140625
40886.71 16675.734375
25411.4 50711.40625
39809.88 31172.22265625
33931.33 22583.69921875
40309.89 43229.5625
40055.28 25378.48046875
41833.8 39063.9970703125
25279.89 35824.427734375
25610.38 41248.8173828125
42207.27 -1909.296875
26974.11 35848.64453125
46360.6 39308.0
40159.99 52621.27734375
23258.72 30791.28125
43414.51 39683.9140625
47712.76 44138.4375
37546.38 51738.67578125
29013.41 41844.28515625
25818.4 49289.8671875
57855.32 45359.30078125
42132.56 45621.6953125
41731.81 25190.28125
24990.62 33845.85546875
36961.55 50065.83203125
33528.38 51053.140625
61279.32 40199.2265625
22298.64 29451.203125
57942.81 50543.97265625
35304.92 36895.29296875
22340.87 40522.9296875
53452.09 43129.330078125
19400.36 28249.072265625
28799.09 55779.74609375
72702.88 40339.81640625
54496.64 56462.453125
81149.64 36089.59375
22898.91 24225.015625
26158.18 37856.453125
23478.65 35212.94921875
39401.84 49404.02734375
55406.06 46869.93359375
61233.07 45315.890625
60145.47 48256.77734375
45729.57 57822.9609375
44679.29 68738.9375
44126.32 55497.65625
30683.06 43055.2265625
54724.49 63477.140625
34610.2 65513.29296875
61635.26 49459.3046875
46264.32 58356.8203125
39662.33 37462.19140625
32240.79 39927.1357421875
57842.78 57944.1787109375
64952.43 57223.8662109375
51098.02 68606.5390625
52570.93 63365.18359375
81245.14 47306.72265625
54065.93 56345.859375
38119.99 31592.66796875
33579.24 31527.4609375
18601.05 20463.05078125
28040.41 47902.71875
28863.05 39851.26171875
31190.69 40056.63671875
34514.26 42307.2421875
30666.72 40425.62109375
63464.08 47075.20703125
42936.43 58481.84765625
36170.42 43315.65625
71204.03 46802.3515625
43966.42 36201.1015625
42639.46 28805.625
63081.82 45265.75
61305.48 45774.15234375
37704.91 53026.6474609375
55180.35 46290.734375
24784.99 29588.0205078125
32681.48 21356.3203125
20824.99 38983.4765625
37523.74 59940.0390625
53738.29 57914.625
20540.21 28988.140625
37291.85 39804.5
29403.71 36426.3203125
46154.52 38163.4375
34649.26 44755.00390625
34638.15 40409.5546875
30454.45 45841.44140625
80921.68 42263.43359375
71038.29 50060.48828125
27159.09 39639.3203125
53940.21 57403.2890625
36141.24 40289.640625
53444.6 41452.5625
30642.01 49204.94921875
35300.53 50336.734375
42959.62 44354.57421875
41179.36 46559.8046875
85503.54 47257.5751953125
61564.81 58882.251953125
69115.19 52799.1015625
84403.2 50807.9296875
47031.7 54326.125
40407.66 35448.73046875
44170.8 20692.078125
67383.07 71181.375
31022.72 35426.60546875
31118.29 34708.51171875
42302.42 41910.89453125
31555.33 30733.8046875
61122.14 53870.953125
25253.76 36590.0703125
80798.96 46351.40234375
45589.32 54576.5
80564.97 46841.421875
11207.58 24864.39453125
14786.06 18492.7578125
51783.46 30862.5625
27702.06 33384.75
25804.39 21303.78125
51012.54 30318.4443359375
29029.38 35738.5595703125
47828.41 29415.5859375
