2368.46 -4124.93017578125
1769.24 -6976.9599609375
4496.01 9553.900390625
4068.51 8425.47265625
6261.73 8980.5234375
3229.06 6975.3740234375
4791.44 4638.23486328125
3974.27 3206.7119140625
2561.39 728.36279296875
3868.84 13190.322265625
2899.86 -884.10400390625
6847.0 4878.2333984375
10967.52 13525.537109375
2976.71 -3386.26171875
5769.55 4549.45849609375
3655.05 8099.1513671875
2527.59 -3242.5869140625
3780.22 3497.85498046875
12483.96 17393.6591796875
17217.59 19653.8740234375
17975.1 25049.55859375
15924.41 31306.9052734375
18057.44 6133.97412109375
12798.57 32684.5693359375
7674.76 9311.314453125
11488.19 14417.34375
20701.02 17780.611328125
8122.12 15394.689453125
11205.19 16946.59716796875
12157.76 17414.646484375
9130.63 12807.123046875
9357.9 23849.7431640625
17130.07 23856.04296875
10547.49 14608.41552734375
12418.38 7102.986328125
7970.38 7983.37890625
7711.97 9040.78271484375
9963.68 12184.4033203125
5557.81 2797.3134765625
11731.66 17438.39501953125
12905.55 24037.4130859375
21465.37 19693.7275390625
11008.8 11101.53466796875
5644.78 19955.7626953125
21525.72 20811.81201171875
15331.72 18178.33056640625
4002.07 7686.8349609375
9114.73 20591.8759765625
6776.88 2996.07275390625
12887.7 19090.9716796875
19514.45 19475.96533203125
5545.5 4027.2626953125
11784.94 6789.09326171875
42455.04 23539.341796875
6832.29 3941.98876953125
21948.23 16541.6005859375
19475.56 22275.6162109375
5895.33 4556.98291015625
13199.74 10684.193359375
9881.52 16461.2001953125
18020.5 16069.3828125
6076.3 19006.4599609375
12267.3 21688.7451171875
11066.11 24267.52783203125
14089.1 17640.72314453125
12604.62 24328.7880859375
9700.4 6133.56005859375
6962.88 8873.13427734375
15308.46 20471.681640625
18755.77 29808.71484375
13972.83 15762.9365234375
5469.39 23305.6279296875
43825.6 30415.9296875
21200.02 14945.111328125
15354.57 26914.73193359375
27252.02 12250.3173828125
25851.55 27446.625
23731.0 14601.88671875
25164.73 26442.45556640625
25875.44 7717.07275390625
23095.17 13692.05224609375
31445.93 24541.2255859375
11983.27 34722.99951171875
35787.97 41323.5380859375
13795.41 16233.9267578125
21256.55 18071.9541015625
15542.31 28189.783203125
26152.41 24981.3671875
36030.25 45836.4658203125
16088.22 22303.19091796875
22152.88 35191.5556640625
19395.1 13512.052734375
32036.87 -22677.9287109375
23893.51 12393.0068359375
45844.26 36861.990234375
19400.28 25950.283203125
10443.75 5443.9638671875
19060.22 23582.94384765625
38856.53 33930.0185546875
17810.04 27123.4482421875
37470.86 24272.93212890625
46791.3 27469.482421875
46075.19 35840.5625
21681.48 9641.9306640625
27349.47 32553.1962890625
24216.16 18822.04638671875
14148.23 16067.46142578125
53775.81 44788.9423828125
31421.75 21380.60595703125
22595.6 28715.9521484375
38261.47 23097.88330078125
31408.38 35763.1533203125
23381.62 21029.28271484375
21385.64 38434.08544921875
21102.49 19458.6513671875
40563.44 19807.87109375
45307.82 33855.5517578125
45361.49 36267.560546875
51134.25 35750.04150390625
11112.72 25932.75927734375
25139.16 9441.638671875
15323.59 45901.0673828125
18221.93 10397.78173828125
26546.6 10306.03173828125
20433.59 21057.8388671875
46600.5 16179.7802734375
46179.6 49077.236328125
17106.71 12302.73681640625
51072.86 48237.255859375
31353.72 33075.30419921875
36513.62 28920.9609375
36205.74 26942.3193359375
25445.71 18053.361328125
19963.25 12060.720703125
18407.87 19109.9462890625
26806.74 12739.279296875
44500.13 28906.21875
23551.15 13521.5234375
15038.13 22538.8984375
48079.66 39696.6201171875
12435.6 6095.42529296875
29723.72 38210.98828125
9114.96 13724.814453125
19652.45 26940.8037109375
20892.03 17841.88916015625
36924.23 15670.19873046875
34702.13 38092.798828125
29102.02 39510.6435546875
47936.97 43641.14111328125
14349.48 16864.4697265625
19445.64 10393.19921875
49205.92 47298.314453125
27585.4 27403.49462890625
22068.9 32308.9130859375
38816.6 26743.39794921875
43965.78 42075.916015625
17125.03 28562.9951171875
48978.46 29230.60546875
26276.64 25965.041015625
40121.56 35738.361328125
24851.04 20416.5390625
33258.79 36695.923828125
44362.93 26051.400390625
53200.81 32836.7119140625
30031.59 43100.8974609375
51263.64 35174.7138671875
20570.35 19166.9736328125
28410.04 12085.7939453125
29353.54 26019.10595703125
27461.11 25926.87451171875
31206.39 18980.3583984375
28087.64 18120.00439453125
28599.32 22983.8818359375
22278.15 21917.7666015625
19929.08 12734.7763671875
21516.95 21077.2119140625
24746.94 20891.3564453125
14082.28 18241.65283203125
45240.31 34177.5947265625
45309.2 34930.578125
34848.18 19950.57080078125
13387.01 17885.66796875
19345.72 30028.884765625
15593.95 41610.1337890625
40492.12 37022.5380859375
13749.25 10379.8505859375
11710.63 17747.8779296875
19534.85 30542.7998046875
28139.7 15018.33203125
12097.58 21084.3349609375
25427.58 27412.6923828125
20577.09 25442.7822265625
23417.18 22082.953125
36388.18 27717.22900390625
42063.12 35495.767578125
24686.02 29497.9404296875
49996.24 46558.6337890625
22094.46 32135.3388671875
21992.91 29474.326171875
19769.41 16346.5712890625
31224.97 31665.0400390625
37733.1 26823.39404296875
21969.28 26319.59423828125
24077.4 15658.4814453125
18201.6 15922.74609375
34410.69 27055.166015625
19584.87 30644.794921875
19636.66 32236.31640625
28101.05 24302.736328125
26750.91 32857.439453125
52422.2 35124.45654296875
9401.07 28858.82373046875
35355.75 36300.75830078125
23524.43 32187.4404296875
15351.92 22326.0810546875
18776.85 31332.7734375
36666.16 17089.94775390625
33724.66 33292.6572265625
18284.84 18328.56787109375
38313.84 29196.87451171875
19759.13 24239.4541015625
25990.94 21785.1455078125
25088.55 24677.78173828125
28642.78 6191.19287109375
19582.19 26262.4951171875
24824.76 26682.41650390625
58958.24 35331.302734375
19144.82 24827.3046875
26284.09 11403.646484375
28709.06 26957.60009765625
13895.44 13980.7861328125
12141.68 15955.181640625
25872.75 16944.6220703125
23325.99 26269.55712890625
13383.54 12555.58740234375
25154.49 27206.3759765625
23878.76 31651.7626953125
16116.16 22558.49658203125
22111.99 21112.10205078125
17703.68 23663.03515625
16942.33 26430.5009765625
34139.76 24757.646484375
34595.32 24754.4189453125
34083.67 33819.3525390625
47676.33 31972.5322265625
41004.44 33739.98828125
40487.51 25470.8642578125
24717.02 22726.38916015625
16555.46 26161.59521484375
21820.65 38700.806640625
16246.13 15518.193359375
22985.83 28574.021484375
50828.6 28746.38916015625
16849.03 21369.0244140625
14599.34 20784.1376953125
14338.38 19907.7333984375
21715.63 20191.189453125
52497.39 40790.0078125
49544.68 33938.9189453125
15271.41 21111.6005859375
32153.88 33953.7265625
13092.33 29626.55078125
18567.18 32771.8203125
16077.83 21535.10693359375
24380.7 27387.7734375
56652.08 30436.6640625
12767.35 24034.552734375
67212.85 21920.658203125
17551.04 21277.28125
55394.06 33655.5263671875
10368.52 18407.13427734375
25226.52 27658.8505859375
50057.77 30745.265625
11883.06 25746.97216796875
49490.65 58594.8935546875
19869.21 29170.86767578125
29809.26 45006.89892578125
25075.21 35988.90478515625
14266.41 21412.08544921875
25878.38 32244.609375
32473.91 32227.611328125
13192.11 14171.3671875
28256.61 31098.078125
31613.58 22659.875
18860.58 24951.087890625
17144.03 28224.6875
14230.04 9832.57666015625
21717.01 35042.68359375
37363.87 24966.7421875
16721.41 24712.8798828125
22934.19 19256.3046875
12051.41 29410.39013671875
35224.18 32233.3818359375
21240.51 21786.41552734375
25180.02 38593.4248046875
36225.16 25058.02099609375
54487.47 48051.013671875
29676.92 30171.93310546875
39766.82 21005.02197265625
28926.65 47509.93896484375
40863.53 37627.630859375
39506.96 44252.8232421875
61614.18 55260.7158203125
41271.74 31494.48388671875
18713.67 37865.37939453125
37273.47 30942.16455078125
50711.62 41929.4814453125
30091.87 23837.81640625
29888.78 30873.0380859375
18737.25 35802.46875
49410.23 35241.8359375
31293.2 24605.77783203125
15408.35 24050.25439453125
17581.89 29290.5087890625
18819.78 21816.12890625
23143.56 35221.3125
17685.96 22500.4248046875
14838.18 24405.037109375
23453.86 15946.8359375
12439.72 17791.4560546875
17406.99 21872.2216796875
21161.66 22652.2744140625
54240.32 35032.55126953125
31879.09 16173.064453125
33270.57 33493.2734375
20593.14 23649.5654296875
35283.13 31187.1025390625
24388.84 38298.5458984375
79274.09 40518.79345703125
66018.6 31950.353515625
17979.86 36293.900390625
31053.41 44467.568359375
28448.85 29960.31689453125
19455.02 30863.248046875
23888.48 33356.3125
24433.74 25462.6396484375
24226.73 37503.814453125
66935.85 45652.095703125
19989.22 25203.41796875
43948.5 47061.96435546875
41737.01 38436.8994140625
28301.05 55171.171875
24661.7 27076.9248046875
31325.41 34600.5
42629.19 23894.9580078125
20943.58 26137.89990234375
28940.23 46719.326171875
22171.35 29153.6708984375
17451.96 18536.443359375
15856.91 20638.609375
28100.72 30345.71337890625
30334.34 31485.62841796875
22818.78 12512.9287109375
28139.66 48550.916015625
24724.78 46939.62109375
31458.18 17260.001953125
30995.65 29230.9150390625
18412.79 43745.97802734375
15565.5 21351.83984375
39851.13 23011.54931640625
37485.96 48820.0966796875
28376.39 30514.9765625
14219.15 33574.90771484375
19131.4 28564.35400390625
20225.7 29228.3564453125
15874.54 9261.0830078125
51736.94 32932.275390625
36907.62 42746.2255859375
19438.65 25144.1259765625
22310.78 31322.3740234375
27317.85 27477.50732421875
23696.19 37421.0322265625
54976.03 44506.0146484375
23871.78 25704.92431640625
18569.11 34215.61767578125
27664.91 34600.0068359375
28230.98 40946.630859375
41056.81 33756.595703125
40328.16 33361.2744140625
34445.74 33731.4453125
19304.32 37272.626953125
38222.3 16112.44482421875
29725.14 24902.662109375
18874.55 16933.61328125
34387.48 40906.20849609375
19177.19 11873.77783203125
23383.24 32001.45703125
29389.44 49016.841796875
44236.41 37633.0009765625
42641.07 38320.734375
33675.92 55274.947265625
26153.73 47301.32763671875
30901.93 43319.22998046875
45039.05 35129.9375
31347.79 18029.2705078125
40639.88 45359.31396484375
28650.42 35936.7255859375
24136.44 27343.9912109375
42084.01 37365.2265625
30665.39 37365.2265625
33006.65 30397.9140625
37706.16 28521.3359375
39867.06 31881.64111328125
34368.14 48718.7060546875
52606.39 40753.6171875
55739.04 37310.0556640625
25455.29 12710.28515625
18776.81 12710.28515625
35541.88 39261.3173828125
31748.55 43857.849609375
24552.35 49759.24560546875
30746.42 33527.77294921875
48816.49 36484.45361328125
39446.52 48229.3984375
26730.5 18671.23779296875
27016.14 40434.076171875
28056.62 43841.0234375
29679.93 42473.939453125
42145.69 38902.45166015625
27805.07 41838.7294921875
29514.24 34970.603515625
27313.41 39957.673828125
45541.68 30158.970703125
27665.98 33397.94140625
43520.49 44816.6806640625
40148.18 46917.83740234375
17599.8 37883.7158203125
24316.16 26524.869140625
43503.69 30536.595703125
29713.29 38149.2685546875
26247.94 39162.2783203125
25649.65 29143.7646484375
44765.86 42005.53515625
53618.68 30958.720703125
51701.67 42165.9189453125
50659.8 30266.91552734375
47040.29 31385.615234375
25823.99 31132.5869140625
40886.71 15717.99658203125
25411.4 45977.0927734375
39809.88 26485.388671875
33931.33 22208.197265625
40309.89 36339.455078125
40055.28 24474.525390625
41833.8 38102.3154296875
25279.89 36718.642578125
25610.38 33649.3896484375
42207.27 -3839.1162109375
26974.11 35819.48046875
46360.6 44867.06689453125
40159.99 54742.494140625
23258.72 25885.7890625
43414.51 39993.3818359375
47712.76 46251.6787109375
37546.38 55411.037109375
29013.41 43211.9921875
25818.4 49979.341796875
57855.32 41953.177734375
42132.56 37410.73828125
41731.81 25273.24755859375
24990.62 38190.86181640625
36961.55 48329.716796875
33528.38 63651.501953125
61279.32 41947.837890625
22298.64 33959.2255859375
57942.81 49520.8232421875
35304.92 38743.671875
22340.87 41473.23828125
53452.09 47311.42578125
19400.36 32776.087890625
28799.09 66646.0234375
72702.88 38390.0546875
54496.64 49718.0390625
81149.64 30968.599609375
22898.91 28638.0380859375
26158.18 36941.927734375
23478.65 34110.44287109375
39401.84 47953.0615234375
55406.06 48871.310546875
61233.07 39413.9599609375
60145.47 48592.1259765625
45729.57 57969.859375
44679.29 71058.9013671875
44126.32 52398.712890625
30683.06 47399.91943359375
54724.49 60128.80078125
34610.2 72278.0830078125
61635.26 50678.4912109375
46264.32 54778.509765625
39662.33 36121.716796875
32240.79 43672.818359375
57842.78 60591.8046875
64952.43 61120.84765625
51098.02 71995.490234375
52570.93 64336.609375
81245.14 46822.0791015625
54065.93 58347.267578125
38119.99 35689.9921875
33579.24 30645.5693359375
18601.05 22484.15966796875
28040.41 49116.9833984375
28863.05 39877.513671875
31190.69 44567.03125
34514.26 40999.4765625
30666.72 41086.1962890625
63464.08 43711.95703125
42936.43 63293.30078125
36170.42 41113.630859375
71204.03 52356.123046875
43966.42 37401.6171875
42639.46 32498.95166015625
63081.82 43936.5888671875
61305.48 44345.408203125
37704.91 51870.576171875
55180.35 45383.275390625
24784.99 28934.787109375
32681.48 16616.92138671875
20824.99 36828.54443359375
37523.74 61435.3271484375
53738.29 59617.6435546875
20540.21 30791.494140625
37291.85 38148.6201171875
29403.71 38196.888671875
46154.52 40029.3916015625
34649.26 46434.896484375
34638.15 38000.7763671875
30454.45 44573.314453125
80921.68 39662.7890625
71038.29 50229.9169921875
27159.09 42018.3486328125
53940.21 60586.5478515625
36141.24 41979.3427734375
53444.6 39793.482421875
30642.01 51199.0029296875
35300.53 50109.2353515625
42959.62 40949.078125
41179.36 39971.69140625
85503.54 48702.572265625
61564.81 61909.890625
69115.19 55474.0537109375
84403.2 48587.603515625
47031.7 53089.7470703125
40407.66 35602.77587890625
44170.8 18127.69140625
67383.07 71848.2470703125
31022.72 31923.4658203125
31118.29 29096.052734375
42302.42 47532.8330078125
31555.33 30561.3935546875
61122.14 57737.2607421875
25253.76 36555.119140625
80798.96 46277.4775390625
45589.32 55462.2919921875
80564.97 47974.5234375
11207.58 22858.6533203125
14786.06 16375.53369140625
51783.46 32643.38525390625
27702.06 38557.4990234375
25804.39 19815.34375
51012.54 34129.3271484375
29029.38 39725.96484375
47828.41 25273.3828125
