1170.72 994.0821371171813
1100.56 1699.573224201271
4226.17 6714.19924310504
6261.73 4665.029141913342
2939.15 3529.6161317179594
3032.73 3655.7996983142684
3868.84 5958.299879930875
5213.91 1776.4842962899422
2817.82 2515.067775053806
4214.54 1619.9413913142548
5769.55 2156.021243712309
25504.05 15921.632000252537
8915.14 9276.452938840814
5869.95 10048.922614767303
18277.32 17101.57903928743
7674.76 8882.096243802818
8643.62 10385.481291348702
9625.44 10358.145480396186
8574.43 8121.912456481835
20856.81 16602.51730495464
22117.61 21750.81103788858
8122.12 3856.9277173348464
6279.86 6801.269325639611
8573.64 13026.022427972563
9357.9 18138.97947406578
10547.49 12405.395287991436
21184.81 16594.11202704525
14465.53 14707.17597968167
10881.93 8111.668726647709
11723.9 7470.403872303169
11490.58 21671.89835685478
6776.88 8238.397239396912
8355.91 13090.833517539639
42455.04 18502.75134241902
31282.22 23965.827825243814
21948.23 19718.671788096653
11823.43 12554.774582388185
17985.57 12393.523105976126
6150.52 10054.884223396804
12803.16 13605.670850671824
14089.1 13055.91874334929
13895.33 14941.79839591469
23593.41 12448.035818297554
15709.19 6135.980758959185
10526.52 15638.23415328425
15916.98 13259.512538097188
9420.67 10389.016049318181
10481.15 7631.982516374609
7579.89 10602.236134774155
10083.06 4708.879836819921
9972.35 2928.996694557144
26957.71 25338.60497042708
29748.39 26656.101039790163
21545.33 21991.06163738123
21200.02 17717.513828644584
15662.98 25716.7349374603
16936.58 27698.420763581544
24467.14 18828.854741240062
16378.25 20285.29904915859
19617.85 13494.252221425246
26278.91 24962.31327075542
33989.47 29403.648837772118
11061.76 14562.74626848685
22152.88 24765.801544367285
32036.87 8689.678120790504
28242.73 37791.03699987854
27011.41 36391.94037359644
44536.59 37117.40006787482
29349.7 31100.662820725156
32419.6 31278.818819214168
41994.4 36167.615730636826
41424.29 34651.165186752056
28258.9 41934.541214343095
22895.48 13437.627030943742
27317.6 19968.124144983238
19758.5 20548.15454891609
25028.94 17424.20335054543
15636.48 15037.982848123207
31772.57 20553.122718804676
31636.53 17071.393902214386
13293.48 35568.60576929094
46075.19 49386.10383487467
36051.92 31115.14460831197
36143.98 29763.60045240506
21681.48 17294.43306179837
15573.68 27013.30850406455
16806.91 18204.194749124217
27349.47 23570.642958383858
25065.43 47443.99875019233
15016.73 27259.92308130364
20451.43 13620.758397618325
12624.72 22944.429467135895
28436.73 22510.66130727242
17690.68 23435.664310253153
23969.36 17254.955455708892
29439.12 27314.706925484603
40563.44 26815.787553795413
16108.85 26134.76984318304
40740.49 27843.45665069308
41337.47 34306.83395200727
36385.07 32251.760356965988
40910.74 29188.221840157537
20354.04 20152.068879899525
18758.75 14572.46821142493
34578.9 44105.72228260182
12952.98 13632.488731738908
27861.52 21271.522116530592
18221.93 16168.655145163031
36594.85 40827.149068648185
46206.44 37489.951068006696
43682.51 28366.870257299906
29859.89 25155.1973548461
36597.59 29254.85880854956
25445.71 18215.518292826077
18407.87 8463.297310684828
35944.16 25156.283692079174
23551.15 18681.720523244978
23042.45 37848.451364071
48910.64 38517.55911745419
19602.91 26746.790359959803
39843.99 31795.438304360312
12435.6 9705.078670238769
29723.72 50572.004835538086
30249.88 24621.813352459685
15144.7 35242.56581764392
8919.28 9968.30427094154
20321.11 13277.873520181014
20892.03 35140.98338392662
27367.91 39492.413486702295
47933.48 30555.632361588927
49880.83 42581.657059073346
15479.14 23925.216789718692
32198.56 23540.011068335676
34486.44 51341.56730755443
36475.9 17372.14092933694
15332.56 15821.288578626532
40934.17 29589.087507150707
34112.8 22632.64968354743
53795.56 49883.93916073798
61374.05 49873.67985831055
17730.97 11569.930366023047
10126.87 14879.80223911345
21509.08 8163.675030789087
18651.4 26001.636092362685
14265.71 18299.44701688605
14544.99 17963.89172503444
38650.92 37207.86535300452
52385.76 40904.695647334025
53200.81 36956.62369795682
51451.12 41115.83134553462
30031.59 36801.56975538407
16664.43 21656.962321172236
50429.08 32969.05454325494
22703.46 32779.00019935787
28087.64 26959.6509889497
19929.08 19334.906791707344
14609.25 25034.369105128913
15241.51 21830.15857957843
24746.94 29175.230340110007
21459.46 20061.854521938298
23747.82 28846.49662162332
36495.19 29728.51315303596
40028.99 42804.43356374678
18008.34 21370.9840672082
34848.18 20369.07782397725
37480.28 34053.06321274624
31063.11 32841.87480507676
43997.33 63132.18763306157
28497.79 22166.161042906286
26879.18 24632.966127081498
30770.3 31032.107669454763
21498.05 26933.55892542308
29574.06 33054.63424333785
19534.85 24945.19653020721
47477.69 28561.087251737827
25396.49 21431.696065012617
18382.09 21603.336880035175
19441.22 25133.01700580018
25427.58 20907.16006056105
12303.89 19289.357359427926
20170.27 30590.24555187492
17590.01 25797.93239518123
46020.34 26249.10988411668
10746.16 15884.656902069893
21335.72 29132.466573462312
8281.33 16801.594118493074
17264.87 29719.972997534405
33133.9 36466.21077008662
20002.98 25502.16754684428
38379.4 21797.595831245195
51186.4 47518.37172728195
40377.01 33271.30948374043
20952.67 22215.46430912339
18468.56 21490.981241830323
53692.99 45374.127972897695
23390.07 38326.633961884516
19486.76 13342.321719969803
21830.67 21442.043548041576
35540.58 26739.283266950657
10660.4 17708.51617294406
38180.21 19573.35382863512
18867.16 23116.811038119013
16470.95 25442.482821123565
24583.03 17125.30260421515
11316.08 10209.54293754854
11185.78 13528.9555421217
7542.22 6085.384240628734
12787.74 12845.321789090398
29006.48 43095.169829702856
26850.07 37982.30903540089
23329.18 27465.238181790395
24150.43 23781.087494871943
37588.17 22262.863529108607
36119.09 20242.599279774066
21860.79 39231.65277087449
26219.43 40780.504204357014
31296.74 20224.719434359555
26218.24 23825.188486873576
27481.77 26909.39783965934
28642.78 18314.03419334695
17751.07 26717.53998724832
8884.71 12227.946262131982
19218.46 22201.687930749038
10475.96 13526.80080380915
24824.76 21503.561257286492
30616.62 39507.54235764195
47630.87 45313.40529942319
19841.51 20771.420472576006
21466.53 24258.264809200624
16027.63 24981.106791612456
12762.77 17175.555235843654
13895.44 16860.325708890785
23361.15 16476.380323203055
12141.68 15390.31433139628
19345.74 21871.571933128107
38242.42 26994.277444391042
18107.37 27248.60616990147
40418.29 28643.07757565798
13383.54 18873.289721606572
26445.3 29144.989077099366
17703.68 19045.192121161064
34139.76 33395.81655610312
15293.55 26472.041101458617
24408.25 20839.551076192194
35259.26 28076.621102100908
34083.67 26307.17574862372
20295.85 28771.615305028696
42392.21 27709.59467132214
21909.35 19531.72560976162
25772.68 33836.87668123048
24440.36 24921.427370213543
24575.73 21102.099074940696
13217.48 15778.94318561234
25723.37 30022.929621722953
20944.9 38867.90729070578
21715.63 17932.250898454295
36653.94 35356.382988786354
13379.85 9077.035625396864
33878.24 27928.34585619867
49098.76 26479.126723144625
16077.83 18616.545069956
41107.68 31006.35523976445
30828.84 20323.582589122503
54157.43 20556.409123069137
58477.92 38330.03448074944
40084.2 18315.142063159947
29152.52 24160.047055829644
17551.04 22002.348877615823
32551.29 21600.645560962635
25724.89 29515.69555241247
21312.38 20102.74485372708
36679.98 24443.04030638824
50057.77 26263.18128165532
24890.73 21660.954070833384
29809.26 20500.74576237819
25075.21 17910.686983323623
66297.14 16674.23465038168
35449.65 21956.84052527359
25878.38 26919.262219469416
13289.56 11087.786572419098
11983.34 10423.730568279287
25856.24 29589.985905834805
26246.82 28316.948518002304
14139.35 14809.659797937866
21463.99 14499.463887784897
13895.27 12891.980970586823
12147.67 10103.025719336993
19610.28 19800.826697196655
17313.83 14051.390033610827
15103.13 13531.60413884484
27900.31 22921.3900672651
39193.96 12999.820701746334
39720.64 29558.449847711396
36043.25 20809.9234893819
41076.57 25459.33203441487
24644.59 25031.860174306767
21668.0 20111.066555146455
33335.31 25529.280739397673
32840.2 11624.554745279602
38139.62 21342.76126003383
18045.69 22173.413302380166
32193.33 33405.115730918915
29676.92 21559.709730491093
40211.62 22936.902612434777
46473.45 27604.22384633118
53772.15 39096.55383938989
32208.25 36955.1713465621
11041.56 27928.524474371534
15408.35 26182.844427596985
16985.41 25289.413247686505
23859.35 29205.70520700724
32792.14 29985.80278093307
31602.11 30795.564201508725
23143.56 30720.245284588742
21900.14 13135.536149736177
27521.1 24872.393670556583
15385.05 24872.393670556583
17408.77 25121.048109490876
24021.65 33778.92210792104
19750.73 26391.62303570425
54240.32 26400.179571061948
13890.99 26123.057541607483
35248.15 56652.57245693404
25089.78 26144.93085478126
62504.57 37383.935817471815
28462.73 35655.23547655261
30217.87 34160.31282374975
17979.86 35000.85797299436
59767.51 25076.961942029673
25370.68 30858.934127239107
32042.27 20409.595717948872
27100.42 38710.95522886066
21603.23 39521.73405971231
17633.43 24719.412360712176
24433.74 28177.274230634106
24226.73 33976.315488830754
15876.71 23818.462234470513
23899.36 27138.48285363839
55886.5 39139.851933318256
22658.18 23162.86608971521
62802.21 30275.649148272398
24889.73 26860.749529287732
20943.58 26984.83005604558
27894.89 28412.07754552096
25274.86 21170.629173039448
26148.85 21853.87941476922
18448.7 36092.679134193386
22760.45 12278.396420631208
28100.72 20069.82617114636
30334.34 30620.021591409677
27177.91 40484.06826114175
28139.66 35676.31732738701
26125.94 19472.735428108095
24724.78 32339.076674301825
18412.79 28300.04392453232
23309.82 26926.401695167526
44242.95 33398.31891618764
27529.23 30742.984569303146
38011.33 50224.96459640853
28376.39 31555.600017945355
16369.87 23150.911965005478
19122.53 20002.45889402292
14712.37 15630.292898008938
19161.36 27531.426545998787
16910.5 15611.286227607216
27444.81 25494.892727691433
45450.5 24505.63815458491
22468.1 24143.482078063244
23871.78 7010.386577223543
17332.7 19275.150528386086
28230.98 39429.46047425949
28467.18 39535.84308152957
34462.2 28581.937780942313
15715.9 27336.11430256344
50659.97 33965.77122849924
40328.16 25723.657634030544
42814.5 26107.993630303517
40003.77 1150.718503629938
38222.3 28182.639157487014
16520.44 22672.221136938555
43675.78 23302.905452699244
42433.4 33271.37404957751
27642.5 32406.057690020152
55010.61 46978.75205958718
28735.84 44092.620562239674
43333.93 36760.94273627723
63785.28 56809.14771989231
44245.63 30907.75275167588
21691.16 33896.66248404613
33675.92 43318.093087112706
49750.26 44788.51378513758
45792.23 32495.41593250797
82272.78 32003.332161293554
26975.37 25760.640982811237
46568.93 28398.1563843056
42318.19 39428.26527075115
32100.27 36734.24576923832
30901.93 25625.23174966479
38067.72 42596.050675607265
28427.28 36109.28658312542
40639.88 37411.85957671295
46930.35 34603.238567053646
30430.98 34618.900078272876
32622.55 28159.726693545614
32502.19 32066.316438338137
23291.11 27224.89753381267
22545.74 28528.836203758397
19004.78 35556.841993660055
29060.77 32902.19153287825
42286.06 24873.46873839586
43070.44 35152.66601674753
47064.3 28707.17265962751
24843.57 17263.367570092585
19415.39 30892.686006745513
31748.55 23572.727864731412
20422.09 35798.09440742389
27016.14 53178.3514343672
30932.35 46776.50789617624
54644.46 50511.78247660417
46689.31 32869.71760962422
27703.06 33240.130667199715
53457.54 41601.71511472466
42145.69 41097.35683847874
29181.2 44304.928004766574
18272.64 25297.692181291044
14370.78 18091.002239173045
33904.51 24652.750606897687
34066.28 23801.64963598706
36711.5 36509.667257320245
44889.34 24621.879025337243
21935.81 24621.879025337243
53170.99 39526.99842842097
43520.49 45853.76582981468
26734.55 31721.403296835946
31244.58 35317.41997230154
32373.13 50578.55319343157
36306.9 31190.30704285998
29713.29 41159.81619388746
32236.38 26131.085418418188
25896.98 25358.466644311346
51701.67 38406.60255200558
49170.85 36138.27517303583
77457.41 60083.00803934653
40309.89 43839.98220025526
35282.43 31764.792797168262
40055.28 23169.429327693455
47174.17 29856.032469281578
77105.11 33212.230575310816
33743.5 36039.01007664386
44175.82 35204.27437095919
42726.85 32570.30523131502
40433.91 30318.02979525181
42020.28 27085.22230339882
25610.38 35361.689402720884
26974.11 39389.311764129016
55038.49 43466.425930289806
38623.7 26873.06452221
45807.63 41937.403085886705
47712.76 36859.812578017554
25713.57 34468.390262018926
27284.09 43918.11758718027
61279.32 42741.92149550477
30985.08 25725.96056880126
26247.89 41603.317267745944
16071.7 17536.722007002707
28008.45 41058.143837863616
29031.81 34524.73743907342
28799.09 24383.933584231167
42622.86 52500.316475226275
72702.88 45372.945294731704
32779.31 41507.71028866652
22898.91 31105.743952492692
22646.15 25201.976717039233
23478.65 31256.86666165685
25775.41 32520.123945774052
44384.47 47407.08121852895
44679.29 42818.428394540184
44126.32 53728.30455518213
33685.72 37470.91037187836
80413.45 36767.11694520284
54166.27 48631.75359326967
34610.2 56425.99581959245
57465.92 36928.465131392855
47989.36 50241.47448751264
47730.95 49878.348368204664
43610.08 47004.89833482851
54837.33 35527.52784368606
56339.33 50380.21103090095
27120.34 39497.42411278369
46825.37 45753.531873266824
39616.07 17035.59220995653
55072.54 52287.76798688556
64952.43 51577.94684444103
78393.43 69765.09227525744
79612.29 74056.95299052632
45406.09 69371.93120284785
46412.43 72286.02509902137
85417.04 50148.75015730995
30794.9 36267.801518142835
50906.21 47147.374841481505
39726.57 29040.279667798517
28863.05 29973.900026473937
58001.62 50737.87566058732
36170.42 42350.30248961816
67477.39 50219.35521284928
21548.62 32043.20738265747
29089.25 34576.995159404214
58619.43 43531.65042795366
61305.48 47041.68397284435
32921.92 50336.069060076064
46154.52 32011.402909255237
58177.71 40035.00786125427
34649.26 51800.385727283865
31091.09 29565.760236717902
66185.94 41568.89787306572
59298.25 54033.22799296358
41860.02 65881.22213934867
57342.69 38121.150051050754
53774.12 27466.77334186469
34552.75 39547.30325575415
30099.18 32047.146409416553
53940.21 70863.45067183954
34579.07 40124.21834594264
34685.97 38255.55346917386
66645.3 54391.443218808075
34220.63 16746.514051593134
84747.69 48165.730425497866
42702.69 48645.80294682415
45932.52 49019.62984426096
36684.39 40534.052090042955
14297.46 8763.399716519158
34299.42 46019.10780938451
43264.97 26688.516100097662
50204.58 54184.87777027666
80227.49 51065.11346419214
61544.17 61410.208940434604
30799.24 7910.722693402751
43389.43 53691.76338922865
24023.15 38621.83235468048
29727.55 39720.350153197265
29554.33 51434.52731255183
61122.14 44021.31227683644
41208.43 49237.470921312044
77275.61 51497.02612100393
58217.65 40884.52941452488
80798.96 33574.29443392548
41912.12 36306.671836246955
72176.59 64448.40032533515
39377.94 17524.201187115792
46578.11 47466.27135383096
80564.97 48699.045436476226
47707.8 43100.04699681557
50028.48 42013.693839383326
47331.45 38404.77831241175
45505.25 9293.75869698561
64637.74 21917.398404342563
19176.17 19659.041680350387
12547.65 910.3912509781645
25298.17 871.1526385341581
26561.3 931.8052997340984
25804.39 30003.375340933264
25115.48 33823.208515908475
