1170.72 -2618.143019039596
1100.56 -3071.242811891037
4226.17 11836.684204209167
6261.73 11003.971949228358
2939.15 8500.429003483967
3032.73 10935.534659491996
3868.84 3132.256301655923
5213.91 5734.8512584252985
2817.82 10359.576590332625
4214.54 7877.0824261023545
5769.55 -1091.8075840255383
25504.05 2214.125188015258
8915.14 8576.416031901952
5869.95 10703.59316819535
18277.32 3958.2394791585493
7674.76 6405.853921583553
8643.62 2109.509589682486
9625.44 -2306.5990116681332
8574.43 19245.64616464093
20856.81 9321.11735296373
22117.61 16864.049266767273
8122.12 13250.29699809363
6279.86 20364.44980850771
8573.64 11448.248503057874
9357.9 19361.126492121726
10547.49 25409.868202047277
21184.81 23106.160446043305
14465.53 17307.803259359
10881.93 21982.80767987814
11723.9 13489.756118765372
11490.58 17202.811161681228
6776.88 14568.221965173043
8355.91 15083.559520612409
42455.04 19400.7997518615
31282.22 21207.01023427592
21948.23 13447.838246304262
11823.43 13849.839268488593
17985.57 20506.041586123083
6150.52 8701.538503894191
12803.16 12575.897906353997
14089.1 15744.308409303638
13895.33 18532.178454025146
23593.41 24003.058529499263
15709.19 11071.998773308082
10526.52 18823.77971212565
15916.98 9468.575713593287
9420.67 16444.34409808951
10481.15 20968.758099397837
7579.89 10849.511835243102
10083.06 10023.195207150284
9972.35 6136.7114183311505
26957.71 17010.823034022313
29748.39 22727.618665532562
21545.33 15506.609324310864
21200.02 15033.90009772374
15662.98 15006.902349696033
16936.58 21996.14016623419
24467.14 18257.996342779374
16378.25 15332.359444511934
19617.85 15992.459394326746
26278.91 24698.31293658435
33989.47 21733.12638758996
11061.76 8813.19309697604
22152.88 17878.43959080329
32036.87 21056.564053716516
28242.73 16089.66280741091
27011.41 17788.39638425625
44536.59 11178.86810056909
29349.7 9943.267073670466
32419.6 18399.931193647775
41994.4 14303.186819585359
41424.29 20091.25295664553
28258.9 15952.80997177983
22895.48 24912.71160448598
27317.6 18805.57417425268
19758.5 27915.86816813379
25028.94 23166.91544069696
15636.48 17725.879260572416
31772.57 27052.899053630805
31636.53 33600.02717119229
13293.48 24693.141548755666
46075.19 25339.78827311859
36051.92 24193.750670174188
36143.98 21264.213014501383
21681.48 16630.559100736835
15573.68 21002.357669408135
16806.91 34117.827790681324
27349.47 26765.29082920774
25065.43 19473.601577588368
15016.73 26189.242239490217
20451.43 33382.07784199402
12624.72 28893.23818369306
28436.73 86701.44576508914
17690.68 16859.01063792205
23969.36 43214.36475307464
29439.12 33980.18893543302
40563.44 17395.538917593356
16108.85 39913.10174113688
40740.49 27420.766363607916
41337.47 12395.089759783223
36385.07 28789.204233124285
40910.74 24282.684333050216
20354.04 16734.51809582665
18758.75 26811.090652677016
34578.9 30766.00494472293
12952.98 22608.846036811436
27861.52 25318.99886457266
18221.93 22837.2694825739
36594.85 11355.398517697291
46206.44 37857.10334057727
43682.51 47323.662279094286
29859.89 27534.56046292191
36597.59 31099.123434873123
25445.71 27412.89151397723
18407.87 18328.409756061978
35944.16 25760.660518862023
23551.15 27150.650181931058
23042.45 18379.083576432597
48910.64 17990.869500400182
19602.91 33374.26430729567
39843.99 33761.080024716975
12435.6 45130.360229590486
29723.72 27702.900238259634
30249.88 23410.568624290165
15144.7 26727.859683673334
8919.28 30888.155769611636
20321.11 29848.853485686803
20892.03 38292.25838660056
27367.91 33315.79342892658
47933.48 31294.386509215532
49880.83 33882.206120422576
15479.14 48888.00540908362
32198.56 20693.56959267395
34486.44 25928.995465986463
36475.9 33560.853074425926
15332.56 16728.43083307801
40934.17 50891.82264134344
34112.8 21898.4877630783
53795.56 33765.43270963851
61374.05 25438.514903084677
17730.97 29435.2812958471
10126.87 28037.25059807195
21509.08 19879.899034321286
18651.4 12475.667304831664
14265.71 17252.441547762734
14544.99 25844.70546385075
38650.92 37047.95084189207
52385.76 37621.59707474514
53200.81 47984.7197007435
51451.12 37145.5564485192
30031.59 34550.40382800866
16664.43 45674.055401017315
50429.08 21704.62102152325
22703.46 34166.75541850197
28087.64 37020.91196964212
19929.08 23894.224389541312
14609.25 23486.115778843327
15241.51 26453.392910426155
24746.94 20758.5228369515
21459.46 27402.423069719556
23747.82 37575.139061137634
36495.19 25768.35054583873
40028.99 28857.24152396008
18008.34 27089.459297532627
34848.18 26753.38303717163
37480.28 27683.86414641055
31063.11 29640.880798265767
43997.33 26646.60882233595
28497.79 26198.26998542028
26879.18 26136.902584245272
30770.3 33805.476087378454
21498.05 25271.83532407849
29574.06 28423.670672113763
19534.85 25592.429901661
47477.69 19767.838297340146
25396.49 25606.016561370932
18382.09 20185.74142825974
19441.22 22745.81745065968
25427.58 29834.27201145789
12303.89 21830.93802049305
20170.27 18317.67667169435
17590.01 15439.22661089427
46020.34 38513.69510386685
10746.16 25669.6449844397
21335.72 26501.522498741964
8281.33 21227.14179032091
17264.87 28819.962315207355
33133.9 20920.649512121625
20002.98 21962.654244936588
38379.4 30690.15317380437
51186.4 11952.135292300418
40377.01 26912.922735405704
20952.67 29881.6762873417
18468.56 23476.390271684333
53692.99 30574.418132750023
23390.07 18267.09995580909
19486.76 28873.870430731433
21830.67 29244.48381233688
35540.58 19085.3787905138
10660.4 21745.842078139853
38180.21 24384.958112885106
18867.16 18910.81693385649
16470.95 23388.171589539154
24583.03 24465.06613951443
11316.08 15130.075945471543
11185.78 34202.90030100641
7542.22 20789.597352705212
12787.74 9914.505440898658
29006.48 25952.85338977518
26850.07 40882.09311846115
23329.18 23819.08469567289
24150.43 15114.214522030043
37588.17 15204.2232558095
36119.09 34153.302328105
21860.79 18563.465951383045
26219.43 19494.333182629805
31296.74 19233.266085559902
26218.24 24370.62534228594
27481.77 22531.698954183466
28642.78 27396.547573080847
17751.07 22660.192565723868
8884.71 14235.69184176897
19218.46 28095.079695475222
10475.96 22343.71074800276
24824.76 32940.11427243759
30616.62 19773.95047772098
47630.87 30846.92850046885
19841.51 24837.457721685187
21466.53 27846.873472991043
16027.63 25791.79425619686
12762.77 14868.955096544658
13895.44 18577.855647629745
23361.15 35157.243183099185
12141.68 26314.939809082975
19345.74 26502.013490892892
38242.42 30257.085739161346
18107.37 26175.630256983335
40418.29 26883.28520396938
13383.54 25884.279390699037
26445.3 26501.58529927839
17703.68 21746.684550712398
34139.76 23476.42065904067
15293.55 24218.927877920087
24408.25 33180.689014251606
35259.26 22695.63381211049
34083.67 24677.58828687114
20295.85 28436.11112074271
42392.21 16226.417660699672
21909.35 18713.56362272901
25772.68 27967.483523858606
24440.36 34613.99153201994
24575.73 21086.724990483857
13217.48 21289.523926615162
25723.37 20611.581736654236
20944.9 14651.000500204615
21715.63 13631.526303926164
36653.94 11777.772641645754
13379.85 31566.315870681217
33878.24 22020.887156541834
49098.76 30542.49182563449
16077.83 29976.69106796764
41107.68 27022.691995609293
30828.84 7404.563086728599
54157.43 14645.469393604377
58477.92 27807.579177348503
40084.2 28959.818299501367
29152.52 26750.02219556089
17551.04 20025.028778071104
32551.29 12460.353427787606
25724.89 15692.780366582692
21312.38 15988.56103414616
36679.98 10977.613719996603
50057.77 27966.04316316829
24890.73 16806.85472489175
29809.26 22757.944841990913
25075.21 26597.924968640575
66297.14 21229.561164104907
35449.65 14882.448703416745
25878.38 22011.379628018956
13289.56 25931.318545614606
11983.34 26039.586265250455
25856.24 25603.801728258808
26246.82 20087.927296840688
14139.35 19735.485891961325
21463.99 24840.97205320915
13895.27 19689.855967577696
12147.67 19140.82018451113
19610.28 16331.864083118393
17313.83 29024.82981997562
15103.13 23230.084204355553
27900.31 28746.104157446796
39193.96 24249.101712432006
39720.64 39536.57545268071
36043.25 30242.86506414333
41076.57 26968.232585913822
24644.59 40529.76019644391
21668.0 30409.204574868392
33335.31 30925.078028218602
32840.2 47421.20839403045
38139.62 32675.966707764746
18045.69 40484.59999306177
32193.33 38827.13339150482
29676.92 31617.211620044272
40211.62 42524.20799383353
46473.45 31678.583444267817
53772.15 20745.818220904806
32208.25 42301.909761251394
11041.56 23554.887903482777
15408.35 23283.47472191005
16985.41 30743.320175471148
23859.35 46117.2414201554
32792.14 22426.97426524145
31602.11 31912.549881463223
23143.56 26276.675779875135
21900.14 23665.51307422316
27521.1 24013.7235461887
15385.05 17977.292024424605
17408.77 37569.33028162795
24021.65 35979.69629518001
19750.73 36013.3271304036
54240.32 34451.09828514065
13890.99 31495.53919343548
35248.15 25966.39588652724
25089.78 17698.349126061705
62504.57 30535.648660515133
28462.73 31861.706297061875
30217.87 26832.467752694483
17979.86 29997.179439103475
59767.51 35712.40748819155
25370.68 42571.36052735196
32042.27 31174.77188061407
27100.42 15583.509323968092
21603.23 40670.46148946372
17633.43 33037.094912436085
24433.74 36087.84732736753
24226.73 27999.43947552843
15876.71 27656.792253233383
23899.36 43443.78922588227
55886.5 30173.234057758913
22658.18 34700.098495482154
62802.21 35654.78556503103
24889.73 40901.913204103694
20943.58 27576.26927037143
27894.89 22755.565039297613
25274.86 39200.451585461444
26148.85 38033.947827915064
18448.7 45356.893716843784
22760.45 18354.59346057718
28100.72 24783.739831011768
30334.34 4070.1457133145877
27177.91 32349.30161424331
28139.66 30645.412788631875
26125.94 23224.270427813935
24724.78 45627.87013081479
18412.79 32303.563038178916
23309.82 20908.152002790226
44242.95 29655.581998678637
27529.23 38864.39902723839
38011.33 25595.35924281177
28376.39 56509.56318932935
16369.87 44350.7576792279
19122.53 43858.62404414145
14712.37 39678.00016736369
19161.36 27711.134030096106
16910.5 18266.58161503746
27444.81 28854.755297992146
45450.5 46759.206060654105
22468.1 43262.398722509184
23871.78 29893.94082694119
17332.7 32918.123415349604
28230.98 38521.03506849857
28467.18 28038.124605967627
34462.2 26048.056977175158
15715.9 19155.38089404654
50659.97 36904.80843124661
40328.16 41925.35504373518
42814.5 23890.695337031393
40003.77 44926.34863535901
38222.3 42096.757830827824
16520.44 35018.570955153096
43675.78 21054.441395585272
42433.4 29525.828594872015
27642.5 38765.70737649581
55010.61 17144.028644091057
28735.84 33837.738748764896
43333.93 42485.86985323996
63785.28 32983.71715757125
44245.63 34691.88236207609
21691.16 53619.66320642568
33675.92 39099.3862770243
49750.26 44108.14144728779
45792.23 42544.752142650104
82272.78 50397.275844999174
26975.37 38116.39838208059
46568.93 41106.8285183126
42318.19 53797.32065683664
32100.27 36468.726233217785
30901.93 39051.45636740334
38067.72 41233.71396342825
28427.28 41233.71396342825
40639.88 34616.466413374845
46930.35 38511.88746132962
30430.98 39425.447877648905
32622.55 40313.02406556547
32502.19 28947.478601840536
23291.11 41222.11652759152
22545.74 20089.834474851777
19004.78 19481.05161197748
29060.77 30834.924009112132
42286.06 26244.82368543652
43070.44 39270.715594242065
47064.3 44140.25750656178
24843.57 40369.241957808365
19415.39 42969.2884958205
31748.55 23662.87477641863
20422.09 26339.725897789103
27016.14 28807.209957247484
30932.35 34989.6665018065
54644.46 40530.01004804044
46689.31 36912.16372461141
27703.06 36648.1087400842
53457.54 43024.76419376676
42145.69 24455.150610087152
29181.2 13637.863350743884
18272.64 40956.41056423086
14370.78 26743.46608966772
33904.51 32186.069582104607
34066.28 29607.87628021998
36711.5 31870.717971456812
44889.34 26649.155080214514
21935.81 37047.640350637776
53170.99 34088.70184727077
43520.49 40069.38958707827
26734.55 33076.95880219127
31244.58 29713.095202630935
32373.13 55210.63822067244
36306.9 50280.338410018354
29713.29 30898.29390330594
32236.38 46495.375739981406
25896.98 43054.59809505247
51701.67 35249.53208280689
49170.85 38574.70623017068
77457.41 45588.67266954777
40309.89 20388.500995882725
35282.43 25827.029341252608
40055.28 30463.516504594445
47174.17 21590.48550337896
77105.11 77335.12499116983
33743.5 48251.7033511469
44175.82 31389.43350043919
42726.85 19870.236665336015
40433.91 41527.663016206716
42020.28 35585.93774211057
25610.38 34033.23236185071
26974.11 36615.26203370899
55038.49 41269.651469107564
38623.7 41330.9556645814
45807.63 42689.92388847912
47712.76 47373.480931730155
25713.57 24225.528957100636
27284.09 14434.110744358037
61279.32 49583.96176410006
30985.08 32887.17747187692
26247.89 40003.375283844936
16071.7 32804.25159193085
28008.45 76125.48435548105
29031.81 37069.78327956236
28799.09 31489.375287021416
42622.86 45383.06952064634
72702.88 47776.063702969666
32779.31 22512.89161160013
22898.91 47246.62668430034
22646.15 47946.07515430688
23478.65 48384.27481085264
25775.41 46255.92634326369
44384.47 38274.95177425546
44679.29 38887.04328001505
44126.32 35780.354089650544
33685.72 44852.481563973924
80413.45 28711.07888020468
54166.27 53821.981009414994
34610.2 42479.25118315646
57465.92 57538.36198224553
47989.36 54126.550308177895
47730.95 53672.61135159938
43610.08 54749.606112323105
54837.33 85974.89069279176
56339.33 39830.93730081312
27120.34 44335.080369402065
46825.37 44837.53861525954
39616.07 39091.44011839741
55072.54 40745.295148890116
64952.43 35224.98686454532
78393.43 49554.67834665624
79612.29 36937.56843236508
45406.09 49253.71048983879
46412.43 49364.67498605826
85417.04 38538.01444277966
30794.9 33761.710326014836
50906.21 43193.25843816586
39726.57 30511.728949101864
28863.05 41913.84357035314
58001.62 56296.12861095306
36170.42 55122.768790542745
67477.39 36361.8849636158
21548.62 50312.56359366531
29089.25 35819.607396125764
58619.43 56024.29007391909
61305.48 38205.41402329126
32921.92 37487.98299107979
46154.52 39797.648829804246
58177.71 41621.80682767262
34649.26 41018.64441022619
31091.09 35541.324038450264
66185.94 48084.2904914686
59298.25 59734.98253364357
41860.02 27892.392584815236
57342.69 39764.510202225836
53774.12 47702.130724785064
34552.75 39607.87357696116
30099.18 44786.97884876637
53940.21 46484.289554533156
34579.07 26630.203093815016
34685.97 45810.16138295712
66645.3 44835.089867031085
34220.63 40774.45809734794
84747.69 31684.510329302462
42702.69 43599.140601028856
45932.52 46509.867807855226
36684.39 36091.69261096572
14297.46 52110.10577881139
34299.42 62963.719501995074
43264.97 32869.34056640003
50204.58 45773.13357893248
80227.49 64887.52554200109
61544.17 56107.358166692815
30799.24 36525.36921081209
43389.43 44302.66138194915
24023.15 41664.65873994003
29727.55 45917.39525720297
29554.33 49127.2366921103
61122.14 55980.96675246372
41208.43 51034.3538609618
77275.61 46900.71484702295
58217.65 53299.198281563535
80798.96 37858.73682979897
41912.12 33230.60058467041
72176.59 25005.80549902675
39377.94 54692.22343894814
46578.11 40076.84266020302
80564.97 36431.13072584933
47707.8 42777.805946243556
50028.48 55894.828051095996
47331.45 59593.902208999054
45505.25 18919.557688087833
64637.74 39587.08227764639
19176.17 40232.26986868553
12547.65 35224.27033068292
25298.17 35565.845419518984
26561.3 33902.101803054946
25804.39 60832.62854173309
25115.48 46428.842015537106
