1867.67 3152.4707944517836
569.48 348.9712465819704
1630.52 1359.1809166659025
1248.45 1062.2300029285213
1088.16 2206.9074981841422
9970.6 4284.615673960605
6428.76 3125.1351736419515
7798.32 4218.567073026314
861.39 1802.7924022559334
7584.03 2676.185291500122
3045.04 2690.3612938271676
5338.01 402.4632011389063
2935.29 5179.208592178786
4370.26 3894.716891854813
1394.88 1537.6678845199706
9284.6 5132.966542516458
3954.98 3765.8060365932365
4197.64 3785.502462491076
4584.15 3222.099307095133
1574.07 1802.024905923002
6954.27 4081.270767638407
2025.22 3205.5192965741085
26380.73 13653.171219930231
22035.04 10517.241057218429
26318.09 13165.406167780964
9244.45 5849.501059355409
9175.25 9655.593559813025
6179.51 9879.40428761659
21032.81 9325.85995345505
17637.19 20004.018717462895
25247.12 10220.691805351278
12641.28 19182.552190494895
15220.92 16276.893661626853
4280.54 7643.7219664852755
6444.42 8729.891118911135
9145.08 13748.180574966655
7959.75 13381.780678523359
5849.28 1158.4464489800932
1399.69 285.97091967994044
2459.61 8882.865376183756
18132.74 12952.573045652212
15650.59 13344.83782258644
6381.35 13883.956733177767
14414.88 15347.499645493046
8031.22 15641.03025280533
10467.54 8389.196827490798
7806.33 20151.80427186164
5900.8 4922.694673513266
3159.67 10553.259454823701
4458.8 8482.707528919835
13346.83 15234.306993967892
3294.92 10687.334743521984
6297.94 7942.511987029656
3371.33 5311.144223248682
7785.67 4032.2301629502313
8342.78 5483.283608444769
4747.82 3199.2660942277566
1371.1 413.16511771567195
11995.71 13083.317900354265
8042.2 5606.354662778924
6365.62 7200.268635396287
11328.68 9007.840372291765
10088.66 15412.32500299379
17346.02 18660.09087984005
8235.78 5683.972721539899
11792.54 13028.58460367041
20523.69 6941.427513111519
8367.06 11633.118613536584
12567.18 6035.708274202695
2141.16 14771.445919865031
1815.61 2784.7691964243013
5969.76 7328.159063544752
6968.36 7716.045678195492
7028.03 10570.419354146687
2743.63 3311.621584708644
7269.81 8609.640255209142
4172.91 5897.866003154561
21919.98 8595.074349039529
15378.83 12343.01161173611
14435.27 11216.470046771286
12309.45 12453.133813410825
5859.9 11263.063481286283
6469.71 4460.84748522147
9407.76 4460.204522207037
8691.82 11469.800250266517
1984.88 6286.555155808989
7843.01 7886.5308199562205
19689.12 11400.622448025451
7417.08 9572.748573913994
49779.87 10580.424935857236
6340.44 5552.446012205723
47697.81 4416.660027349452
9994.81 6913.165462933133
2411.62 3056.31735189012
16372.72 10612.869947141713
13162.84 11263.142140186059
3697.62 5053.4136955811955
5542.84 3414.1627505727365
7298.9 7411.022240525086
3987.01 2542.5897149338143
2664.91 2864.40268744483
7513.09 8069.615538209177
10776.42 8310.690372621093
10090.94 9116.215446543943
8906.44 7883.625582452674
16810.36 10641.128547991228
24221.01 8862.279911139794
3116.53 8307.633784232114
16132.55 6399.004451591218
8039.24 18064.49335027203
6196.26 9442.650416588724
8834.61 6492.878126331664
19928.45 7253.697467896177
5520.63 12667.600634869186
4988.35 4353.622258838817
17761.54 22270.306581456418
25512.55 12716.664505437147
4510.47 17129.51878284439
21220.14 11415.277889508478
9216.79 9503.651937180906
18600.51 5182.480729724886
40417.46 21297.23894564877
7000.35 16927.26732560019
17251.41 19417.512705621146
23809.4 11722.069434327675
15302.63 24342.292841254028
12045.47 11072.71007289964
34838.46 17401.165795521832
20940.9 22332.007756939056
23996.8 20704.66629618845
23832.32 13954.939085421795
24430.13 21183.6771054919
20500.18 20491.600861131483
14171.7 17437.27649745877
20417.04 14082.16445482917
35205.82 23720.45349242719
17047.07 21527.5795748743
10007.63 10257.707153939895
19125.86 12537.850494674633
28091.66 13751.514431433105
4605.79 11506.83211268006
32882.66 19776.941421203937
29534.56 14129.929894607445
17033.75 11026.480445052544
12649.27 9875.737588667855
20666.67 28519.48838867581
14342.29 12962.29028008152
10639.99 22692.069539160675
13331.97 18878.832598270055
28053.41 18961.691766052325
21421.46 10488.617059609438
30010.07 12988.711984814368
20674.92 13342.844353656163
27779.03 22992.604538187068
42990.33 20716.85392480903
4179.81 11314.048614234047
22725.4 27497.640293193195
23348.11 16037.003858131546
20288.68 19977.66958671101
31537.16 20321.744028542547
18680.28 26753.890003452714
21561.23 11899.046563623662
16522.22 22325.06018143243
19944.14 7235.42969341827
20766.51 15960.397395895729
18560.68 14068.069907680232
30135.82 23358.286845884846
7372.17 13578.34930676594
16024.78 12420.478002970485
5659.69 9219.45971216484
19395.82 15176.883971349951
28270.98 19597.548580139697
10751.61 10242.960606384862
13371.66 14563.510255703775
26213.86 9078.468401474142
16796.0 16986.45357624201
11358.98 17015.904545329242
20741.16 20487.92980690256
20109.05 18823.169694746524
7390.43 22435.00492259756
7186.45 22446.25441442541
10828.87 15015.813822356109
9896.06 12898.14112321063
9238.16 11688.159066586588
12039.75 11945.856442114842
18281.6 19765.707507140538
6009.26 14257.36494214629
10472.46 15948.936703221318
11365.5 16956.6395089813
10188.89 12922.310416394555
9271.14 15709.476730813325
34945.97 20672.588093605693
14872.03 13087.488023130685
12643.63 12733.347959996656
19335.74 15498.659363614792
25036.59 26023.408726481353
34279.46 25727.337434129084
24427.73 26029.12449756007
9162.83 19413.51412895468
11599.7 20459.124511834594
11974.0 15494.177034757744
32590.37 18369.947277907984
17130.57 16743.621193190917
16772.38 12974.292741429426
13516.77 19299.432175208036
23381.49 3139.775214767167
38184.27 14425.789620376325
22739.79 14786.653412727359
28811.94 19887.26948777719
20670.51 17381.74535401496
15851.37 29884.72051066303
21279.02 26942.43986920813
32002.64 22716.94165578441
7524.4 21746.757827573507
30582.49 12191.802626276643
31447.05 15924.43262431843
12386.06 21934.13727893214
13789.64 19309.91857783894
19568.43 25738.677371770304
29803.37 22948.021698583936
10001.26 16086.963060001846
37806.68 17570.498084983406
11010.77 12070.723163162114
10713.97 25141.947586447706
12205.51 13532.958843216571
34962.34 27405.758537473448
25347.61 21867.32572201262
46399.97 24690.428324061144
19677.92 11848.295377432047
16777.97 22566.339876974245
37459.7 22020.717099066533
31114.81 27698.667041069737
29001.09 14485.26560058376
35503.91 22837.097890219073
24152.87 11973.87089951625
13285.9 11937.573033588635
10020.2 11626.992435897193
47821.13 16800.546553156353
31137.71 25032.549552519595
25599.45 19751.95055465159
10567.6 14867.510992124084
10462.84 8036.440379730818
4644.77 6068.83245852713
5845.94 12208.103959271639
18185.68 8179.764598031397
30016.81 23366.53747311754
29275.2 14743.212610608582
31565.63 25366.90617292542
20459.03 25859.208484519648
11889.01 18744.81929327875
39464.73 15123.857946157033
11937.7 8316.920650260041
13756.7 22651.751511521637
25925.72 22359.598392824868
9412.97 11655.072557547364
38587.5 23271.85910545864
36998.69 26609.977894742806
22906.69 25855.21820979184
22234.97 33483.5255712596
7649.97 9901.712034799468
13852.8 17837.39181756538
18733.95 15826.070399327135
14189.14 13258.414222554436
13702.62 11247.639289207027
22993.92 15519.01064185369
13551.16 15333.091982088112
11641.76 12732.820443480608
26518.85 14531.937960731955
29281.59 12616.595247588562
8622.63 13692.527162748109
11650.03 10488.166664327075
41778.85 21797.2325928449
18201.43 20135.25573144732
9992.86 19232.84966647137
29489.03 28399.843913249217
26083.74 31420.043189680167
9419.25 26082.080509207633
13703.8 24237.68858108606
18064.68 23386.85199342066
46335.82 21965.154527619885
23621.48 11914.97612756193
14165.74 10915.478660156114
18227.24 23382.557040191932
20407.33 17353.349632931022
16221.13 17147.61927507893
25070.22 17459.276197224273
17624.34 24460.786039634746
23300.95 16394.214565570113
11393.38 18579.15148133905
23335.17 19399.83426534978
28948.6 20789.664510273797
24878.78 17177.267845159426
19778.02 14751.709183996583
5805.74 18550.181566397096
3874.19 10630.04057871033
8699.31 11102.888467132627
13128.78 13742.443382990215
12450.94 9623.300986542023
28829.25 14969.607088441071
30076.13 15896.203476416633
9202.22 20853.99198357369
17052.96 28032.54841058137
14227.97 14002.601122957209
26649.46 15397.526491973105
10797.1 20393.37031858341
11771.26 15303.929532310594
18839.19 12803.41299240174
12000.61 21714.054393298
18611.29 20703.69975265917
34508.93 20890.62765990399
8864.28 15281.162667669349
11051.26 13278.365760281144
4092.72 7135.337472773702
36833.59 14138.804783239275
38255.93 21980.08100153724
19409.63 14635.03407729025
10335.55 12480.540646163168
17101.6 12641.639206343529
16576.23 24768.945445595004
10278.86 16068.55449120581
34408.52 26775.955370271116
18115.21 25008.362664840293
11899.76 15565.590642574924
11219.88 12971.769210856943
14254.23 16685.402550117768
15969.9 18761.840462849505
3687.2 12088.540939702752
17745.55 14375.657133094297
33246.77 22598.157596026573
11319.29 14067.095196379456
5908.96 7641.4118594304755
12208.5 16957.081222793287
15830.46 15499.92186891358
14603.78 17830.84912503444
5527.79 12265.08532631973
25964.57 17246.861805361154
10737.3 20693.882809719922
7824.14 14197.908489314894
18857.56 22301.9911932911
6185.83 16623.766929810925
23495.43 14533.292611092933
15207.72 14181.158738425658
27203.14 15223.880980159061
14371.69 23809.10280025167
4520.31 17836.91720666834
9885.66 17304.848566648543
9485.75 17113.447552672173
11157.69 18092.661514202417
10379.46 25933.671834058194
30798.08 19877.2597102782
24219.72 20433.70823404998
12540.61 10859.696451385465
7635.07 11569.434588886405
15386.11 20204.137254789537
21685.4 17406.18744235211
9552.16 12107.367356568791
8004.59 12160.656277565437
7056.12 19957.085301798765
17963.71 13796.707128167394
8608.09 15461.402500556882
13503.53 24518.1456807555
9889.64 12960.342971929493
15790.14 16199.419023817365
11492.47 14786.41766724528
8590.53 7909.725080880196
6423.92 10205.71855411712
8116.28 9200.810857147308
9060.29 10055.97380736747
5243.95 10207.45290837644
22254.09 13790.322233566565
7460.39 17102.77199695156
17523.31 15965.118043062137
16892.17 9757.177570068585
5581.38 9586.421875833612
11786.21 8186.182584230419
6532.33 8376.681551909958
10692.49 8976.959744498707
7833.28 4755.4946971978125
4525.54 18206.94192623845
53975.91 11366.221827843963
11777.36 15929.07468787428
42922.97 10780.358959711553
31097.45 15131.51729218586
8413.78 24210.188097215898
28374.87 24087.54197040461
9050.74 21319.164696671593
8514.7 8165.871833928412
17483.99 18871.562465929488
9309.83 20252.302295000896
41084.39 14410.14599936264
7674.32 21290.025701714014
17682.21 14505.722043266274
14153.74 14382.691348613873
12694.17 13386.079753927585
8078.37 6952.6186912440735
26948.02 24862.215404015453
23016.08 20789.289328924016
32277.47 15322.135746971793
47109.95 17808.80422893017
25310.93 15412.604363149081
33962.15 18452.352535623308
28703.4 22500.756378114555
11580.13 7596.79754694678
12373.55 12557.884710172599
15490.65 13736.247947579363
21348.17 19738.364591148285
19448.1 16356.357963881264
16515.5 14890.20235275372
6881.88 15047.92129427848
9931.11 16798.76688796157
6378.33 14743.277379008163
17939.39 22584.061379779578
12471.79 16347.358920172632
49996.84 22451.82471293854
31964.73 28478.555760636846
21097.99 21950.651680205483
11670.66 39217.94593007671
9956.5 15192.463139341502
9984.63 11827.466280425993
4945.53 15606.528510913226
5246.07 12796.1025300826
11017.68 11106.230463114633
8848.57 9430.53466321331
5955.73 17799.401821426844
27048.84 10782.892626337409
25229.74 13761.436886295909
15270.75 13659.269814498337
10315.11 17197.88052592717
6493.03 11311.045792326631
5330.93 16086.02664978496
10335.64 17264.38613466791
8956.94 11377.720741303125
10224.03 23624.858828306755
7346.31 12595.226890259517
15672.75 21035.41953331335
20856.86 18119.920132848692
20024.96 20112.226675769172
8114.22 15437.085157002119
18718.6 14488.693522689176
8508.05 5959.429026316488
13656.8 10277.179182327318
7650.4 26602.319564169702
28960.2 17551.298093993122
22396.27 16935.70031194709
12317.5 17336.870951263627
16830.92 17093.334647501255
15815.34 31373.629247036333
8536.56 22987.715985419905
7599.9 8026.939953028142
7144.59 17101.69278250679
22702.65 20494.68671126697
6459.02 17134.218375733624
7505.99 11743.151807620423
32856.78 21576.270379528018
26190.58 14979.332981117243
44339.35 18569.849928369647
7488.36 9838.572046141757
16438.39 12773.305950286294
28660.16 13408.449531588074
34035.13 12059.145982685974
10592.43 8047.268499842153
25138.81 15758.598409581267
20139.63 19693.72372947578
25760.83 22492.74981262245
3728.32 2771.2929949437757
6588.02 9005.680239164398
52947.87 7881.916063978755
9488.19 29919.356191260562
36634.41 18196.588753522516
15126.65 24888.091135769628
8500.73 10807.666902651203
13528.05 14590.045702799733
35508.13 29552.060171003475
7122.95 14729.185371717578
38102.64 22014.56020769722
37761.33 10970.77681810066
20094.82 23142.937603552025
39153.0 21570.36164664559
5872.78 11267.34399406397
8164.72 8975.784507288323
28410.14 9502.62037315086
16481.98 20673.49845171341
10682.17 21112.6928100821
15578.13 14063.819259332353
30179.9 14047.059523677437
19677.03 18205.142525053376
31861.35 13544.769884527239
30094.78 36464.62643413549
8186.08 32092.925099343418
11526.62 9551.150210404014
46998.84 14223.237961452603
15757.85 15502.688179988168
21828.56 14611.386734540301
49147.63 27391.950470188596
18580.26 24155.349132294545
11960.56 19882.57411685947
27912.23 11870.097898451975
6004.9 5920.817072469692
27134.39 15148.944027488315
11557.57 12157.432029356096
15907.96 11439.532259937769
16286.87 9467.62769363096
16225.99 9298.009983708298
22464.95 11564.906877252219
6237.53 9342.867835703184
10373.19 16803.776505006346
8509.52 6780.5020767816895
8007.88 6642.106464709342
34550.01 25682.613336367074
9352.39 13034.109386884362
14111.91 92.422191592983
6862.11 6297.284004274053
58536.06 59.71203913127639
18667.07 9499.829402374928
60601.16 21658.986425166928
52933.68 6829.302577387387
7985.59 8993.853922979713
12737.31 27791.015072399892
27778.38 27804.330468009455
7474.35 11752.401037574466
10359.15 12159.43266254804
16022.0 4761.846695775212
12712.09 11995.385680620242
39440.51 3984.9558339734217
26417.78 8410.847995483504
43126.53 19137.69290413156
9094.19 13719.650879739878
11705.72 14207.016121791536
36075.0 6426.92342111892
10093.77 27096.180612942862
26975.32 10465.610853268534
14533.55 26724.807467042054
23043.37 22128.61439979874
31606.35 19858.27996057188
18081.91 304.9898796667262
20304.43 4531.847841337262
15196.01 22331.711164178283
37664.37 5909.544440699487
12225.51 6070.668351068044
9208.41 6071.220959729494
14718.29 18643.43124910442
13806.21 17969.132711917657
9115.74 27137.965057751524
7297.59 14892.228016463814
18149.76 13040.035021699316
24268.2 16689.099802218218
19390.3 19727.2478927618
9160.66 14840.116528167366
17273.72 12901.787094832107
18044.8 14070.206234938705
11391.85 20955.480874481902
11489.66 12586.493742874954
6624.04 12065.440744890491
43294.64 22546.465928993715
22755.35 19477.903039253484
15090.76 8655.762521699944
37408.92 290.0546224328063
16715.29 5426.455057593303
28998.31 17120.77538525572
22121.95 9453.914491045989
30187.72 21469.549182565654
29687.74 24401.222613153015
30753.85 23678.241729388134
34722.56 15574.477947123194
14123.73 19170.897371385636
32113.43 20506.39012990058
24908.86 21547.421438294386
28320.91 23596.500206372326
33457.14 21692.172432900526
25232.17 21648.89887145316
25046.78 5940.4080005023425
25190.08 23662.649794287936
35461.33 22618.45221989993
10042.79 17068.244345151106
20590.3 16855.521616639522
27116.47 17861.725964123718
28166.0 17015.967035986927
24357.01 17405.97733672481
41770.2 31431.52770388807
14875.41 14030.346734478964
41585.11 19926.34943554812
40725.72 13378.824370587256
24081.3 23308.66480328791
31804.97 19816.824511231214
24871.96 19424.2604798841
22603.46 14070.369532516585
23296.79 14072.599947142744
23247.46 22054.863404114672
25130.18 10767.244533427538
26262.59 22840.43117597899
20030.28 24137.50571273169
35382.77 29124.49533160607
24745.11 35197.96040556856
33317.34 16541.80089751988
26992.27 17312.951344802892
38005.24 21868.788406621792
38679.57 23836.343019684544
26883.89 19569.63451579546
15611.56 17006.9469383502
