1867.67 -3897.09375
569.48 6256.3359375
1630.52 -4662.890625
1248.45 -4348.328125
1088.16 1827.3359375
9970.6 10394.9375
6428.76 11268.1796875
7798.32 9100.828125
861.39 -3884.5546875
7584.03 418.953125
3045.04 -3198.046875
5338.01 7590.296875
2935.29 5887.2890625
4370.26 10563.875
1394.88 3349.578125
9284.6 4890.359375
3954.98 4372.0078125
4197.64 9214.3515625
4584.15 2911.8046875
1574.07 -507.359375
6954.27 2739.4765625
2025.22 5489.109375
26380.73 11711.421875
22035.04 13875.1875
26318.09 16567.625
9244.45 16098.3125
9175.25 15061.046875
6179.51 18880.375
21032.81 11745.7265625
17637.19 20035.59375
25247.12 21186.046875
12641.28 22533.0625
15220.92 19033.34375
4280.54 4790.9375
6444.42 12413.5078125
9145.08 13048.1875
7959.75 13126.125
5849.28 2972.5234375
1399.69 -5012.3203125
2459.61 -2104.8359375
18132.74 21175.71875
15650.59 16056.25
6381.35 6689.1484375
14414.88 16721.453125
8031.22 9713.5625
10467.54 7578.96875
7806.33 9015.71875
5900.8 2653.84375
3159.67 -4587.7421875
4458.8 18963.9482421875
13346.83 11451.78125
3294.92 1326.2109375
6297.94 11341.0859375
3371.33 9129.0859375
7785.67 8022.7734375
8342.78 -2308.96875
4747.82 8639.203125
1371.1 12330.8046875
11995.71 15076.515625
8042.2 7873.5546875
6365.62 10750.4609375
11328.68 14723.4453125
10088.66 15292.765625
17346.02 7754.21875
8235.78 12070.703125
11792.54 31173.15625
20523.69 19496.875
8367.06 22609.4765625
12567.18 12852.6015625
2141.16 4020.6328125
1815.61 -2960.34375
5969.76 7313.484375
6968.36 -634.7578125
7028.03 11397.21875
2743.63 -995.236328125
7269.81 15140.5078125
4172.91 -1688.4765625
21919.98 18894.890625
15378.83 13345.90625
14435.27 25243.1875
12309.45 12530.640625
5859.9 9503.4375
6469.71 941.3125
9407.76 983.46875
8691.82 4854.46875
1984.88 -2115.03125
7843.01 12554.9765625
19689.12 9211.1484375
7417.08 5782.9375
49779.87 13581.5
6340.44 7592.578125
47697.81 6093.125
9994.81 10212.171875
2411.62 -2326.2109375
16372.72 8332.5625
13162.84 14885.1875
3697.62 2776.0078125
5542.84 -3168.9296875
7298.9 5938.609375
3987.01 9883.087890625
2664.91 8196.0
7513.09 17958.453125
10776.42 13382.1328125
10090.94 10876.859375
8906.44 12062.5625
16810.36 18453.8203125
24221.01 2685.625
3116.53 5916.671875
16132.55 16556.6015625
8039.24 7424.28125
6196.26 2328.625
8834.61 20880.3046875
19928.45 4600.6328125
5520.63 26547.2578125
4988.35 15647.2265625
17761.54 30182.9375
25512.55 18723.3515625
4510.47 16270.9296875
21220.14 27651.921875
9216.79 19593.640625
18600.51 13379.5859375
40417.46 27214.875
7000.35 7144.796875
17251.41 16964.9375
23809.4 16155.4697265625
15302.63 27519.84375
12045.47 14686.375
34838.46 23845.65625
20940.9 27251.234375
23996.8 14745.828125
23832.32 28177.171875
24430.13 21515.515625
20500.18 36577.796875
14171.7 23582.21875
20417.04 10228.09375
35205.82 21010.125
17047.07 25984.984375
10007.63 11083.6875
19125.86 14411.796875
28091.66 26652.5078125
4605.79 6025.5234375
32882.66 24861.140625
29534.56 17992.453125
17033.75 7033.8125
12649.27 16252.5625
20666.67 25800.796875
14342.29 14609.8359375
10639.99 25184.34375
13331.97 19185.859375
28053.41 15347.12109375
21421.46 19769.796875
30010.07 20024.015625
20674.92 16589.109375
27779.03 30666.71875
42990.33 34231.2734375
4179.81 5245.3515625
22725.4 27642.796875
23348.11 19878.984375
20288.68 33926.8125
31537.16 30277.453125
18680.28 24448.015625
21561.23 5009.515625
16522.22 23047.0
19944.14 24003.15625
20766.51 8472.0234375
18560.68 20989.984375
30135.82 28210.6875
7372.17 -507.453125
16024.78 2880.3984375
5659.69 18387.15625
19395.82 24586.15625
28270.98 20883.296875
10751.61 7172.390625
13371.66 13981.1171875
26213.86 4846.8642578125
16796.0 28173.953125
11358.98 10151.8125
20741.16 25824.453125
20109.05 21608.28125
7390.43 17967.453125
7186.45 18005.703125
10828.87 15484.203125
9896.06 10311.4921875
9238.16 11304.328125
12039.75 25716.3125
18281.6 19919.3984375
6009.26 19247.375
10472.46 9019.8984375
11365.5 14851.671875
10188.89 12908.453125
9271.14 15859.515625
34945.97 23391.5625
14872.03 12446.21875
12643.63 13231.1015625
19335.74 24616.25
25036.59 17455.875
34279.46 28751.390625
24427.73 10803.90625
9162.83 14902.90625
11599.7 19597.521484375
11974.0 18670.75
32590.37 21013.234375
17130.57 14773.515625
16772.38 12180.5234375
13516.77 18751.25
23381.49 30527.0
38184.27 20807.078125
22739.79 22588.125
28811.94 29465.2421875
20670.51 20462.375
15851.37 30218.28125
21279.02 30765.515625
32002.64 42478.359375
7524.4 16841.71875
30582.49 19304.390625
31447.05 30013.640625
12386.06 14789.75
13789.64 19081.7421875
19568.43 40179.7421875
29803.37 19978.828125
10001.26 17396.046875
37806.68 25002.625
11010.77 7215.640625
10713.97 23069.0625
12205.51 15367.3466796875
34962.34 24286.96875
25347.61 18986.234375
46399.97 17888.734375
19677.92 19664.8515625
16777.97 23296.21875
37459.7 23582.9921875
31114.81 28549.015625
29001.09 28269.7109375
35503.91 26714.640625
24152.87 22394.1484375
13285.9 19157.9296875
10020.2 19226.7421875
47821.13 18300.0859375
31137.71 33529.1875
25599.45 21113.671875
10567.6 15149.25
10462.84 10832.84375
4644.77 7966.90625
5845.94 11515.3359375
18185.68 21231.828125
30016.81 22147.84375
29275.2 22618.796875
31565.63 21532.484375
20459.03 25807.609375
11889.01 17702.623046875
39464.73 10805.109375
11937.7 19395.890625
13756.7 23687.78125
25925.72 14871.625
9412.97 12887.34375
38587.5 26403.015625
36998.69 27200.875
22906.69 25387.296875
22234.97 32191.578125
7649.97 11443.4453125
13852.8 29504.765625
18733.95 24385.515625
14189.14 3245.9296875
13702.62 19203.7109375
22993.92 9907.0625
13551.16 15863.2890625
11641.76 12105.03125
26518.85 18873.3125
29281.59 23916.5
8622.63 15309.84375
11650.03 13095.375
41778.85 25858.96875
18201.43 16735.6953125
9992.86 16872.21875
29489.03 25580.806640625
26083.74 32095.25
9419.25 27148.921875
13703.8 15072.234375
18064.68 17452.6875
46335.82 31594.640625
23621.48 10701.171875
14165.74 13960.3359375
18227.24 22673.734375
20407.33 6017.546875
16221.13 15939.7265625
25070.22 23000.21875
17624.34 31137.96875
23300.95 13880.546875
11393.38 12334.390625
23335.17 31690.390625
28948.6 18090.640625
24878.78 19315.5078125
19778.02 9173.4375
5805.74 11665.9609375
3874.19 6541.0078125
8699.31 2794.484375
13128.78 10470.7890625
12450.94 4913.03125
28829.25 16603.9296875
30076.13 25780.95703125
9202.22 18487.59375
17052.96 16325.3125
14227.97 22562.96875
26649.46 16884.9375
10797.1 17646.171875
11771.26 22760.734375
18839.19 15730.015625
12000.61 17000.96875
18611.29 13859.015625
34508.93 22233.46875
8864.28 12840.5390625
11051.26 10132.796875
4092.72 7196.671875
36833.59 28526.4375
38255.93 30594.5625
19409.63 14779.78125
10335.55 6629.4609375
17101.6 9620.4375
16576.23 28558.40625
10278.86 26760.453125
34408.52 19962.265625
18115.21 21627.125
11899.76 20766.8515625
11219.88 15932.2265625
14254.23 19182.1494140625
15969.9 11060.375
3687.2 10124.1484375
17745.55 22274.140625
33246.77 24642.6875
11319.29 22956.7265625
5908.96 13310.4609375
12208.5 13251.734375
15830.46 17089.03125
14603.78 20596.8125
5527.79 2913.3125
25964.57 20270.515625
10737.3 24252.890625
7824.14 15083.9609375
18857.56 27594.0625
6185.83 14130.5
23495.43 12727.0625
15207.72 20493.2421875
27203.14 24331.8203125
14371.69 34721.046875
4520.31 22982.03125
9885.66 17342.421875
9485.75 18628.609375
11157.69 15500.078125
10379.46 20027.78125
30798.08 20209.994140625
24219.72 30212.578125
12540.61 5789.875
7635.07 20673.2734375
15386.11 18064.2890625
21685.4 19028.5625
9552.16 12867.4140625
8004.59 11843.125
7056.12 13815.09375
17963.71 30675.34375
8608.09 21795.234375
13503.53 20547.5
9889.64 12984.0625
15790.14 19578.125
11492.47 26565.75
8590.53 10220.6171875
6423.92 7172.828125
8116.28 3182.609375
9060.29 1342.15625
5243.95 4868.96875
22254.09 26488.6328125
7460.39 16944.6875
17523.31 22612.703125
16892.17 13379.671875
5581.38 20807.3515625
11786.21 14798.3974609375
6532.33 8324.1484375
10692.49 10357.46875
7833.28 25959.6328125
4525.54 13844.765625
53975.91 26373.296875
11777.36 21222.75
42922.97 30419.859375
31097.45 16585.515625
8413.78 20573.0
28374.87 26690.09375
9050.74 7927.09375
8514.7 9628.859375
17483.99 23459.25
9309.83 21283.84375
41084.39 13517.5
7674.32 18879.9375
17682.21 25602.7265625
14153.74 17127.515625
12694.17 16363.625
8078.37 11041.515625
26948.02 16322.40625
23016.08 17397.2578125
32277.47 18396.984375
47109.95 45217.828125
25310.93 13835.44921875
33962.15 36122.3125
28703.4 32946.890625
11580.13 14457.625
12373.55 8985.671875
15490.65 22285.5625
21348.17 25998.765625
19448.1 28649.875
16515.5 21489.046875
6881.88 13110.4609375
9931.11 17326.6796875
6378.33 13908.6171875
17939.39 23653.75
12471.79 13026.5625
49996.84 18375.125
31964.73 27092.734375
21097.99 40471.390625
11670.66 13730.203125
9956.5 14315.234375
9984.63 21112.125
4945.53 8647.65625
5246.07 13466.09375
11017.68 18187.375
8848.57 7314.4375
5955.73 23684.578125
27048.84 15564.20703125
25229.74 26472.65625
15270.75 16562.46875
10315.11 21089.75
6493.03 23321.265625
5330.93 20341.296875
10335.64 17293.8828125
8956.94 7138.34375
10224.03 8950.203125
7346.31 11038.3828125
15672.75 23025.09375
20856.86 22128.234375
20024.96 11355.203125
8114.22 18335.25
18718.6 20990.953125
8508.05 7821.015625
13656.8 11977.9375
7650.4 28870.15625
28960.2 23318.53125
22396.27 18567.8125
12317.5 15487.375
16830.92 24038.265625
15815.34 33356.5703125
8536.56 23843.4140625
7599.9 11406.578125
7144.59 18202.732421875
22702.65 16816.078125
6459.02 12198.1328125
7505.99 21773.71875
32856.78 18876.875
26190.58 27167.3125
44339.35 21967.5625
7488.36 20117.0234375
16438.39 19270.15625
28660.16 13620.578125
34035.13 22437.109375
10592.43 11843.3671875
25138.81 19659.28125
20139.63 28617.515625
25760.83 7536.734375
3728.32 9527.6015625
6588.02 10860.53125
52947.87 28654.171875
9488.19 21515.96875
36634.41 30955.109375
15126.65 43994.8125
8500.73 16062.078125
13528.05 16197.8984375
35508.13 18410.296875
7122.95 7773.828125
38102.64 19003.923828125
37761.33 2689.296875
20094.82 24437.625
39153.0 29399.21875
5872.78 16309.640625
8164.72 18272.578125
28410.14 24128.1875
16481.98 23712.984375
10682.17 14860.0
15578.13 6216.875
30179.9 16180.9375
19677.03 18491.59375
31861.35 19241.8125
30094.78 26462.0625
8186.08 21651.328125
11526.62 4806.171875
46998.84 18123.796875
15757.85 14100.84375
21828.56 19697.484375
49147.63 13397.578125
18580.26 17715.046875
11960.56 14515.2421875
27912.23 16619.28125
6004.9 9435.3359375
27134.39 26857.15625
11557.57 18335.0830078125
15907.96 20288.8125
16286.87 10986.9765625
16225.99 18222.109375
22464.95 17540.9765625
6237.53 17801.21875
10373.19 16458.109375
8509.52 -9462.8671875
8007.88 -9487.171875
34550.01 22083.6875
9352.39 23387.0078125
14111.91 29619.7265625
6862.11 9283.453125
58536.06 -43428.0546875
18667.07 23335.0546875
60601.16 39190.890625
52933.68 24273.6796875
7985.59 27593.9453125
12737.31 21501.25
27778.38 32202.21875
7474.35 5362.421875
10359.15 13357.796875
16022.0 29601.453125
12712.09 23776.84375
39440.51 16503.2421875
26417.78 40475.4501953125
43126.53 27922.609375
9094.19 22832.8125
11705.72 27238.8671875
36075.0 18142.8984375
10093.77 22735.8125
26975.32 10330.7890625
14533.55 24904.5546875
23043.37 23015.75
31606.35 7237.15625
18081.91 5633.5625
20304.43 21463.109375
15196.01 24796.15625
37664.37 32412.484375
12225.51 36941.2109375
9208.41 36864.640625
14718.29 11612.015625
13806.21 5160.9375
9115.74 17267.796875
7297.59 10992.9296875
18149.76 16617.078125
24268.2 19061.328125
19390.3 19244.953125
9160.66 22057.203125
17273.72 26009.171875
18044.8 21170.251953125
11391.85 44058.703125
11489.66 9122.1875
6624.04 19824.1015625
43294.64 33772.578125
22755.35 24400.640625
15090.76 20818.5625
37408.92 18932.09375
16715.29 8666.7265625
28998.31 27981.5234375
22121.95 25524.328125
30187.72 26543.34375
29687.74 26680.4375
30753.85 27425.078125
34722.56 22866.03125
14123.73 26324.96875
32113.43 34052.171875
24908.86 23804.625
28320.91 18760.5
33457.14 26878.515625
25232.17 23080.390625
25046.78 22765.4375
25190.08 19197.734375
35461.33 31241.59375
10042.79 30730.0546875
20590.3 13453.23046875
27116.47 33793.453125
28166.0 27905.25
24357.01 38311.890625
41770.2 25632.109375
14875.41 36676.25
41585.11 24009.921875
40725.72 26909.2265625
24081.3 27462.234375
31804.97 26876.90625
24871.96 14259.984375
22603.46 33905.21875
23296.79 34114.625
23247.46 18727.28125
25130.18 25095.96875
26262.59 21057.328125
20030.28 37039.484375
35382.77 42111.71875
24745.11 30215.5
33317.34 16339.6875
26992.27 29950.078125
38005.24 34805.765625
38679.57 28236.953125
26883.89 23777.296875
15611.56 39156.4375
