1867.67 -4417.515625
569.48 3045.171875
1630.52 -5959.3046875
1248.45 -2864.7421875
1088.16 1895.15625
9970.6 12048.03125
6428.76 11689.390625
7798.32 8817.78125
861.39 4784.2578125
7584.03 3646.75
3045.04 1802.125
5338.01 7365.125
2935.29 5789.015625
4370.26 8955.15625
1394.88 1792.828125
9284.6 5043.78125
3954.98 6337.7578125
4197.64 6093.78125
4584.15 3165.453125
1574.07 30.5390625
6954.27 5528.8203125
2025.22 4112.4921875
26380.73 13329.328125
22035.04 12908.4375
26318.09 19213.154296875
9244.45 19813.921875
9175.25 15683.53125
6179.51 16167.09375
21032.81 13027.4609375
17637.19 18009.96875
25247.12 22650.609375
12641.28 16240.625
15220.92 18036.8828125
4280.54 7071.7421875
6444.42 12183.90625
9145.08 12675.53125
7959.75 10673.21875
5849.28 15283.3203125
1399.69 10237.671875
2459.61 3737.40625
18132.74 22175.8828125
15650.59 15064.953125
6381.35 6656.234375
14414.88 16371.90625
8031.22 16304.109375
10467.54 8847.65625
7806.33 10543.671875
5900.8 5539.6171875
3159.67 -587.6796875
4458.8 21872.7216796875
13346.83 11523.78125
3294.92 6769.28125
6297.94 10958.3046875
3371.33 14395.6640625
7785.67 13468.78125
8342.78 -26.3046875
4747.82 4983.6015625
1371.1 9455.8828125
11995.71 16610.9375
8042.2 4107.609375
6365.62 8155.4453125
11328.68 15968.65625
10088.66 16281.46875
17346.02 8075.703125
8235.78 15555.0859375
11792.54 25177.265625
20523.69 16921.203125
8367.06 20007.921875
12567.18 12698.8984375
2141.16 4514.3046875
1815.61 1755.4921875
5969.76 8136.8515625
6968.36 2901.0078125
7028.03 8925.921875
2743.63 4616.21484375
7269.81 16477.40625
4172.91 -2931.078125
21919.98 16368.6875
15378.83 18902.4375
14435.27 20122.1875
12309.45 15860.21875
5859.9 10151.2890625
6469.71 2211.6640625
9407.76 2310.96875
8691.82 8779.90625
1984.88 686.7265625
7843.01 13303.90625
19689.12 12013.28125
7417.08 5117.40625
49779.87 14892.265625
6340.44 7401.359375
47697.81 5633.921875
9994.81 8524.890625
2411.62 -247.3203125
16372.72 9333.328125
13162.84 15829.171875
3697.62 4926.2265625
5542.84 849.5625
7298.9 8928.828125
3987.01 8576.45361328125
2664.91 8337.2578125
7513.09 11842.1796875
10776.42 16291.09375
10090.94 11812.8359375
8906.44 12340.5078125
16810.36 19557.6484375
24221.01 6414.3125
3116.53 7118.8671875
16132.55 12671.1484375
8039.24 10950.953125
6196.26 10204.296875
8834.61 17899.0234375
19928.45 14665.328125
5520.63 23665.8828125
4988.35 15484.7578125
17761.54 26068.0625
25512.55 21704.8515625
4510.47 13930.5
21220.14 27558.640625
9216.79 16858.0546875
18600.51 13607.7421875
40417.46 27659.671875
7000.35 19199.453125
17251.41 16047.390625
23809.4 20474.576171875
15302.63 30120.0
12045.47 15854.7421875
34838.46 18099.203125
20940.9 29706.5625
23996.8 24152.1484375
23832.32 24873.828125
24430.13 25173.40625
20500.18 29228.546875
14171.7 25627.15625
20417.04 12871.3671875
35205.82 23509.203125
17047.07 28071.84375
10007.63 15154.75
19125.86 14008.84375
28091.66 22732.921875
4605.79 11846.921875
32882.66 29079.140625
29534.56 14789.421875
17033.75 11908.671875
12649.27 17506.734375
20666.67 25276.859375
14342.29 16803.9296875
10639.99 18426.171875
13331.97 16339.34375
28053.41 22897.873046875
21421.46 19963.15625
30010.07 23421.875
20674.92 17163.984375
27779.03 24534.328125
42990.33 28706.828125
4179.81 13867.328125
22725.4 28602.46875
23348.11 21305.421875
20288.68 29467.21875
31537.16 28896.265625
18680.28 25150.640625
21561.23 9338.984375
16522.22 23831.21875
19944.14 22614.78125
20766.51 17286.5078125
18560.68 17229.0625
30135.82 28013.875
7372.17 7397.09375
16024.78 7773.890625
5659.69 15499.171875
19395.82 24668.1875
28270.98 22157.046875
10751.61 11537.8125
13371.66 15611.7578125
26213.86 9996.6943359375
16796.0 26373.78125
11358.98 13450.484375
20741.16 23486.671875
20109.05 21917.7109375
7390.43 20121.0625
7186.45 20094.953125
10828.87 14534.875
9896.06 13030.9375
9238.16 11944.9296875
12039.75 21010.703125
18281.6 15778.6171875
6009.26 14452.78125
10472.46 4543.6328125
11365.5 17195.3125
10188.89 14981.5
9271.14 14745.28125
34945.97 22241.75
14872.03 15062.9296875
12643.63 13293.953125
19335.74 22523.7109375
25036.59 20309.3125
34279.46 24425.828125
24427.73 12768.859375
9162.83 16023.015625
11599.7 21739.404296875
11974.0 19406.453125
32590.37 18534.71875
17130.57 16534.640625
16772.38 9571.875
13516.77 18594.7578125
23381.49 20916.4296875
38184.27 25382.0234375
22739.79 22808.28125
28811.94 24508.015625
20670.51 20636.75
15851.37 25695.546875
21279.02 23746.0625
32002.64 33907.265625
7524.4 21197.453125
30582.49 18229.796875
31447.05 25854.578125
12386.06 16472.671875
13789.64 16792.84375
19568.43 36471.8125
29803.37 22970.125
10001.26 13653.046875
37806.68 26494.859375
11010.77 9361.03125
10713.97 22724.4140625
12205.51 18054.49853515625
34962.34 24664.3125
25347.61 15360.796875
46399.97 22225.5625
19677.92 19610.25
16777.97 27740.609375
37459.7 27266.5625
31114.81 27640.71875
29001.09 27965.375
35503.91 28118.625
24152.87 17693.125
13285.9 17200.40625
10020.2 17925.8203125
47821.13 18064.8359375
31137.71 30378.171875
25599.45 21286.609375
10567.6 16503.3125
10462.84 14515.359375
4644.77 9526.7109375
5845.94 15596.65625
18185.68 17831.3203125
30016.81 20833.890625
29275.2 20528.671875
31565.63 23246.3125
20459.03 25942.671875
11889.01 19970.5087890625
39464.73 13893.8984375
11937.7 16667.4609375
13756.7 22544.953125
25925.72 15714.34375
9412.97 12535.703125
38587.5 27693.046875
36998.69 26774.328125
22906.69 27229.0625
22234.97 28953.671875
7649.97 10577.25
13852.8 27748.765625
18733.95 21121.859375
14189.14 10433.8125
13702.62 18191.203125
22993.92 16005.390625
13551.16 10745.9453125
11641.76 14073.1328125
26518.85 17552.109375
29281.59 19561.015625
8622.63 13398.921875
11650.03 10231.65625
41778.85 22261.59375
18201.43 13787.7734375
9992.86 15773.15625
29489.03 23884.7373046875
26083.74 31622.875
9419.25 26198.4375
13703.8 15270.5625
18064.68 21697.515625
46335.82 28676.421875
23621.48 15288.0859375
14165.74 19185.8046875
18227.24 19060.078125
20407.33 10323.3125
16221.13 17785.0859375
25070.22 21473.078125
17624.34 26768.4375
23300.95 12821.265625
11393.38 10167.65625
23335.17 27542.640625
28948.6 18268.09375
24878.78 23609.8984375
19778.02 14173.03125
5805.74 12364.546875
3874.19 8943.984375
8699.31 6861.0234375
13128.78 13601.6328125
12450.94 10774.5546875
28829.25 17489.71875
30076.13 23140.1533203125
9202.22 17534.9921875
17052.96 17733.5625
14227.97 24426.046875
26649.46 20662.75
10797.1 22048.328125
11771.26 21378.9140625
18839.19 16312.9921875
12000.61 22587.71875
18611.29 16070.171875
34508.93 18206.703125
8864.28 14418.75
11051.26 9236.2734375
4092.72 7700.1953125
36833.59 26501.09375
38255.93 27842.234375
19409.63 10173.59375
10335.55 9378.3515625
17101.6 14313.15625
16576.23 26095.3125
10278.86 24642.5
34408.52 21352.65625
18115.21 22099.03125
11899.76 17687.59375
11219.88 14483.640625
14254.23 18738.072265625
15969.9 14195.65625
3687.2 12558.7890625
17745.55 20540.5234375
33246.77 25345.09375
11319.29 20594.765625
5908.96 11492.734375
12208.5 16297.640625
15830.46 17633.203125
14603.78 20032.421875
5527.79 3426.015625
25964.57 17602.4609375
10737.3 22022.203125
7824.14 16870.8125
18857.56 26599.578125
6185.83 9931.3046875
23495.43 11603.96875
15207.72 18730.6953125
27203.14 24773.625
14371.69 31210.265625
4520.31 16881.1875
9885.66 18090.125
9485.75 17528.21875
11157.69 18813.296875
10379.46 21696.828125
30798.08 20425.8828125
24219.72 33108.171875
12540.61 7739.6328125
7635.07 21148.3046875
15386.11 17506.6875
21685.4 26585.96875
9552.16 11210.8203125
8004.59 9381.4453125
7056.12 14853.171875
17963.71 28209.03125
8608.09 26113.09375
13503.53 20692.640625
9889.64 11964.3125
15790.14 21504.96875
11492.47 22450.28125
8590.53 8807.265625
6423.92 7469.5625
8116.28 6801.375
9060.29 7025.34375
5243.95 596.859375
22254.09 23367.4375
7460.39 17456.1171875
17523.31 22598.96875
16892.17 11595.765625
5581.38 18495.9609375
11786.21 15923.18359375
6532.33 11178.3515625
10692.49 13572.2265625
7833.28 23883.625
4525.54 15620.34375
53975.91 26106.359375
11777.36 19986.734375
42922.97 28606.09375
31097.45 17867.0625
8413.78 19166.375
28374.87 26337.078125
9050.74 13480.5
8514.7 12023.34375
17483.99 22227.5625
9309.83 21181.40625
41084.39 14459.234375
7674.32 18603.546875
17682.21 24115.3984375
14153.74 15872.96875
12694.17 14431.7265625
8078.37 8614.3359375
26948.02 16481.109375
23016.08 14316.640625
32277.47 18430.34375
47109.95 37100.125
25310.93 18938.7900390625
33962.15 30342.0
28703.4 27165.796875
11580.13 16010.2578125
12373.55 9319.390625
15490.65 25377.875
21348.17 25830.9375
19448.1 24827.328125
16515.5 20782.9140625
6881.88 14582.859375
9931.11 18397.09375
6378.33 15373.015625
17939.39 19614.234375
12471.79 12530.53125
49996.84 20219.09375
31964.73 25809.25
21097.99 32300.03125
11670.66 12294.671875
9956.5 17262.4921875
9984.63 17838.65625
4945.53 10300.046875
5246.07 12536.03125
11017.68 19213.671875
8848.57 10849.40625
5955.73 22307.578125
27048.84 15917.18359375
25229.74 33062.0625
15270.75 20956.65625
10315.11 21920.3515625
6493.03 25910.53125
5330.93 15053.2890625
10335.64 14280.46875
8956.94 7738.0234375
10224.03 11801.125
7346.31 11140.90625
15672.75 20770.71875
20856.86 22727.109375
20024.96 13137.078125
8114.22 18616.8828125
18718.6 19363.3125
8508.05 7087.171875
13656.8 18517.859375
7650.4 24412.046875
28960.2 20863.984375
22396.27 19869.25
12317.5 15653.390625
16830.92 21116.421875
15815.34 27622.9765625
8536.56 19518.53125
7599.9 14748.953125
7144.59 16729.759765625
22702.65 12815.484375
6459.02 14528.7890625
7505.99 20666.296875
32856.78 19632.46875
26190.58 26545.859375
44339.35 23959.125
7488.36 20348.203125
16438.39 22599.953125
28660.16 17482.640625
34035.13 20680.109375
10592.43 8664.3515625
25138.81 20638.671875
20139.63 26033.984375
25760.83 17881.296875
3728.32 10075.546875
6588.02 16403.625
52947.87 25501.921875
9488.19 21192.703125
36634.41 30934.15625
15126.65 35984.328125
8500.73 18425.7109375
13528.05 16284.015625
35508.13 18014.34375
7122.95 7618.078125
38102.64 16627.740234375
37761.33 10287.234375
20094.82 29921.921875
39153.0 31432.671875
5872.78 13705.25
8164.72 19238.140625
28410.14 21934.5859375
16481.98 21865.140625
10682.17 17833.171875
15578.13 5925.6171875
30179.9 11621.9375
19677.03 13812.265625
31861.35 21078.5
30094.78 21499.125
8186.08 17288.6328125
11526.62 7057.078125
46998.84 15827.859375
15757.85 14828.71875
21828.56 19057.59375
49147.63 18548.03125
18580.26 20669.984375
11960.56 17670.4296875
27912.23 17078.078125
6004.9 8460.40625
27134.39 25603.796875
11557.57 16454.14453125
15907.96 21051.5234375
16286.87 16088.78125
16225.99 19167.6796875
22464.95 22184.78125
6237.53 15718.578125
10373.19 14929.0
8509.52 8027.7265625
8007.88 9234.0234375
34550.01 20929.921875
9352.39 20246.3984375
14111.91 19659.03125
6862.11 11479.5234375
58536.06 -6541.125
18667.07 21382.4140625
60601.16 28215.4296875
52933.68 26367.8203125
7985.59 25094.6171875
12737.31 22517.3359375
27778.38 27824.59375
7474.35 10582.4921875
10359.15 14336.3046875
16022.0 23842.9765625
12712.09 19883.4140625
39440.51 18173.1484375
26417.78 35034.748046875
43126.53 26200.265625
9094.19 18473.34375
11705.72 30281.9765625
36075.0 16700.2890625
10093.77 23384.8515625
26975.32 21438.15625
14533.55 17830.046875
23043.37 24947.984375
31606.35 14314.125
18081.91 11946.203125
20304.43 24992.515625
15196.01 29081.78125
37664.37 32145.46875
12225.51 23121.5703125
9208.41 23085.46875
14718.29 12728.5625
13806.21 8924.40625
9115.74 14169.1640625
7297.59 22193.921875
18149.76 18019.109375
24268.2 18223.640625
19390.3 18299.765625
9160.66 22177.4296875
17273.72 24289.734375
18044.8 18552.7080078125
11391.85 35951.703125
11489.66 21478.546875
6624.04 12404.2109375
43294.64 39885.46875
22755.35 26565.546875
15090.76 20766.296875
37408.92 23910.3203125
16715.29 11037.7265625
28998.31 23831.3203125
22121.95 24164.90625
30187.72 28320.1875
29687.74 28613.015625
30753.85 28755.15625
34722.56 23881.03125
14123.73 20337.78125
32113.43 33577.375
24908.86 27208.8359375
28320.91 16395.46875
33457.14 26783.515625
25232.17 23477.609375
25046.78 23833.3125
25190.08 19409.78125
35461.33 29692.15625
10042.79 28863.5078125
20590.3 15351.1240234375
27116.47 25220.2421875
28166.0 25157.734375
24357.01 31582.984375
41770.2 27470.40625
14875.41 27042.09375
41585.11 25253.90625
40725.72 29754.296875
24081.3 26118.4375
31804.97 31806.796875
24871.96 17619.546875
22603.46 29118.296875
23296.79 29286.5
23247.46 21424.234375
25130.18 24682.40625
26262.59 25637.875
20030.28 31445.765625
35382.77 32531.34375
24745.11 28573.671875
33317.34 28178.40625
26992.27 21635.734375
38005.24 33276.203125
38679.57 27896.03125
26883.89 26966.734375
15611.56 31686.640625
