3275.25 4184.714155435182
3217.27 1942.8775770883738
1630.52 1391.8811693339824
1060.94 863.8568189249988
1062.1 1398.0290571843116
7798.32 9749.26900011049
7472.79 13961.879599590819
3045.04 7585.329565360188
2935.29 5517.35757270689
1428.21 3254.576276488382
4482.72 5057.926422250297
3437.51 3084.3704857229277
4370.26 4845.276284836917
3593.3 3704.694881227306
2899.6 5268.620140897174
1394.88 1803.4182286928142
5687.15 8702.983442835988
1976.74 2359.196826990783
7918.99 3822.3201683516604
2581.0 3371.172410501985
4584.15 4039.0632483817567
5004.27 7900.462772606852
2571.82 1706.9082402645547
1615.05 1834.118582117935
26380.73 24636.990273828655
4300.9 7265.525974844486
7040.26 2025.3980955496597
23836.08 10763.119850820252
21951.19 9265.622934411409
7291.07 22531.090920523715
7709.62 12201.810042812749
4904.74 7053.934862780771
17637.19 15150.711495209747
12216.77 11864.478611382856
12641.28 13121.254252160103
15220.92 20768.65414618966
2454.29 11411.46288514384
20865.69 12478.595629598765
17545.77 8079.796832971061
9206.81 8259.96666204549
9691.55 10623.04806128705
23740.98 13880.437005294543
2459.61 10820.334070831204
34128.06 12344.53931223307
11078.97 7818.64625760531
14497.15 15595.957171873819
10467.54 16543.900784459685
9645.77 4568.1838468213555
5422.06 5649.573409135894
8576.97 9805.537037589513
7416.95 5910.989916832044
13346.83 18082.6501009478
7464.43 9301.944467801493
3294.92 11565.926109480199
8939.33 9843.416090223456
3963.2 4103.692689016573
5441.18 9455.251867756499
9449.76 9260.587002232247
6750.17 11017.622928318891
8342.78 6950.982748004134
9266.73 19094.416668934595
8701.79 13991.341257428852
5724.7 10161.548171717635
4747.82 3813.2226940257196
4574.41 9781.64945096867
25824.1 26315.894464395897
5064.45 5742.448720023427
24303.34 15800.292518911236
10088.66 20338.521290451863
11792.54 9591.600662788544
20523.69 8985.30119583785
7334.57 10310.20159746256
11790.38 4207.166924240274
27699.62 9443.410725705216
8367.06 12777.543920498336
5969.76 5648.948971280165
8505.18 4635.688653465349
3406.43 2579.109465937163
5758.06 6909.460412088752
7269.81 12427.494215126075
10873.47 16001.230809281085
49123.39 13377.148061971908
25522.66 15480.408708016686
12309.45 15351.623199347285
17347.01 12854.230468333326
25045.77 9698.628022274715
5859.9 5357.574716442399
11320.61 5351.936933437058
6469.71 7439.385833208842
10188.41 9601.1744271301
4288.03 9960.37972827792
7079.18 8081.36356625614
1984.88 2942.123673923826
7879.29 9581.312736261245
8999.36 11651.440038165427
12074.98 8065.703642281645
6106.42 10225.326444021288
19689.12 9917.773003525064
8206.39 3562.258834857164
2512.12 3923.659908735495
6521.82 13204.659781657076
15061.68 5669.780035544185
9994.81 3249.949115642976
6601.53 3383.554196329857
11011.66 15510.462356197759
3697.62 4932.913144500294
3855.16 2665.0844226573186
45008.44 7676.424542318851
4437.37 7490.061421409754
5811.79 3405.1247964677827
3987.01 2236.776200277491
13913.03 8743.063481593192
10776.42 10339.978630383013
9253.46 13839.607536209083
8906.44 6989.469562989212
16810.36 11370.878246588005
10724.53 11155.710385582215
18619.78 6538.107597108347
5246.04 0.00018098866560115683
24221.01 8762.428746497557
3116.53 8262.66923435558
6196.26 10306.036653406978
7843.3 13650.42427640822
3197.05 10178.092373218684
15047.17 9167.820182907637
5520.63 15652.801496476457
7734.33 9961.854353419101
4988.35 4161.990810111059
17761.54 27379.382925475176
6795.95 12453.008966485824
3259.61 7773.961864407423
18600.51 4028.770168399715
26117.65 15514.972881713946
7000.35 20875.332500569242
23831.4 16922.17488781387
20436.03 24707.352469376576
27591.32 8534.830828321816
21347.0 16474.75755339732
25850.79 26201.957978917202
12916.93 22614.9409293733
17840.35 9692.12339942959
17251.41 20981.580030523637
23809.4 17725.986745767663
20382.37 27851.574333590295
14658.41 14992.966542256012
18439.28 14991.895728291978
20940.9 19807.154876842753
20234.07 27060.785335365603
24430.13 17263.58734441119
29791.06 35157.55477551775
36458.95 26917.1275911737
42102.44 19286.698355906192
7671.66 9149.342918055765
28153.57 32789.11278785441
17047.07 25772.380651633488
10007.63 18794.20484618399
11770.77 15419.72806325555
3816.39 11922.9495857094
8461.64 18855.354579409788
52879.67 8137.0990539702725
25654.52 22679.31013373386
11668.46 30393.89564365072
58633.06 14893.038469656047
11966.13 21401.485443690024
37971.11 30532.074341321986
25485.51 22616.720849497135
10953.29 24499.222809939696
42898.99 21067.077329911757
13331.97 24425.466754600493
28053.41 27103.645776172816
21421.46 13040.8410883237
16353.1 36233.71919115926
22713.89 25691.580070974538
20288.68 25611.24769113264
25431.26 30519.061542803396
38572.48 17430.515947905984
7877.82 27090.76372752275
18680.28 35635.87568480817
28207.38 24261.412675401327
21561.23 13492.100021569115
35505.0 14433.920310259058
34194.58 19731.306841626163
20766.51 20430.487021482262
30841.94 21257.381917587558
19633.44 32399.247756691835
11002.39 17324.76637603297
23468.99 27032.674350494046
11295.1 24504.62526099649
16168.4 24421.750629804177
28270.98 22132.163641902393
11344.22 9445.806988038206
13371.66 14824.651925819024
32987.71 17705.561962098687
20777.41 19375.01651737282
7390.43 9132.661275758117
10828.87 21509.217234099367
18577.49 22765.470669337825
10188.89 15691.835043939502
7731.64 9420.823460767826
20727.73 19611.005530368373
30090.91 24985.193918906618
44692.5 25639.012257419785
24154.32 25539.034833926584
29578.6 23989.25077137096
13836.71 12550.135011442679
15852.25 47121.68025895394
18942.33 47237.29578285671
14877.04 23638.02290225842
17564.14 23409.584562775934
9162.83 17575.013894553595
18809.01 22129.640293424465
32579.7 33871.52462185163
14917.34 27019.82418732184
24756.52 27036.927976592513
29035.67 18659.007110023038
9826.58 14461.067666407507
23142.25 23485.95972107824
20490.04 13213.207408284004
16772.38 15971.531099827596
3869.32 4676.265061379391
20791.57 14832.244446988183
28905.79 40714.555839084744
42509.26 33538.91965310138
40263.18 33261.40036248547
16761.84 23679.48751246957
27221.94 34521.36194599723
18847.84 9252.395375191023
38184.27 21614.29597510998
14438.69 6288.98442797202
27391.4 14749.571920232973
13330.03 6555.111626850712
25569.98 20668.737571278256
17966.92 23855.79058413493
56098.53 28702.8352657292
27257.09 20114.10616279481
20323.9 15404.418760626691
31447.05 22074.172352908474
9313.83 8330.269185901003
12386.06 19688.513331252267
15514.39 18515.840046155823
19568.43 22896.971066514314
6299.8 17169.219567568784
13590.23 17191.44309152741
31117.65 15635.786009853122
9619.9 18223.270346669025
14076.61 18522.068532136196
22882.45 16342.386751340513
16808.5 39149.34243163736
29803.37 26137.692031965453
4286.18 10746.158215550919
12407.98 13234.685150207102
12063.56 13830.710467693892
14100.12 15201.651566956889
12205.51 12613.890999150144
34962.34 32694.00536774054
55814.54 26843.304703663045
46399.97 29359.19324887015
16777.97 24993.639996485268
22011.51 27877.583033995634
26400.43 34343.50612657374
35878.36 29752.78705619702
61608.81 26450.98682811409
27014.69 27827.3147554953
13178.5 25795.305120253506
19925.52 32142.60842164713
6353.26 13332.936628912152
37128.11 19955.12747198891
14494.66 19893.03245822692
5844.81 14765.501888367553
10567.6 19183.77405364219
19725.42 29336.657292580298
32493.7 34422.07923494664
29275.2 18588.699327514216
22669.43 34049.795644573445
12794.84 22778.66860530858
36123.98 27662.135580795493
31229.8 31189.47028732756
20459.03 28274.439976115722
20478.68 24279.54731998703
11210.36 36179.03735931235
12870.92 28610.930820820526
4583.91 4967.642801981619
4091.85 6838.14753955104
11937.7 7122.401753323794
25003.76 28101.575131649915
13756.7 25748.32505538308
23157.48 31012.525446411546
17025.45 18083.649707881923
20924.48 22797.100354917402
24244.53 29851.41721449216
7649.97 13197.702683840547
13852.8 23127.315328958597
17671.73 22383.346767701918
18733.95 18518.380006202642
7316.5 14838.314894636691
9224.47 16721.34421717095
40014.59 22752.032191384005
25171.34 27003.89341962914
6674.83 6951.297159199596
3281.91 5844.611566203514
11475.79 16165.161315844562
28602.09 19965.563770515924
26083.74 25912.97102916763
14129.73 23965.21923393367
38308.37 8231.052937273107
18227.24 23237.39582720612
27209.11 32284.007370464242
23956.63 23308.31654949945
21390.24 15550.535675010937
17624.34 27688.651471439905
26197.3 22530.76296538119
28948.6 24376.8957810564
5805.74 11595.594321230643
33798.91 14428.21109415344
18267.37 22375.04295322202
24968.11 16039.181346138732
43565.62 16610.258334206203
9572.73 9950.86076990356
6263.86 15659.84556899155
8177.19 10812.08429051464
11185.66 11729.429546272264
14566.29 7673.494676949014
10920.39 18924.933139353452
16803.99 15945.101072232475
20460.18 15307.480541558538
18839.19 12310.68613811847
18611.29 21044.995435074485
24132.38 19483.178413177
23043.57 20153.629512284242
18108.81 21882.576650076935
11932.68 11880.99149907366
10603.08 13627.90772374008
7184.48 17352.63283934962
6177.03 23122.019163572837
14346.35 22055.040202246844
31767.32 25547.3126783991
15996.9 24050.276469621742
38255.93 25743.77555332697
18168.09 14078.115120606604
19409.63 18924.37268795508
16846.17 18541.30775368698
13740.75 20001.887969212094
14635.34 19357.137972311244
12387.78 17391.979989650154
11899.76 17847.09166808432
16907.74 15276.70460407269
18261.04 10934.388942459325
18915.21 15143.718896519667
12081.25 13433.506194455938
11816.24 10024.629710281082
23627.24 17628.166916946026
16815.6 16906.110850968213
15542.32 12270.2164111531
20297.84 10548.069658902512
33246.77 22845.22309526456
5908.96 7428.142454317759
10303.62 16091.954150696061
8114.45 10105.364376620244
23680.2 14064.76242250605
6762.19 19488.159012425756
6185.83 13924.003159160398
6923.72 12579.329744373768
10171.36 18958.23657021866
16735.55 21667.0989444457
23495.43 20048.03881057056
9026.49 13789.920709326138
18561.41 21264.251992773767
27242.5 15006.09422305607
10379.46 28846.94452399911
29876.62 21699.02655987186
27424.16 23252.950998474407
6388.81 16611.263635360596
23833.93 14877.23675458582
7635.07 9495.677755202245
5990.8 9446.774849392314
21685.4 23534.28726855456
15558.19 8973.908202023551
16129.71 25195.940582322324
12362.63 19332.568884668344
8382.42 14717.7221998841
8590.53 10991.149487190845
12267.28 10365.916178524487
8443.48 10150.285148276236
6423.92 11963.150212328761
8116.28 11853.250820146644
7460.39 15084.781409521715
17523.31 19145.10913647886
13193.37 13589.563391687616
16892.17 14650.279004746799
5581.38 11125.56055033146
10304.59 17000.7427083603
5021.17 6238.431624742129
11786.21 9592.912719459728
6898.57 11225.759623361768
21430.82 23116.11706370124
8971.23 24693.06700201692
4525.54 26028.67829004565
15016.46 24001.12550539696
13820.23 19182.450016582003
53975.91 17391.464520462374
11777.36 22038.43526886942
31097.45 19439.974951715816
28374.87 21394.410367568213
6633.23 14952.13746246972
41084.39 16834.129805697612
11781.75 18053.771233882686
35990.17 16180.304842991218
25434.19 21534.715803807943
8078.37 9182.258799593514
26948.02 19183.725323346873
41810.32 15161.209160916764
47109.95 28286.23254520649
25310.93 23037.27377866245
10438.86 25870.340252775066
28703.4 27744.05954159185
15051.35 24480.371282982207
12373.55 11049.322208559312
15162.76 29486.976719281975
21038.6 24113.89255036392
15490.65 12567.079476380048
19448.1 19950.663715294875
16360.37 18127.480999774925
16515.5 17415.757694772637
14248.72 12699.765517277106
9623.62 9948.624562530322
11613.59 10172.628974636018
6378.33 19128.90576491127
17939.39 21144.19935594413
11366.38 15267.493900692716
14460.98 11893.430794891869
31047.86 36378.63980112224
31964.73 28902.104203848732
52263.32 28191.35712325996
19340.7 17022.73308582887
10288.81 10463.185404308519
10212.88 16212.576526600757
44703.91 11826.481080049798
27851.6 5758.741324677598
9970.65 9529.96261726618
16542.31 12617.009588462553
13656.91 12083.6352851299
24347.91 22894.016860581047
13224.6 11123.852873964976
11075.98 13347.432115726391
7666.57 12874.56403173719
7251.75 11397.29886804379
5955.73 14521.521720036351
10224.23 15533.322621359697
15270.75 19147.317341497128
9918.8 17100.601006653404
13333.28 24461.626086976103
10315.11 15668.607776764973
6493.03 11568.537588883
10335.64 9659.44215431578
7346.31 12894.429593754778
10865.29 13207.351976828386
15004.52 11641.59720305251
17416.22 13705.424034784739
8784.6 23894.44388736153
10154.0 13092.239282618084
14444.95 12048.173947503177
7650.4 25384.61872450451
8874.87 16039.792090905412
26376.88 23964.696192269217
28960.2 25564.745760333954
7964.3 17903.365786898405
11724.29 18535.510716204848
3087.12 4862.272686142148
7998.83 13493.626574584541
7599.9 13524.537699680672
22702.65 16772.43982319192
27596.32 23176.368339156223
26190.58 11272.920877455963
53484.53 11301.471431953154
17455.53 11572.798193888779
14754.03 14727.085436497224
11717.0 17395.37676595786
6583.44 8436.89218104821
7488.36 12131.821448297444
23206.5 11299.284617919093
9718.92 18536.56413979044
20139.63 26422.90686044045
3728.32 4035.3060567610987
7691.62 12702.122911240682
29013.18 18646.404459958256
17860.8 15972.02576957572
49311.2 22648.569166535744
36634.41 20829.020298804786
34140.01 19994.24115437182
8500.73 7670.709236251473
37560.92 13363.316902960802
35508.13 15069.424633282797
40173.24 15957.916646110873
29155.36 12623.369020835687
19007.03 20947.296120424653
5118.87 3805.0688062162853
7738.77 14398.750865075388
5872.78 12588.943049668322
8164.72 11334.63457245175
24217.96 16646.211605132365
10682.17 24854.500033164644
54841.09 20154.27207416858
15578.13 11465.543667555236
15757.85 14750.679109242908
49147.63 18510.426790383353
18580.26 21009.258137110646
23491.86 16631.717831580623
11960.56 16966.794160705376
5918.87 7232.574177415452
11891.82 13236.857346557403
27134.39 12247.443593629538
30824.74 16230.675615930804
16225.99 9950.988487116045
11574.12 11344.568151099584
11978.75 4284.084776411077
10784.98 4284.19942308199
4120.42 5551.715072546113
4795.57 5127.197053805194
10838.84 14626.108231903549
11147.57 11255.181307605599
14111.91 83.96975072569987
40817.11 5038.2307438262715
29690.14 16775.678379544846
44631.0 9584.926524668816
58536.06 57.65679889387149
9468.59 6860.042114526356
17698.32 7309.733896508463
18667.07 12252.357825544534
40240.28 13285.523862126529
18423.8 14316.441702136919
8349.3 15429.35200320127
7985.59 14898.963395556933
8357.88 13735.089070886503
12737.31 24412.21935141291
10359.15 8277.733353177267
4346.62 2272.3016695045267
24182.55 7045.392512250029
39989.04 15584.313012345618
56674.71 14222.26247072554
18510.49 7471.042207475535
10093.77 14039.121557987657
24956.86 14331.37345492215
25252.8 7687.42999513939
7579.53 8999.964047022628
23264.51 15630.268690429299
27547.56 13462.574010897551
31606.35 11712.439378727757
9438.67 8626.281759195475
26765.95 11220.453398741018
19923.91 7478.890865674625
9208.41 9333.296253502049
9806.48 14514.411199149303
7297.59 14194.999618882466
27882.71 17678.158763762567
13417.86 12263.776358364197
13689.29 18517.732746796784
22138.41 11146.233008665871
17935.65 9190.391780248077
12028.87 19191.655783907794
21464.41 28843.651636238512
27323.32 32527.379313362067
13186.33 17507.39060087421
30538.27 12844.395183045139
22962.33 5608.826258872884
39156.29 26809.418251362178
35666.52 17889.19809856739
23202.67 12494.357110646599
30753.85 21007.01069422352
19866.05 14262.041041917977
31690.44 21308.913904540666
24366.95 21742.612424806586
25232.17 22659.78413590838
25046.78 4495.557574233113
22983.02 22593.962734031717
25190.08 21314.871567622275
26010.72 9253.421519252626
29382.4 11209.230630106309
18560.56 16952.70488760415
27116.47 13383.656935102666
25822.76 19567.66706909381
33326.01 14253.817085418377
37758.22 22635.477178896657
41770.2 21445.709406231817
41585.11 8860.262333960234
21551.01 18067.47643968532
31804.97 15911.875424283258
23296.79 18572.496428270988
27907.71 19412.077736253163
34311.12 17728.470445108003
19504.25 11207.98742448346
23876.99 6384.433403974329
26262.59 8902.946795252923
35268.54 8165.00808846705
33178.59 7847.615720461842
18099.1 23250.290087138706
20030.28 16704.180318653525
35382.77 21623.328550712256
38679.57 21631.412329733663
38880.56 8624.565796342225
