3275.25 3738.36332145875
3217.27 605.8779666635135
1630.52 -946.1407268706221
1060.94 945.9608337211142
1062.1 3590.754779761436
7798.32 9193.661435878468
7472.79 8424.533407244824
3045.04 2618.8704248228155
2935.29 5933.205604764016
1428.21 8965.739516550459
4482.72 7287.410981957128
3437.51 5565.145301310446
4370.26 7521.621058222887
3593.3 6084.86471353343
2899.6 4771.950486458869
1394.88 5646.127470890363
5687.15 2641.03806879722
1976.74 3885.4618957892903
7918.99 8903.817377303674
2581.0 4901.394682032911
4584.15 1041.7909408812757
5004.27 4.522719062099377
2571.82 11754.335076286348
1615.05 9558.437743969103
26380.73 12559.04089182775
4300.9 17340.889283047225
7040.26 11680.143467935599
23836.08 15101.19364113135
21951.19 19136.063010113034
7291.07 9371.577381400662
7709.62 11586.194945879748
4904.74 10463.13659943375
17637.19 12479.09540379109
12216.77 9172.200669339893
12641.28 18580.04029596791
15220.92 12052.909084699117
2454.29 6646.511654644095
20865.69 12277.946230998985
17545.77 10271.614681348485
9206.81 8553.838226144473
9691.55 11827.121033060464
23740.98 13592.245581302788
2459.61 14993.389565025725
34128.06 13183.464599700277
11078.97 10434.680528411762
14497.15 15364.14880594158
10467.54 12785.735432069629
9645.77 14201.173087993244
5422.06 3758.9970116853247
8576.97 12378.52757014089
7416.95 13197.674537852386
13346.83 13286.990136033826
7464.43 6322.522471721588
3294.92 15816.412068636828
8939.33 7932.791971637478
3963.2 7391.836524257885
5441.18 4831.141815282946
9449.76 3463.194870390046
6750.17 4798.225690680368
8342.78 7803.544416022658
9266.73 10058.997725440007
8701.79 8019.476159815157
5724.7 14169.67774111801
4747.82 9019.95272113215
4574.41 13774.60105205818
25824.1 14453.476201386073
5064.45 9901.83485869106
24303.34 10622.393897836277
10088.66 14813.559080999461
11792.54 13087.532931242496
20523.69 12628.702218041046
7334.57 12891.153898120521
11790.38 10282.679460592382
27699.62 7794.384451328802
8367.06 13888.510825908625
5969.76 7792.074472027615
8505.18 4775.886256851478
3406.43 3561.080513387676
5758.06 10443.278664650697
7269.81 10454.138700640351
10873.47 11190.180435475939
49123.39 5162.86532319495
25522.66 10679.658263103915
12309.45 10729.235842712855
17347.01 6027.80130998236
25045.77 3713.686087015761
5859.9 9470.42893716502
11320.61 11212.475301182203
6469.71 6780.1620005546765
10188.41 5318.549068492391
4288.03 11216.792736770389
7079.18 10950.963603325381
1984.88 8204.324744339252
7879.29 8125.9356291666545
8999.36 2991.483699639905
12074.98 6988.499876471407
6106.42 7578.419754136543
19689.12 3128.668162619795
8206.39 3550.657515109589
2512.12 12033.062224419264
6521.82 12213.420232951517
15061.68 9150.794464987803
9994.81 9314.718180884169
6601.53 12287.214239626479
11011.66 7735.001344522518
3697.62 8198.562761358322
3855.16 5845.807786404656
45008.44 7003.313239992887
4437.37 11220.119409487112
5811.79 10425.928969787059
3987.01 7330.254183182393
13913.03 15892.655431287369
10776.42 14511.89987806165
9253.46 8256.553181860008
8906.44 11460.662751032914
16810.36 10634.26954680213
10724.53 11108.208583463895
18619.78 11322.258201932415
5246.04 7291.988263205715
24221.01 14588.83958386449
3116.53 5427.020856107902
6196.26 23508.12561114716
7843.3 26467.909760877254
3197.05 18923.126784380656
15047.17 19426.06427261127
5520.63 24067.52415799881
7734.33 18729.412114662202
4988.35 18110.57751947678
17761.54 20680.9718725941
6795.95 12417.666485101367
3259.61 16297.716460254715
18600.51 19395.158845613703
26117.65 12042.831827008673
7000.35 20887.609136995365
23831.4 17500.47557522768
20436.03 19123.217666842775
27591.32 16880.103514866587
21347.0 18172.741136915247
25850.79 17009.804855002687
12916.93 19114.30296187828
17840.35 20147.449307629155
17251.41 20180.541003623894
23809.4 14735.874412274185
20382.37 23670.041330536857
14658.41 14956.19814196908
18439.28 18645.236706623604
20940.9 18195.827424435414
20234.07 22691.154648259137
24430.13 22282.149475494327
29791.06 17138.43385909743
36458.95 20394.650046255916
42102.44 22543.80757288123
7671.66 18462.7829158886
28153.57 13606.062779756123
17047.07 19591.054382132646
10007.63 15536.167173346128
11770.77 19236.0166140005
3816.39 19637.680741694257
8461.64 18798.59480624948
52879.67 23204.628040678494
25654.52 20593.64914476862
11668.46 17365.78854777384
58633.06 18729.080960005598
11966.13 29092.524341431952
37971.11 19611.26778145737
25485.51 22188.36139867993
10953.29 24600.08675261338
42898.99 10376.852714030201
13331.97 11928.802799666475
28053.41 14485.705706790379
21421.46 15743.101018345229
16353.1 14644.390372344624
22713.89 7904.999830587697
20288.68 13077.600452423127
25431.26 10789.269914219309
38572.48 17805.59704601893
7877.82 17301.312790155513
18680.28 20225.03835747316
28207.38 9878.155950194889
21561.23 8694.424452374966
35505.0 8464.264402961637
34194.58 12390.04343280773
20766.51 19311.10822831846
30841.94 15359.81192244534
19633.44 18166.570747865164
11002.39 18109.243717116016
23468.99 23260.54833941167
11295.1 20778.89046899149
16168.4 19657.10271920508
28270.98 17156.08553675559
11344.22 16858.69082787848
13371.66 13953.816766102043
32987.71 14542.778294075808
20777.41 20143.94868417927
7390.43 18350.536613451437
10828.87 18835.175781081067
18577.49 14809.209232231182
10188.89 3960.599428779044
7731.64 15459.55862219989
20727.73 9834.215562823527
30090.91 13292.353436899632
44692.5 18982.13065697987
24154.32 17367.857048883343
29578.6 23571.134672366345
13836.71 21158.561173553833
15852.25 21690.13840749362
18942.33 12629.01770632727
14877.04 19692.335845964528
17564.14 18534.067061985144
9162.83 14254.328002244947
18809.01 22043.150351870052
32579.7 17698.63355171701
14917.34 13397.906957867574
24756.52 17275.025701101313
29035.67 16744.48676936379
9826.58 19949.91636529592
23142.25 17238.139502157195
20490.04 24900.56773645487
16772.38 13149.707353074326
3869.32 23711.56261423406
20791.57 18212.581257005037
28905.79 21508.731562475576
42509.26 20692.3321519965
40263.18 25827.807257574805
16761.84 10723.317196028147
27221.94 18593.346446615134
18847.84 14547.540870670584
38184.27 14007.906800599387
14438.69 17898.32034986732
27391.4 27090.557766700436
13330.03 17385.62919552751
25569.98 15254.096335576942
17966.92 29048.195536119158
56098.53 12647.458644920654
27257.09 19801.96370366997
20323.9 18771.553030318817
31447.05 18566.148547200366
9313.83 18071.832424654418
12386.06 14174.242597314229
15514.39 10901.052167961498
19568.43 16528.663609724597
6299.8 16386.240096402584
13590.23 15946.814073682574
31117.65 19337.48661449658
9619.9 14963.982167168051
14076.61 17392.08374012306
22882.45 21451.859396687043
16808.5 16559.915317529474
29803.37 20116.95444757941
4286.18 17661.754915848247
12407.98 15475.851647392545
12063.56 23480.869368008225
14100.12 17322.816234047878
12205.51 20074.135016019547
34962.34 19991.995695910362
55814.54 20774.467690568006
46399.97 21899.75282248629
16777.97 19922.72494851717
22011.51 18641.49244410337
26400.43 17358.570672787133
35878.36 19120.94604313803
61608.81 16982.0688967984
27014.69 12226.19264656657
13178.5 9062.919632661431
19925.52 19211.259427046618
6353.26 13225.29272816901
37128.11 13426.14207904527
14494.66 17720.826856125652
5844.81 15520.124810079513
10567.6 11192.789696473303
19725.42 15724.147951506398
32493.7 17998.60132687371
29275.2 19574.481523151866
22669.43 16364.948958839821
12794.84 20374.160324570912
36123.98 18520.799266934362
31229.8 20875.199750997337
20459.03 15920.069958789085
20478.68 16665.570940014703
11210.36 14273.222725359614
12870.92 16936.24314278505
4583.91 14504.891608306201
4091.85 17548.12943259819
11937.7 16249.14639032695
25003.76 13148.288736225655
13756.7 16377.012604250205
23157.48 15101.381637575882
17025.45 11767.118834514433
20924.48 16794.338240344503
24244.53 12538.302939205214
7649.97 14787.674995817732
13852.8 7731.365666155589
17671.73 21121.254683707863
18733.95 20617.11628715486
7316.5 20190.980208492027
9224.47 21409.456474491355
40014.59 14394.255700699914
25171.34 17285.504342005224
6674.83 16748.566508297972
3281.91 14458.14856129626
11475.79 15174.214053241461
28602.09 18407.154875995915
26083.74 12990.003293006204
14129.73 18828.04758255928
38308.37 16320.408927636767
18227.24 11670.33307876124
27209.11 12990.952458963216
23956.63 16483.683839711633
21390.24 16546.965171643587
17624.34 16020.749077690933
26197.3 17345.273705874264
28948.6 14063.414371506065
5805.74 12151.850316928394
33798.91 9099.44928662454
18267.37 15525.874368008075
24968.11 17704.65916189602
43565.62 10084.223282846211
9572.73 14458.149641735597
6263.86 16303.020336957019
8177.19 1536.9805986306883
11185.66 16889.31534064859
14566.29 16218.186941362563
10920.39 17514.388392562283
16803.99 16504.7405219384
20460.18 19581.73613307601
18839.19 15228.100965143565
18611.29 16404.73181564478
24132.38 24168.936354990394
23043.57 15817.016034225866
18108.81 13218.143461080164
11932.68 20042.36361689387
10603.08 13939.764031873377
7184.48 13552.695018955152
6177.03 18929.283667939035
14346.35 15549.232926241008
31767.32 10869.500638240772
15996.9 15082.403720632314
38255.93 20167.111142672653
18168.09 16702.293452399357
19409.63 17713.543614559094
16846.17 14768.611724166589
13740.75 10499.147642515396
14635.34 15281.598918884572
12387.78 12860.447812180515
11899.76 14883.095076249736
16907.74 12113.599523102424
18261.04 11307.584215085328
18915.21 14972.96818112875
12081.25 15332.645355771325
11816.24 17415.309134207786
23627.24 21293.83866110501
16815.6 16823.75320127753
15542.32 19149.22276123018
20297.84 14490.82212726782
33246.77 16306.5684997377
5908.96 16973.47832363482
10303.62 14601.323520176727
8114.45 13875.920331266836
23680.2 12351.236752943192
6762.19 19924.20352974901
6185.83 11871.662144702854
6923.72 14307.673073819855
10171.36 19991.761240574368
16735.55 18236.935440086447
23495.43 14296.17395796273
9026.49 19809.752590845954
18561.41 21621.568325010074
27242.5 19098.61444249433
10379.46 12438.120282178434
29876.62 15767.553521406251
27424.16 21509.045970322462
6388.81 17895.786719623502
23833.93 14864.86320266794
7635.07 11012.488140896376
5990.8 15728.443778307857
21685.4 9229.863716722655
15558.19 19118.13852152244
16129.71 15248.64227780688
12362.63 8432.59672601225
8382.42 11512.830954060668
8590.53 17521.174632034104
12267.28 19272.580842022377
8443.48 15672.250128422576
6423.92 18838.121058712048
8116.28 18510.145594857957
7460.39 12481.585276241785
17523.31 19517.947534875624
13193.37 16783.96224117755
16892.17 12312.92113275704
5581.38 10733.259398801545
10304.59 10180.412636085719
5021.17 5904.008892576938
11786.21 14295.036795561187
6898.57 5623.585184576067
21430.82 13328.059796088419
8971.23 11576.413728567471
4525.54 15530.370616306433
15016.46 15694.072842138841
13820.23 20321.75118357115
53975.91 15508.3580153768
11777.36 17691.340586196424
31097.45 13821.106942633784
28374.87 17030.21597472597
6633.23 14174.759587536688
41084.39 17435.150592290956
11781.75 18404.365721849044
35990.17 21525.20123949973
25434.19 16880.702078258942
8078.37 13002.00103161707
26948.02 9538.939595485068
41810.32 16912.285480940092
47109.95 17089.04751725103
25310.93 14824.17547791876
10438.86 13680.602829792857
28703.4 19279.295772497997
15051.35 15940.429217424218
12373.55 13955.734545924124
15162.76 13515.957380419788
21038.6 17499.335711727796
15490.65 12875.57882486689
19448.1 14430.199756542705
16360.37 18091.63417659198
16515.5 16396.673899074034
14248.72 14140.40971993473
9623.62 17050.000439634146
11613.59 18417.6356777785
6378.33 11474.989646743188
17939.39 17991.2273284029
11366.38 8288.617380045847
14460.98 18787.659679725948
31047.86 24888.897911182594
31964.73 21204.74347254819
52263.32 14741.692578100607
19340.7 15899.015977660656
10288.81 15164.310206064507
10212.88 16922.354095115847
44703.91 16177.357679060317
27851.6 11081.508766583196
9970.65 14301.202862853926
16542.31 9154.6905292348
13656.91 13862.795154208456
24347.91 16912.954272889314
13224.6 12329.57448446838
11075.98 15420.800021885821
7666.57 13165.829668851833
7251.75 11131.112816955878
5955.73 12575.238838358804
10224.23 16508.26545527335
15270.75 12485.830862614102
9918.8 12107.444935477637
13333.28 13794.019788250993
10315.11 14511.821546209761
6493.03 17431.095163241844
10335.64 11465.339162590615
7346.31 9620.700761826516
10865.29 9836.853455463306
15004.52 15482.149528284323
17416.22 10732.2632337334
8784.6 14417.123199254462
10154.0 21298.054535395575
14444.95 11336.138606086926
7650.4 11779.575219623592
8874.87 10654.43918833373
26376.88 12671.56000519735
28960.2 17321.58723430274
7964.3 5933.449784054039
11724.29 9867.025804371138
3087.12 15265.533326172224
7998.83 7437.390007558466
7599.9 12238.740869019322
22702.65 11312.748715113239
27596.32 14704.060876014386
26190.58 15703.343011645007
53484.53 11339.209214680928
17455.53 13190.069460418505
14754.03 16112.40760857332
11717.0 12212.62502959994
6583.44 11565.60393300696
7488.36 11350.551666834277
23206.5 6931.730352419833
9718.92 12418.904128361193
20139.63 3997.663359993996
3728.32 12870.858925625902
7691.62 14026.164064505589
29013.18 9405.348673737986
17860.8 18733.910523839233
49311.2 13047.814900797719
36634.41 11872.15374460091
34140.01 14948.38062315068
8500.73 6244.317031236174
37560.92 11320.284239264842
35508.13 15809.795998360487
40173.24 9424.634515892423
29155.36 10195.893170897416
19007.03 13333.583001976009
5118.87 14121.577662301574
7738.77 14700.243683838944
5872.78 9304.069370784779
8164.72 9785.371601523992
24217.96 7289.47597163879
10682.17 9934.315566241074
54841.09 11596.79567642867
15578.13 10333.300744600268
15757.85 13749.58996186025
49147.63 12228.714391977688
18580.26 13935.236450834265
23491.86 12361.53388003859
11960.56 18587.114472522877
5918.87 16032.524786018172
11891.82 16185.661935799757
27134.39 20703.061454826453
30824.74 15567.652796267335
16225.99 21915.528857456487
11574.12 13793.05279504493
11978.75 12747.427374958832
10784.98 15060.109935365386
4120.42 12520.595618921232
4795.57 18800.111202858094
10838.84 9865.599084227446
11147.57 13542.104552579925
14111.91 16852.314615134816
40817.11 11248.579262046778
29690.14 13749.574295489872
44631.0 14431.077073283848
58536.06 8182.6666625668695
9468.59 15374.859201083145
17698.32 12032.94796795944
18667.07 18550.05486306527
40240.28 18824.088312611104
18423.8 12828.479773095614
8349.3 13157.45194223752
7985.59 4948.792475280698
8357.88 19423.153028819386
12737.31 13752.496883894788
10359.15 21306.965999042062
4346.62 18234.294846348326
24182.55 20900.839116669376
39989.04 17187.910417628416
56674.71 26523.04458021288
18510.49 27399.163654351523
10093.77 16221.301307749687
24956.86 16200.69516872619
25252.8 20163.041667912166
7579.53 9688.414596135983
23264.51 12167.285473287962
27547.56 20423.933733809572
31606.35 25113.482353400515
9438.67 28121.675047377586
26765.95 10576.965205279048
19923.91 13549.39576238659
9208.41 22198.57155040875
9806.48 13015.453041574707
7297.59 9619.233525207708
27882.71 24141.045353741334
13417.86 29297.089323186032
13689.29 27771.145952596165
22138.41 14975.701692649798
17935.65 14987.635685339817
12028.87 25215.448815771666
21464.41 11268.152501064693
27323.32 3640.2334991710973
13186.33 28443.317516061466
30538.27 21239.954990520913
22962.33 17331.165329019776
39156.29 26674.09270053757
35666.52 11622.225436869448
23202.67 29650.77978346571
30753.85 28154.174662615987
19866.05 24112.5017671331
31690.44 18684.063374615864
24366.95 24980.27606805719
25232.17 18325.755116612487
25046.78 19168.048336227315
22983.02 26150.185505446763
25190.08 14911.245923159197
26010.72 25901.851926175805
29382.4 23107.969776766993
18560.56 18476.660078725105
27116.47 10431.477565999054
25822.76 18755.942842786753
33326.01 18280.532787968506
37758.22 12032.342921931067
41770.2 15386.476084827937
41585.11 27030.65604901269
21551.01 12132.313812847915
31804.97 25692.760984041615
23296.79 26470.27376214526
27907.71 24146.799233427242
34311.12 25109.513899717982
19504.25 18913.427680457946
23876.99 14476.118428338985
26262.59 26211.250856299797
35268.54 10167.504627333952
33178.59 24025.78786687367
18099.1 15721.743973982946
20030.28 21306.108130208973
35382.77 27602.24249179841
38679.57 27063.225892807957
38880.56 12962.506111895256
