114.26 15.448329812643513
634.88 240.34906911519434
569.68 438.8125593028287
356.23 296.84220859661104
163.53 235.45093850637105
711.23 271.65725356894626
395.4 85.78335942938084
505.94 340.57198155604016
723.27 694.8640489448309
419.66 361.01317187900787
441.29 455.01336083290994
406.85 344.6335195135041
387.81 329.49625157521126
236.69 31.878351583989406
371.43 435.5460187612343
736.15 679.8251884171735
514.82 673.4041043792243
353.38 390.5375274669893
716.47 321.0913324776727
599.65 667.4966272910867
662.47 278.5543329361388
339.47 362.08707865736307
1228.64 329.16042750234675
474.14 693.749991435451
469.08 286.5443516035411
1074.81 1749.0237542669738
1183.83 959.2663846353756
837.12 365.54975093984405
427.34 363.8542586732518
1464.13 1454.5032106311155
922.4 1194.6453474758928
732.66 913.1655311640525
663.88 352.0670052976131
1385.14 1480.7674620632931
1345.7 345.4822818068467
941.05 948.1449870210133
1374.76 1557.5732722991752
1149.35 901.807408694363
471.7 94.64671785008899
1052.75 1421.7996325651065
458.67 357.07763807162917
792.92 725.1078595847323
759.5 560.7059695618856
901.05 290.48237907812523
1499.71 1411.4189186107005
1223.03 1232.9632203831707
1174.29 1096.3837206290445
1258.61 1211.919147842707
757.71 309.56218427196785
731.21 874.6806132511383
832.05 799.3634688036221
558.43 806.3516458324344
678.45 663.9230408193907
719.64 876.9244093965543
833.38 845.0266082421017
714.26 831.0065523427617
703.7 882.5242911963431
1102.92 1624.8951997249687
1141.5 1620.0654071288097
1251.7 1429.8662311083294
734.85 985.2034597165964
1167.92 1759.5122257125834
1094.45 1088.0468137010778
656.24 1090.3279960537714
913.36 769.881355585746
763.23 848.5569921606407
903.95 1201.205951428264
1859.09 2010.7189022000396
1077.24 1207.5954743795753
863.1 813.7554172179463
1756.42 1698.1113572746833
1666.83 1458.1434468471107
875.23 947.4917020336173
1405.96 1203.616129818387
1148.2 1133.4050218559441
834.28 2823.120512044935
1345.07 1503.5722109388198
1299.76 1823.274893607419
469.33 218.57288810069684
2393.14 610.9686841667177
2193.02 632.7866141004043
720.32 478.7196917602446
581.04 555.7674506332137
898.2 537.6896051191947
1117.85 1333.6221107068823
1192.53 945.6043469069912
1511.11 631.0869000813726
444.75 708.8379361899948
754.59 1073.707621969533
473.79 363.3594101109079
977.84 1250.7463574437008
1892.71 1210.7585058129291
613.1 591.9128213890267
821.55 1126.3317703147284
851.54 884.5780822505803
1229.73 1543.9609111119587
1708.24 1505.2536160162738
773.44 925.2845405385009
760.74 974.5992801701689
842.04 827.9375264792876
732.85 851.001744101691
900.02 1119.0973077655165
656.86 965.3850866629441
1018.24 859.1135269086865
1143.62 1136.5198683078447
1009.63 652.7761144925801
960.98 931.3899301262263
1091.95 1833.527433941289
1313.22 1484.81941654166
899.92 1206.441994529831
688.84 833.4364586561904
1046.9 1529.8730454890588
897.28 961.112100860945
1255.16 558.3161520708779
1031.24 1074.061429765752
1073.09 1079.8884404327175
1283.5 463.0167271837846
1587.86 1346.4213183515876
1008.42 1536.5600277102942
1187.12 1432.1878081955344
1769.66 1250.4657224113078
1522.2 1736.209184767922
1009.08 1589.3914171393903
1011.21 888.2648008922382
1441.61 1301.6247081574977
1236.21 1909.2397737899369
1463.07 1432.6001488037073
1490.42 1805.9766773873778
1396.24 1320.9131294892586
1299.08 1558.7715471812637
1645.9 1477.4629563321125
4339.62 1666.2446806706512
1887.06 1877.9714346599922
1723.74 1845.8746468358804
1607.56 1237.0294923714503
2622.75 1107.893575744197
874.07 1078.0045601551076
968.98 1504.7010777411901
1321.95 1490.3754223570397
2354.84 1187.5147147276975
2643.07 2476.734667734805
1424.19 1959.9700939630761
2657.53 6440.709697041355
1092.53 1504.0834118281282
5148.82 1225.6411239625756
1779.65 1868.4707430509404
2529.4 3348.826826504455
1353.32 1672.694086643677
2185.45 1672.2635186720404
1549.11 1545.571804370788
1317.31 1570.2214744505084
1366.44 1604.8549786266183
1903.57 2595.5782725847625
2218.85 2264.2979468545605
1854.92 1456.0639822516591
2675.23 2147.9702431849482
2140.11 2198.8396751160344
1638.73 2235.9574092529924
1401.86 2412.0259067702373
4165.95 2140.860046549223
2055.83 2772.7786864190994
1332.61 1045.9897096485072
2405.97 2123.0121626710843
2441.44 2030.2509881971976
2362.52 2339.7217329027985
1539.27 1662.5579060664481
2584.82 2763.423204994105
2445.65 3638.463034110092
2445.57 2902.3642454166284
2258.43 3687.5856965435273
2329.53 2928.9492074837462
2300.41 2788.0426100119334
1343.05 1825.2885733161743
2161.19 2819.937834325604
1982.81 2447.182353434582
1472.48 1815.919096500633
2242.96 2679.3152522295945
3234.76 4942.398457737442
2667.25 2846.0588815830797
3437.68 2286.030446096129
1152.09 1163.3067510989313
1813.41 1883.1667480714036
1847.77 2546.4756174965996
1217.13 1175.5475575157639
2325.71 2687.578164724207
1591.8 2006.739732684618
2335.57 3332.8417991972715
2718.17 3679.935039114584
2573.85 2410.1332591032783
2180.42 2717.316492713912
2421.37 3325.089174469588
1374.57 1653.0810499740658
1695.7 1792.9416902451412
1124.6 1078.120153227128
2375.85 3763.8444152844695
1009.72 1529.2963313428531
2199.64 3555.455562909335
1497.44 1678.9581802875718
1412.81 1963.403523050804
1793.41 1826.38260906339
2415.15 3470.6493952484725
3050.96 3165.951113551381
2029.97 1312.0043820425383
1502.45 1863.0076184630875
1631.72 2121.554521647757
1303.82 2262.8478940986774
1720.8 2414.7291987272147
1685.13 2406.7212084874236
1176.3 1221.5237866576601
2135.04 2249.4512276764826
2179.14 2455.3675916179664
3159.34 3984.7431359785705
2400.65 3332.950677326682
2289.08 2858.5941357840456
1236.27 1737.3855224185604
2521.27 2213.2388861263507
1329.52 1769.4218754406038
1515.35 1700.959393758911
2661.2 3021.1038003801586
1281.33 896.2797331830537
2069.6 1847.225275586752
1850.25 2019.4054174403493
2022.73 2307.890484115172
2546.63 700.0599279915185
1318.58 1107.892043048504
1460.84 2137.8760745053955
2248.21 1960.3362602576228
1085.24 650.6690729874765
4168.04 4023.556161573838
1312.02 704.2292279601484
1478.23 1365.7947274156386
2650.93 4009.755058801996
1394.44 1467.2238817309817
1770.42 2491.5921442365816
2512.04 3339.5491122073868
2117.07 1611.794384869513
2052.24 1982.378422825161
2717.08 2031.577681960393
1637.77 1771.7601843908137
3167.11 1626.6295473077796
2704.6 3175.1979056840482
1707.03 1995.6666376602436
1735.66 1884.5493724245855
2042.18 2331.6219085467023
1887.76 2221.5624785752348
2254.47 3257.3426809390085
1814.25 2210.02642181724
1393.06 2023.1309184612355
1398.88 1593.5747135798329
2981.92 2556.398899951669
1791.5 1730.0603420609118
1407.0 1618.7187656906617
1647.55 5908.619599784585
1944.48 5506.687132480491
2116.83 2312.7716280394743
4924.4 1906.1013792447507
1740.1 2370.5114337161012
3294.35 764.8640840244321
4393.64 2211.6788972626673
2511.8 2656.355209369066
2055.78 1554.8697880870088
2870.4 1910.5963630410647
2681.59 3171.7613955461406
2330.93 3767.6630428700228
1368.87 2252.2310044386654
7650.94 6611.602425334826
2147.67 2390.399669521743
1283.62 1913.007501875538
2187.1 2748.327493822798
2141.71 2521.855971675561
2306.28 2925.6737923514147
1487.76 1815.328629380713
1632.15 2736.980710871751
740.2 413.5445253939113
1917.05 2277.9657998613975
2070.02 2803.2518355553298
2237.47 2801.5522640268446
1597.45 2282.69286627268
3191.56 3018.921797820535
1963.77 2612.206682598428
1099.36 1759.040266500463
8461.59 2321.2274731919088
2568.79 2326.861273247833
4697.51 2725.066747650529
2298.73 2669.7024448063867
2489.9 3165.706740930294
2150.72 2669.7731363087983
1882.89 2429.5982695035777
4485.78 3207.0185056098885
1911.16 2120.489147062301
937.55 1897.0982415702854
1799.17 1243.0173958378077
1209.39 1362.7389964402832
1384.49 1362.3135596628417
1851.12 2897.9757061869914
1619.16 2713.819405684625
1281.07 2363.2835270938313
1345.38 2330.6328091444216
1345.69 1587.8087062026193
966.02 1223.4394431588066
1656.28 1850.6858337600595
1682.61 1997.3672469260198
1630.72 2126.332318722758
2142.85 2203.167781260216
1378.61 1646.6221721079796
1521.14 1544.7222271505425
1576.94 1810.3170509842637
2058.58 3074.8490970494277
1679.63 2311.187814108159
1179.81 1804.3624070382723
1854.42 3244.125239844317
2263.12 2331.7328834712894
2121.0 3184.5432214253165
2111.81 1399.3974505680762
2380.95 1636.9293030488982
1867.78 2196.435312196525
2619.6 2039.359934115104
2060.46 3283.252006597162
2284.24 2866.6433346051035
1855.0 2488.5999938793775
1886.33 1663.262299063188
1380.9 1726.625194411759
1273.54 1599.6916214753828
939.82 1152.280334437613
1437.24 1756.604274050086
1829.48 2195.510947775607
2507.88 1760.854213269955
3338.42 3237.2021892285657
2523.42 1773.0240348907969
1514.01 2091.204157646208
1612.65 1923.7426340993677
1768.6 1865.7325247285032
1689.98 2515.399352295244
1761.94 2954.218565077343
2027.24 3099.396043603427
2554.25 3261.5352577013177
2337.36 3724.9364513756036
2438.96 1455.2482209973714
1859.35 2715.8607913148658
2658.97 2472.481498683971
2672.03 2544.8565403236835
2094.82 2061.794829655527
2956.26 2768.4608679061034
1510.41 2162.585132037787
2770.68 1562.2692919233318
3132.81 2189.8330404399712
1927.78 2087.5223349231865
1690.99 2052.4367578021656
2305.91 1672.5440384761098
1466.77 2539.511527020505
1224.46 1463.3154454106955
2081.45 2287.791070700857
1605.66 2286.2240549037133
2234.18 2591.6938646995595
3645.86 2555.6844642300966
3325.75 1887.9655378048112
1303.76 2062.0880873258106
3199.56 3191.111390341422
1305.99 2012.2573912159799
1354.17 1622.0946116664422
1945.85 2086.77427016105
4851.44 3029.4481551387616
1851.64 2451.5401058183206
1925.94 2091.97565871406
2701.22 3403.0022480729667
3102.74 3501.400189212526
971.47 1068.8610597776863
2689.4 2664.154224176389
1753.55 2186.449369225204
1399.26 2003.4997317237705
3059.04 3698.0751156575807
2349.64 2848.3756266140877
3136.66 2160.867191998313
2384.46 2959.5429788719302
3050.43 1586.5935392017045
1285.35 1514.8767554850222
1254.3 1516.8448971671953
1224.89 1477.5718997382162
1869.16 2801.8339595494185
1350.51 2191.759943546824
1604.74 2185.0151544052155
1655.46 2799.8544881862563
1908.01 2174.9300605245894
1563.92 2034.6982865293437
4920.88 1685.3655703280974
1449.68 1879.3474110353661
1895.78 2284.650229526576
2165.83 1899.9445234004847
1362.83 1732.1441999469826
2212.86 1849.799892655783
1954.31 1100.4433369376582
1647.9 862.534676274407
981.13 719.0127879870636
1241.88 1760.6493862485381
1530.85 1496.1111613399755
1061.27 1552.0667759116975
1603.35 2123.6267476799526
6877.29 2044.6866050954081
1604.05 2191.307738992907
1576.41 2225.881121538639
1256.09 1097.065643435481
1204.38 1769.6759064265088
1579.16 1650.5782022374103
2521.87 1898.1748166831019
1599.05 2013.0016097502366
1192.18 2249.656869008664
1479.23 2079.0653504538745
1047.11 1154.761542705542
2150.99 5295.243715475526
7065.61 2734.3443105466977
1911.83 2935.3261992745392
2266.57 3230.825731078518
5111.22 3009.9460270678665
1946.79 2178.3516824417584
1952.37 2766.7153869886174
1099.79 1886.10181433505
1848.5 4945.6747684059455
1757.75 2088.1309136165432
1400.36 2038.5107511201377
1695.93 2143.6238816427813
1735.92 557.8519376973478
2087.61 1555.239106875381
1476.57 2566.039420731731
1410.04 1836.1226119115324
1736.45 1858.1647602166695
2435.65 2925.9752490791493
1940.55 2341.798193291601
2260.87 2613.2696696695757
5981.85 2512.943313206469
1383.82 2003.435469698674
1602.68 2030.8780188414407
1881.02 2213.8092990885775
1799.65 2038.4391165161862
2284.52 3598.2400552636445
1062.39 1626.5208371358412
1446.74 2176.8640416526796
6033.39 2307.936489092661
12771.95 2089.8343521490638
1528.23 1852.7010439032779
1440.83 1773.0352601634586
9239.62 1786.1637280940924
1252.96 1339.9323716532458
2727.34 2271.243382113491
5063.03 2757.6294409647785
2241.07 2640.06283442721
2042.22 2101.9773432194934
3569.98 2869.952303361953
1835.35 2456.3587031431375
1933.08 2691.283699020202
941.77 673.2455080122458
3624.69 2191.187281869019
1357.18 1620.373083702864
1180.2 1513.8284704070568
2470.26 3137.218470171998
2449.06 3625.9994990282034
2541.9 3625.15886833611
1320.25 1598.1544013854893
1367.81 1454.3692187011643
1073.16 1078.7986191439988
1809.82 1904.3560608642094
2073.14 2615.6591988397013
2007.74 2062.1743399715288
888.96 756.9895778449921
1901.51 2802.3554138189697
1420.91 2046.54253070644
1811.75 2382.1491782418016
1751.81 2361.3339614511574
1569.67 2121.6575395852883
1811.01 1908.7404608867892
1131.8 1558.428551413436
1909.78 2231.4717466818543
1545.02 1858.9872298419589
1252.43 1680.342077234223
1623.78 1728.4848850061117
2938.8 2666.561361468052
2035.91 2640.8598700079674
1383.33 1743.0580641880365
2032.67 3255.4499035336153
1218.25 1507.2138401636894
1468.97 2114.3837902398022
1238.47 1506.0910848408353
4021.82 2237.448183139889
2302.57 2372.401419554782
2274.22 2508.968743548755
34919.42 2362.1523559866055
2313.16 3130.5407911957764
2129.07 2508.5016027000365
5845.34 1426.908379539427
1503.03 1426.9967747564074
1091.6 1709.6880805701305
1902.25 1720.4032161655668
1779.73 2469.944973685144
1815.81 2567.4220725425985
1607.67 2369.3175731810798
2002.64 1949.3406823753721
1456.87 1490.7047868852844
3592.13 1640.805667061261
2162.26 2453.6436921628747
1921.29 1959.3743919874942
2104.57 3796.9957333933617
3597.67 3796.642492929287
1401.7 2254.252406415815
1131.96 1522.945390239911
1447.55 1981.962123874674
989.3 1538.5508551768028
1964.85 2288.333647912542
1919.49 2138.289793433528
2277.25 2254.757739778241
1566.6 1405.5616051614559
1349.11 2127.954228506266
1918.15 1631.9025048222497
3932.43 1259.3552935057871
4030.55 1545.1448415189857
2402.66 1496.7504145546236
1854.34 1485.8417277403246
1322.2 1329.0419775526382
786.64 190.58825088118815
2841.44 2455.6432099840285
1140.42 754.6103155357745
1142.31 753.4105114812049
1089.54 1130.191141911789
2472.35 584.3258118007175
2857.66 1581.3821199609893
4100.62 1315.4366388679982
4781.39 1592.8138735670118
4625.61 1562.324251949198
1783.1 1216.955121836829
1616.38 1178.5950890839085
6466.77 3077.111412422212
3923.86 2226.5981977532338
1842.84 2183.989478362336
1931.52 2070.4568986185905
1854.53 2182.0698380921413
1014.0 6.495884761310333
2111.23 1072.869865543663
2102.56 3093.397648468166
2297.91 2023.7151750912315
2318.53 1619.9974775934304
2353.18 256.98154066789556
3466.85 1471.8286314333088
3014.04 2193.5746902778055
6407.79 2188.069706998788
14961.44 2084.405078969957
6222.08 1178.103999584711
2427.13 1318.985034755391
6942.83 2335.657373631773
2505.08 1425.468996159576
3130.38 3364.841281938766
4698.54 35.456318796228295
6761.51 2374.3495651466087
3332.48 179.2251116818988
2189.86 1932.6576809459261
2142.89 1863.421128020653
3990.9 2407.19209154862
2116.37 1795.0834509486003
4890.97 2118.409390616162
2282.55 1895.1957979189401
2379.26 2295.6398275149877
1346.22 715.2895414659752
8215.09 2497.0737906608083
3067.04 3161.3849720127423
1965.85 1827.4608530698315
2507.12 2093.3411082439275
2784.07 3161.92089894179
3901.0 3231.519861261418
8894.47 3367.4267065812232
2439.41 944.8090617574774
3191.68 2804.011729401266
2933.83 838.8657287543067
3414.43 430.04758904769625
3463.33 2073.54449874398
5066.57 881.1038933353219
5142.2 2119.8677235296113
4701.91 3631.864635275774
4636.29 3101.3326699772174
3314.57 3195.972593433375
5385.58 2778.881512981099
4125.6 3339.4061282892376
4303.64 3129.450127125786
4109.19 3477.0458327286306
4791.55 3330.4117237893543
3172.23 2370.7681340348645
4594.43 3882.978033578079
3454.53 2933.41755790865
6636.6 2932.3640493453386
4916.09 1866.8822643785481
4468.94 2803.3512044703652
4048.41 2061.413982754157
7157.27 3081.6672817545536
9973.59 1144.3644982571473
7852.4 4001.38063770521
7929.44 2835.0433317106585
5633.87 2217.1223907518274
11548.51 2147.25939922044
5006.91 1843.3737890299494
