69.86 -3134.863261983251
425.96 1087.5367830845234
349.05 1020.5054909365834
212.38 -1327.7643554163926
137.05 -3096.881494040538
621.02 4207.883302491455
344.3 -241.88965176077505
445.37 6692.414612237865
647.69 2392.177868664296
353.7 5379.411366778804
358.1 5531.967700415031
334.12 3809.900774890196
317.67 4153.610851837326
206.89 -1691.6853126585804
336.05 2571.607342680989
656.18 -1333.9298587398632
453.58 6439.554963394933
290.59 8888.593781709256
606.17 -5468.491553772628
511.44 7787.802963851229
553.5 2095.5108178854553
278.82 -2787.74253154708
246.27 9657.140364310893
433.87 -1737.9235843142774
368.46 -1158.8671175153545
1003.25 -2753.0887816762634
825.09 43.85878886491341
774.62 1234.3193529930202
373.49 667.6381319133164
1345.46 -10726.38085818458
833.63 -1104.9018632091877
655.41 13253.06792774127
582.09 4120.68376899894
1235.09 -926.3340025724127
1242.66 -22131.50487068555
831.43 6831.405613879904
1236.47 4648.295275103803
966.23 -962.2690074605848
432.87 -1314.5453732902902
967.82 -4790.063504533469
373.09 8281.039464351894
735.51 972.6531185940323
658.42 12755.266745400297
832.28 7130.615183668681
1333.01 -3182.154905517
1143.24 10419.00910659479
994.54 -1659.7572439088224
1125.54 6590.47824500289
622.63 4223.601936190297
671.43 3109.904864646799
646.94 12831.34358506383
515.37 -5953.979769999371
577.99 -5319.780196306083
618.21 3295.9574688948837
733.72 -9774.420400455308
660.97 3199.1757082445793
650.38 8764.650179905233
1024.94 9127.992887342178
1011.74 2048.9118568440344
1167.47 5559.730058859249
684.09 8001.910247411204
1066.46 5989.493717948131
1015.24 8334.55655230527
548.98 7805.0300209993375
773.91 -984.3781784597422
639.89 5409.301177870587
828.64 5540.518887712261
1692.57 5981.861456315915
987.99 -5338.065709328086
796.33 -2883.630253532535
1619.22 6577.684997419287
1203.11 1930.9427081833298
668.06 3727.777969802032
1268.2 6637.622812039341
1063.89 2683.144810161196
762.91 778.8561121446704
1255.16 3497.6401729365743
1206.8 -12376.519575555434
431.1 -6811.334659478836
2136.45 -3311.1214982878096
2045.01 171.59276213164674
627.18 7252.488981133107
536.46 9279.280006109182
813.97 5678.519947802666
1011.77 3239.101151468044
1107.47 371.59271052584927
1334.58 -1674.3965912417987
386.65 -1593.3937537226234
654.2 -1245.7705340765913
389.16 856.7887615737219
874.75 -4903.894627691204
1028.87 3079.28032388605
477.81 -183.7939879466689
737.64 -20504.900503646582
756.41 725.5328843023677
1131.28 -1099.861243469844
1597.15 1716.9176826317464
714.66 4812.699463324429
674.47 -17864.365851867537
666.23 -4283.539339571657
663.09 -6106.6282778640825
796.11 13195.43222008245
606.84 15270.25222628155
908.67 -11649.501855373248
1028.48 5340.89912083444
880.74 5159.608110268534
780.84 -933.9879674182829
993.27 9347.155635784278
1191.43 9997.27055923767
757.27 8837.218522075627
617.96 -11714.872578582901
882.43 9274.759770042716
709.49 -833.6595543376168
1106.04 4624.045350909411
907.72 1393.3681218655101
974.0 -5061.336615158539
657.58 3094.8093307223103
1368.45 7137.500311021104
914.96 10071.63982065648
1080.61 3868.888666118159
1101.31 4151.799485733716
1382.22 5403.158723591307
872.69 4054.7741242391703
932.98 336.6589138571027
1324.24 3146.824059799533
1128.54 4951.368050211923
1306.78 3973.2846410930747
1318.1 -570.9089452197911
1286.06 1493.6304739172522
1105.81 -1398.5109060761301
1475.01 5869.548299323823
3968.79 10153.436814130811
1764.23 -8528.130072390988
1539.87 10488.040287956854
1491.44 2584.777985554183
1939.57 20654.27060096716
752.0 5072.562096392955
901.18 9258.75223041086
1043.2 -14804.172919484477
1139.83 5710.127196567539
2225.34 -9920.613232232647
1326.96 8632.451151028356
2446.06 -9574.225246796004
1019.94 6421.640254235476
2948.85 4712.938468451985
1507.41 4136.343448902682
2358.13 -12791.911478502114
1239.8 -4103.675645674888
1188.25 -1333.3989998784048
1444.52 -5255.81690912685
1227.96 6083.539293229274
1250.41 2375.3812351541437
1787.06 -1636.8339141401977
2085.53 8580.97231620302
1734.98 5074.007135786596
2470.52 -7532.8250698239035
1839.78 7211.024386377576
1473.95 1568.446924484334
1274.93 1357.2143072734336
2405.92 9900.893182286825
1889.26 11797.959245264261
1203.37 5837.866709228223
2229.44 14093.0621392158
2260.74 20280.755874608567
2202.78 -172.18837921359923
1409.11 -5028.341461370324
2435.2 2042.5643844038225
2253.62 -20671.718299572538
2236.86 8937.524061399678
2082.96 15061.196094157362
1788.65 -1084.889432506674
2167.36 -12090.070977821966
1130.19 -2942.096185739861
1955.69 19805.38896766009
1832.91 1606.3161175267
1302.72 1357.6287949937816
1979.93 11273.521675534812
2964.92 -8338.7909321896
2433.86 -1175.6498605180298
3206.68 12199.473048069582
943.14 9322.43647824198
1633.96 4525.978154952875
1659.69 -6557.7685403190335
1114.45 5397.498290281561
2122.73 10666.310961142957
1428.08 3638.0160173001673
2183.43 4882.993073825443
2553.4 16432.612171314853
1936.0 -5697.11521286502
2042.76 -299.8642712593839
2204.18 9142.939873843297
1277.8 -1907.1465131771188
1331.67 -1235.3613260165412
992.04 45.51840803131439
2199.0 2329.2376800211996
937.0 2726.23442709146
2056.08 5129.21449525234
1368.72 12811.668821616317
1320.61 -9411.964880181751
1672.33 -3612.4553199431016
2212.78 -6189.518303808672
2867.5 -9966.20067510265
1310.97 -8932.766566125725
1407.08 4328.318283448578
1525.66 16863.254673840744
1204.94 10881.97362733955
1611.75 2520.5830355305484
1580.76 -1969.823483876588
1031.32 7008.56614937829
1969.24 14565.244409111083
1988.49 -1054.8537467376655
2930.43 3423.08136231478
2244.54 3462.5052045377574
2139.15 7082.587291628738
1119.3 4435.774731285436
2319.44 4452.554113979402
1221.58 -14748.313792460236
1377.11 -5034.2260604662915
2496.23 -6712.4903317623
1135.47 7077.016822434223
1883.31 -5366.15659333205
1696.0 -1120.1979356268437
1815.86 5956.0131341633605
1864.52 6715.093940734607
1216.62 8320.183864996057
1362.49 -1488.4124811717747
1546.23 2164.5425284884545
917.89 6890.201993047868
3930.82 -3989.3095245315567
1171.66 17629.255220280007
1351.91 6276.661684163214
1544.91 17242.100452511015
1242.09 7123.1741941115715
1507.88 12131.63217933764
2320.37 6469.430162567284
1933.75 508.54131574576536
1850.69 -11187.146023085985
2461.27 -20103.838020700176
1511.34 -12670.04463674209
2921.22 619.5105716419707
2550.09 4542.960834464897
1491.67 -425.5792321236438
1516.3 1713.457768176332
1885.98 -5523.048642417579
1595.2 -5452.075790784308
2057.08 -554.1895503635651
1641.24 -13877.349748408424
1269.73 5383.734943943334
1231.68 -4244.675719961525
2806.6 8631.872846085655
1642.46 -158.46349034884093
1282.2 -686.4177834549479
1443.11 -1183.1896245436897
1760.9 -3973.3894195308635
1965.46 78.50897500060326
1948.48 5592.695410587836
1621.36 -2053.265486544207
2694.89 12743.704736859701
1946.98 -812.3414879399212
2258.19 12628.952741554158
1860.19 -7074.919690060994
1431.09 1018.4058664455457
2484.26 26868.051100255896
2181.63 -1461.309512545445
1259.18 5882.253621846754
7233.95 20334.389416901453
1984.22 17045.561471287336
1149.29 1686.4532347809263
2007.65 3757.2579341966407
1966.84 3852.0873061220864
2135.04 2094.785520482212
1335.0 10967.957604179488
1495.15 -3829.364088435433
648.64 91.12412663527513
1712.57 -6046.116261615781
1921.35 732.2040056267526
2016.54 3252.3691052200334
1422.79 -10390.710938226717
2883.46 1937.723744147424
1775.43 19297.880554215964
991.89 527.4913062303564
1681.89 22708.897731713027
2292.15 2189.5683074121057
2352.47 3834.183141953482
2022.56 -8924.687488585203
2322.68 7956.412802911687
1967.18 -2654.7843598656023
1711.02 -16050.420128690448
2663.05 9317.849050174236
1655.6 18536.924687267026
848.73 -4016.5686377301818
1485.95 -36.35114374749134
1101.7 -1236.199967686152
1223.57 -6242.5614604951315
1680.02 5345.604789528623
1492.61 122.07497787584872
1159.51 1006.2943155395986
1223.65 3071.1911346308348
1219.94 19312.416553259227
896.42 -4227.893922253688
1516.57 -1010.4474562531145
1466.62 4576.069526298519
1461.86 6219.861443020674
1781.74 3780.107706948278
1228.62 5270.673179621469
1374.23 -6545.042591119055
1421.44 -22011.052452548793
1909.89 775.8223723899555
1571.15 5695.755774688098
1101.62 -868.0346720815793
1624.41 15495.568098459753
2046.67 4040.8613994996504
1878.23 8357.542440617584
1986.39 4333.005995990456
1261.17 -14881.751423068603
1637.66 15835.84014699053
2418.03 -6035.071230978385
1902.65 12819.40842731441
2072.94 2614.3133073716326
1732.64 1122.855217465683
1728.68 22521.460597639223
1279.42 12723.925545319431
1158.36 1269.8553873805658
871.56 -1129.593574395624
1329.08 -367.2398870418294
1709.18 -10369.807567748521
2282.79 3300.110000575032
2998.46 -6250.786624735821
2340.21 9585.36078465146
1412.44 -6958.52049508648
1424.36 -9237.688251340793
1654.64 -13571.316104093123
1563.16 10482.61314772522
1643.21 -2669.1329759746736
1890.95 1337.358626717107
2323.45 5504.326627777399
2116.81 1205.0876843767744
1684.15 6041.102757586543
1683.8 2646.6107550875563
2320.18 6808.328453977733
1957.01 4475.80876481236
1759.66 10330.751467695685
1672.79 3924.6370230051025
1411.52 -1734.5124724753994
1474.08 5779.458776572593
2802.0 5357.270873083136
1796.28 10987.591342160464
1563.95 1903.3510160476244
1964.57 6598.382037407466
1368.57 9994.581610840256
1137.82 9403.689178320958
1904.5 4243.792193621346
1475.69 18808.183172319645
1899.64 1242.178647019551
1730.78 -9892.567537004774
3116.28 -3467.2805403402813
1120.96 14713.20157964857
2999.4 -7472.535387273683
1180.63 13784.74873956265
1261.49 152.87021044726347
1817.81 4380.443049577631
4572.09 -1507.928459759045
1733.07 2611.1907749619877
1808.69 5686.674118455499
2494.64 4278.271196500368
2866.06 1555.2641322886184
882.55 11454.721768718504
1885.53 6137.468688985566
1598.22 11024.064671557811
1299.67 8995.651178979675
2844.46 -9794.143392627742
2184.39 -7009.245700565293
1453.52 -5813.670857007767
2222.06 2421.0176084132763
991.14 -4535.516464725154
1159.57 4117.565686940839
1074.51 82.92310112049263
1093.54 -12221.924373738562
1681.38 -323.177629617903
1170.43 366.8181888892635
1476.0 789.0771259308901
1541.12 15822.626034586265
1789.88 24079.977681151333
1363.84 8045.158221516704
1389.63 3394.4152185251096
1282.23 -6364.702908958186
1764.48 -15300.919398262962
1783.47 -685.1198220612298
1262.2 -392.43455236961984
1324.14 17817.743999602615
1809.16 -876.5109623738824
1051.13 565.420066651283
915.37 -4262.2010637837375
1127.78 -3149.8076516952246
1391.32 3893.4713079804073
984.79 5209.442553112317
1482.4 3121.668258193849
1589.47 10730.105389773447
1479.06 4738.165979757882
1466.65 5865.437811283701
1111.63 -179.23699765339563
1089.39 9551.910820345283
1441.86 7786.6543131532235
1861.56 2628.192570031454
1474.74 6953.931766932671
1084.27 12201.954445123689
1282.21 4161.1758994902675
958.14 7017.810130575578
1940.84 7331.577926811408
6643.68 6897.744756560875
1751.33 468.5083033496121
2102.83 9839.878427648891
2135.76 8517.030256019612
1821.53 419.36142401145725
1803.05 3671.32939750445
1013.37 6650.944438868228
1656.2 -15727.516312611935
1617.01 1019.7402042732506
1284.33 -3826.1223964664314
1520.39 5050.998111812661
1531.35 2619.8216375874026
1879.72 -942.9724309252063
1339.43 -21743.666580521807
1312.56 -2278.694156988813
1625.8 -993.6387140969068
2214.75 -4650.213355295012
1731.53 -3404.997544037547
2121.35 2761.642480151028
5674.32 -21820.051832365796
1280.96 -6817.873961920793
1499.6 -16001.817275997626
1664.47 -4383.82141322965
1629.06 10020.38149612178
2136.74 -1748.3300168917237
981.07 9574.082601861937
1345.54 -23225.994588658465
4756.3 4638.798490810536
1521.66 -5406.441783084721
1333.23 13711.39314505421
1108.79 2009.0432502370966
1183.64 14632.247020155904
1040.92 2671.1020814890094
2555.05 12596.702680322367
3087.74 -2159.5142898990557
2098.24 8486.594909786838
1907.2 -25273.44990855013
2819.72 1010.1244613445353
1623.93 -9022.567999427742
1806.13 8378.214520319572
845.09 -6575.6919480632005
3389.66 -4261.418947517176
1235.84 1269.7180437900477
1082.18 17334.90617018814
1992.67 12161.104278409683
1985.59 -563.8286940972415
2377.54 5311.826171632107
1184.82 5903.570451898299
938.02 7594.649959470496
980.38 184.3183215589549
1659.22 4729.703447048104
1942.85 9331.294809272138
1870.93 -11947.438145844932
767.98 -3098.2697923852656
1702.3 -3377.421951971572
1305.88 -1062.863132137075
1690.08 20257.66501828496
1635.49 2638.587088562234
1458.51 -8199.720354941934
1681.13 -346.0563788786037
1053.03 -3934.8058710190185
1784.55 -1128.1963062737639
1432.97 -2603.1806051653216
1145.96 8153.923702154391
1508.82 5290.869606936063
2755.76 -12300.066537192424
1847.92 -10153.613997490791
1232.84 -4305.282717520296
1875.38 -3243.0629731935455
1071.84 -27423.990817367132
1300.17 -481.4737702878907
1051.21 -5271.581578351237
1393.66 3280.5010020313302
2154.32 -7871.494505228552
2122.12 -11461.184608355696
1138.95 3783.472357976336
2038.65 7567.999404861479
1970.18 4280.625718274719
1188.0 -1709.8917118319673
1387.1 12694.274461997655
983.82 -12171.521203862489
1771.19 -6392.892168886068
1646.09 3655.0961228600113
1617.15 742.66359032912
1415.88 2166.631975400319
1711.8 -4878.103142932247
1340.5 3884.8516707321764
1184.88 -154.4236496368517
2026.13 591.1939264693463
1330.48 12151.910355117196
1938.21 -4585.801675372739
2028.87 7717.943780579086
1300.09 10895.115457936447
1041.14 2647.4838305195813
1279.48 6440.864311662993
917.6 16308.172368749687
1516.02 -4171.315672106126
1595.22 -2842.4729685266843
1572.07 12452.753112314982
1114.19 -7834.822609555545
1252.0 3694.717932828346
1104.6 1608.601582528883
1292.41 806.9853800268114
1405.23 2925.224303337051
1697.93 1300.984822785706
1292.44 2523.720116305188
1141.01 1930.742729997535
731.19 361.6724241617147
2007.4 3564.58420050038
1060.6 4704.150570759434
1063.05 2603.6297832152454
1000.9 2156.2714281457183
685.09 3297.9251152586344
2688.39 -6357.812423647948
1449.0 10510.61492630396
2087.25 33697.740566651104
2322.02 1858.3624414948806
1666.49 14918.67807183793
1503.82 5984.734421997109
4595.57 6022.238083687838
3698.19 1090.0897880594387
1687.15 -1492.863539506548
1794.65 -1235.7207869487977
1695.06 3240.833826778974
919.85 2702.7443126432795
1978.0 2414.092723773058
1940.93 18432.920733277497
2127.71 248.90485722286752
2168.14 1480.3863150554844
2201.07 5755.8416568384
2817.57 4139.094604412588
2732.18 2405.5014240298024
2008.74 12713.67993152328
7024.23 20504.190236251765
2426.67 20310.33304586571
1961.23 8030.365728505073
2116.9 7306.784639651403
2345.18 -4951.792757244244
2794.56 -6578.6562066950455
1440.51 -15188.96087160401
2223.57 11939.566971820757
1177.94 19384.72600997678
1954.22 -12131.209781995847
1291.48 580.348599579163
1464.59 -6540.831240697908
1289.39 10954.491187091184
1373.82 12699.490394137743
2088.36 3507.4443311193404
2235.82 6434.854932263883
1204.18 -10802.415222364747
2592.57 -20198.428499470105
2836.89 5511.3981337344885
1831.45 -2530.5185944257755
2112.0 -13527.035500102162
1759.63 18708.22475356384
2460.6 -14500.544436609014
6156.11 -17733.948057801157
1522.69 7458.0933463536085
2128.27 15984.30878219658
1477.22 -17547.874457700207
2017.38 -3406.119753915062
2225.71 -18870.71566708545
2653.23 -5308.212438770676
2567.9 -6715.205735740314
2631.71 10384.506766020722
3062.91 -17904.053765218923
2029.11 -2044.2785854445751
2326.47 -1319.472792635762
2433.05 13724.237113186531
2489.72 26118.967715856572
2697.71 1767.1448008778805
2541.27 13406.452858116301
1720.18 21159.866374897087
2777.12 10961.409485514998
2263.76 2182.697093679792
3194.23 7804.763923191775
2482.92 28864.95866891005
2655.88 21731.373638741854
2259.77 -15983.128560663365
3983.38 -5889.258091952629
5234.71 1988.0310587236615
4388.32 -2830.0604037477588
2515.67 22794.575952684805
3228.49 15472.03096164005
2652.74 18128.859680722573
2607.43 11100.792889340686
