69.38 6.013456420947899
299.25 109.6880668464171
166.49 196.47402962568893
348.34 123.13908629639764
132.66 127.62926437664977
437.59 72.31069133065695
81.53 66.37395035650613
102.83 89.77348231054033
130.58 129.5574292771223
279.98 337.0207514604401
281.12 327.5053397717592
259.56 340.77010289745584
99.63 90.98945270721516
249.1 265.604598316839
320.11 364.1967090716388
252.63 345.0233726873802
162.44 133.93998702664982
270.49 202.0117963172717
514.95 654.3199723967609
579.67 351.85100776439407
1152.33 473.96033539236566
529.61 447.3912259175029
381.28 371.83568326340566
294.57 298.8214465841735
571.71 422.57083288425304
405.43 453.8813460494989
575.05 764.6529824531714
489.5 624.9762908488028
442.39 433.5316530990427
401.09 425.202206863809
610.66 636.2042300979308
377.38 107.61013873874771
579.6 345.93452767407865
744.01 751.7213790623839
512.85 942.5821658996249
711.18 752.4923201327646
323.19 279.981322213662
269.48 357.9643101773766
320.97 365.97615351829705
744.02 867.0294420947419
470.25 713.4648798534615
682.87 712.9989656535903
578.4 568.6318432007554
458.17 641.8100365327259
494.98 378.86291834665866
494.48 425.38492469203663
595.42 634.3536046828333
362.77 447.82497711681384
410.02 286.2204716190233
419.53 447.3305681177762
280.09 348.46719716060977
737.96 832.6193897876417
502.36 628.3879506526712
415.39 511.47495651574013
325.55 247.45777600383522
390.45 635.2982645933782
315.24 607.1254977965325
599.11 650.3348593135113
806.41 783.9905449216631
552.69 757.2484967370586
544.85 453.9307577634606
743.72 957.8610009858505
505.39 344.418936688684
510.32 647.9151803299106
275.49 252.30866158114054
472.4 405.561254360633
403.31 397.4183986250828
779.96 623.3645977682363
218.55 206.4198452307699
568.04 664.1941059530573
400.51 417.91030352908825
359.92 348.4032851927975
565.03 673.5756958253403
534.38 665.9684540577882
231.6 154.83150631533837
596.47 668.1454754663338
301.77 432.76728468269425
398.44 477.34684903261785
329.47 448.15193923814473
558.2 474.164440622141
375.18 444.76192289936745
349.11 391.6701801962973
478.22 595.4238458561432
482.15 595.2098302916507
447.84 556.0890612709807
476.66 518.3115622376811
418.07 319.7727042329337
477.13 725.5909957357333
1413.16 482.80439543702624
402.64 426.7453497835884
701.84 421.62059617059737
312.17 186.3694546763994
221.35 192.0050656552252
305.99 366.64916071864735
676.29 557.263184285106
430.86 579.8371893422609
507.3 584.7308860650554
529.3 398.7935095704282
251.15 185.0677573036823
344.89 363.8735888817856
430.51 461.1848503640136
673.44 466.5458542937195
340.96 418.732272123982
436.24 462.55551252303275
501.5 467.2976874177971
331.43 68.46567973186357
360.6 111.64314513106824
278.62 145.99824812426039
614.24 560.9606095722543
561.88 635.6954953917981
410.59 455.73607959701474
552.36 281.03600531179956
587.75 569.7534901961607
1340.62 808.9417183583231
761.04 753.5615657673419
738.67 638.122169082986
534.78 731.6073806061044
658.55 641.5695281988397
420.11 531.4128135577537
1631.54 424.7041433679732
482.32 774.808682819625
376.55 640.3796126330743
517.41 373.1257600753023
290.57 150.82195716049898
317.33 472.152457770984
1184.31 1228.195997175053
1015.49 1038.1613789835183
826.03 990.0006839780851
780.7 738.8617127715881
645.97 729.6687092440711
771.2 1134.6747921562392
830.28 945.5971721586169
588.17 643.9892689749997
569.03 643.8663737634033
642.99 641.4266127496362
472.74 660.938997467412
837.34 801.3534178247355
978.41 934.5528440449822
514.97 569.8838272814819
597.24 901.2127119965878
821.94 950.6038644088648
618.46 904.5925420808917
1832.1 929.5590911435885
1143.3 1520.122708308231
1759.32 674.2525342546561
375.59 422.3728435194994
504.81 672.8497049339591
600.57 2021.8008307535504
936.4 927.7548520878355
4150.15 1100.691467088139
1080.91 911.7945604784446
974.12 1026.3076417468499
759.230000000001 1715.028173777099
1010.03 1371.850901120074
795.4 1119.0678718511356
635.42 639.2884097591359
649.88 925.5108631230523
604.32 823.270070651076
551.02 785.2977083093131
450.25 336.44316944250363
876.69 1065.4405445365671
902.13 1059.4170642706788
677.44 934.9542762086322
1459.21 985.3533282232947
565.93 952.0147769765474
727.32 919.1081524706402
958.32 1224.99673854838
773.14 638.4846053826446
955.62 920.421311928325
753.57 960.2032533030687
454.82 347.11052293446267
1365.3 972.4416830479923
673.79 1263.5880369019676
922.52 1238.9495882573472
509.47 360.48704065374267
686.51 975.3076127301151
874.17 1424.916125391931
787.38 1189.8081483742276
879.87 1180.3180592136814
626.71 741.3095578635356
570.2 735.8462928835502
573.58 1045.9976364631216
459.32 416.16274000495446
1048.43 1243.2940379107947
471.78 653.3408134653906
637.02 858.5342349769908
591.31 788.8298850052727
1210.75 1366.9845709076576
848.42 1096.3476113453683
615.78 900.5466722956569
695.6 814.183757296984
1238.75 1428.2359906756963
1135.44 1386.5946796370572
798.99 983.5265822766573
676.68 1027.3413688844541
1260.31 933.2782022303503
851.57 922.1786672058672
346.59 264.7516543940581
839.24 593.6974148922708
655.23 764.1178590792862
579.47 621.7862077971255
838.75 893.56037074856
794.72 932.3745600719177
1054.95 1219.9489052002905
1290.72 1143.2770818543522
803.06 764.3376084549077
744.96 885.9003828859621
1175.3 913.6314904787388
463.91 393.21229031216865
491.68 431.01836252333595
531.02 730.469096824401
531.74 497.3012716336614
490.96 300.10938842680554
1238.14 1726.9955333205464
890.84 741.7878155260855
822.37 1000.243316273993
842.35 889.6645637256864
697.16 885.8431134175046
749.69 958.090283102953
466.42 544.3099849553558
800.2 865.3079270878094
592.84 812.9225652936708
790.55 999.4636644799524
1263.35 602.5321534765403
1201.95 1179.4933861416928
1197.25 1215.314502072581
437.16 709.9550069692767
869.58 954.9646333144645
794.41 945.7029934776345
763.06 919.6628966052117
840.89 747.0017486626423
481.49 757.4435053050477
1031.19 1091.7971522504959
1005.29 1156.9249871080917
560.37 581.124865658911
854.27 235.72871041063945
647.05 713.2045227267377
731.35 684.2742700987563
1119.48 984.6522305413955
968.53 943.6183591822141
1995.76 924.379307387864
858.48 1135.3889803744416
945.23 1125.2413766757993
703.12 987.1385963786498
406.67 765.1063634000162
896.58 940.5155650455512
575.42 934.6456920992248
581.13 637.3069884643812
833.48 891.9142591954359
697.57 780.2961641858383
802.19 999.5029460109151
564.14 928.3951535327797
1034.76 1475.0632086010762
989.79 1212.250316247198
1099.88 1169.479701930709
963.72 1082.9698423887921
1024.03 1258.8762700258358
440.24 299.20226749087635
633.08 770.3204057151604
1708.36 210.71867557102573
943.03 1112.4368215290192
842.49 1146.884250658219
1263.37 1516.1367477759377
899.95 668.7508110818331
1511.4 1507.1587475319902
1578.95 1459.1721957467298
901.83 1212.1293391928896
464.08 674.724665885669
1388.48 1220.3534862024478
832.22 919.5039720131066
487.03 685.9967672004102
921.25 1276.8999387439915
1131.77 1431.06780570929
1272.91 1678.5974643622667
489.74 584.1992577599705
435.06 780.8432517051664
548.91 248.64949088529423
817.88 1063.1672633292094
884.04 1204.6209386515643
546.83 659.1751195707956
898.98 1021.6791159889352
663.43 775.364629298729
404.99 651.8344794863771
385.1 816.1076339055152
853.37 1065.5356325443108
670.97 824.1926761279424
1322.18 1339.5245504637116
1245.68 1337.2366310581674
562.8 785.6364839848181
579.24 574.0119018455359
496.73 556.6318090118716
1058.86 854.2305950143705
1194.89 1088.518544754942
708.61 819.2858804352935
925.55 780.2804384721687
671.23 718.6876081884027
593.52 695.1029885513184
871.34 1215.3582154961318
701.01 1055.088230187675
426.07 689.9167959528736
560.39 661.3190693437303
393.06 577.3999659838541
934.07 649.0163190053688
848.88 1049.426051685797
850.8 912.7474099755036
1141.43 949.5684476418801
1104.42 1126.0851012068854
930.89 1191.42421756409
781.91 1034.8412257334714
538.26 667.7612866423863
648.65 696.0201650510842
1023.41 770.8748270682191
1030.03 1071.9826067148895
1154.75 1403.689400672317
746.93 789.9904409774057
949.31 914.8517385265465
777.05 828.318757341065
717.55 764.6756763996926
2069.95 1600.1911649264493
1162.41 1185.7216317106331
758.19 896.3812874202325
741.65 794.1237529050895
754.27 921.8014908854352
770.9 1161.8226853091878
601.45 811.1972181986353
951.68 1058.7795524145351
683.82 969.4935924056635
826.64 617.5580421031962
661.2 634.2422475181322
569.02 585.8439985901059
919.53 1236.5058877095967
694.93 847.3380201380459
867.25 1059.7599109377459
1222.53 1127.914227558581
762.54 880.8911386560043
633.98 907.1223621266485
508.16 638.7880670999149
595.53 508.6575072876195
693.97 907.7116058912715
557.8 801.8844100943637
732.64 1013.1951388959976
588.3 966.4651807540806
919.88 1074.6457792234355
2055.35 1050.9402344265472
420.95 640.0309252657986
333.9 586.0179234342295
594.81 759.1259168561601
544.53 912.7620091435892
361.71 438.97220238736156
558.04 724.486432851782
1275.05 636.1291975813436
797.55 993.8382824547901
1044.82 863.1649816557538
1243.82 1465.2609861163662
427.88 355.31146173762386
683.24 992.9762898509963
608.02 886.4538194481328
1024.28 1395.28771281978
642.93 813.2853247027283
494.15 545.7470035489428
888.84 1106.9541694554432
734.26 652.1188381240361
2127.49 588.0547967351581
770.51 884.9935710837824
592.74 638.9121962136295
631.6 1092.6078603192916
672.61 955.8957882816009
593.18 731.9471139596162
522.81 662.1319074434241
3259.31 772.2404176080626
644.07 856.7579491868014
703.97 1040.8280459869022
980.28 1158.298957269972
551.75 828.9891247692542
778.47 887.2042434933683
1666.02 752.1734541473443
728.12 929.0831757730342
340.33 403.89808976287156
255.24 479.98727033517577
671.04 397.1239076472128
332.63 216.12314578632257
679.33 630.831797713225
528.52 867.9866712479811
965.82 475.54082071824524
468.41 760.9781628291479
725.25 898.812400605596
920.14 1075.715306820223
474.99 825.7664702525449
684.63 826.7836474762473
845.83 971.5960496933393
925.86 1122.3499233074617
1034.0 1145.8842653288698
882.37 1085.9228043151027
460.66 929.944163154364
807.96 828.7770064814168
1176.6 420.4316172893597
884.04 944.4460153924548
439.1 539.5408017742024
892.44 1020.5124283458958
561.4 677.464932820054
1113.46 540.3057372604325
876.69 1131.1026462364373
1151.38 1087.7461317535524
779.38 835.7366395517383
749.32 1045.9132525309258
869.38 1142.714474252395
486.6 364.2716606184753
640.53 748.7703955778945
774.79 694.7543039459413
567.31 733.9706822939423
531.11 542.0068651990227
780.89 1106.9765748504985
1008.89 1389.5404103053984
826.63 820.8894432465306
687.05 830.0732013905284
932.67 810.5016864647181
1102.45 1094.3669322566145
509.22 696.4312761713599
385.99 489.0520287654073
754.64 1602.2236765123694
1031.89 939.7525557355086
833.14 953.8358207922424
663.68 739.9995857548416
957.44 1156.7019592007582
757.82 944.0284161758332
518.41 799.3617305533357
5692.23 1003.7830037864359
535.46 712.6287698058795
542.05 522.9641063428132
1009.86 751.2047112058482
657.61 764.9796973158022
685.69 784.3277996415837
726.33 784.5223632518899
789.57 1101.0308996110448
1027.97 752.0870011651618
773.82 1000.599406772268
752.81 906.9128922546348
879.23 1138.4542048946032
1337.05 786.485802870325
1041.87 1047.890672913351
686.35 830.8531105665603
611.28 896.2992027960023
637.76 799.9695958045381
603.95 752.5032451038923
1115.63 1247.3321104620873
1343.62 998.0370015054216
3336.71 571.3374956134043
497.67 544.940030099856
539.44 703.2513848151517
878.66 931.5400112299899
778.11 860.0002126739739
702.77 758.9504417713108
702.55 739.52582997276
926.76 945.834468930841
1163.04 1116.7103961776795
747.16 859.1852235616658
887.24 797.129834066697
589.78 696.5687023540149
520.0 744.7932204276324
840.41 991.4438309186492
736.91 1192.008198006212
679.81 858.7516392772104
850.57 923.5278683691436
777.67 961.9236358137606
1183.1 647.3748898361871
554.35 445.13094477883055
840.54 1154.7012827738877
1098.29 1146.3104365153692
752.17 676.0784190077007
531.9 643.5092637880321
5461.95 920.8392000242253
4404.78 747.0242848152639
759.56 654.0937134221434
587.82 893.9770323318286
922.58 1056.0245916535391
5729.37 1048.3606538149415
1296.28 877.6987973198256
988.5 852.7737611955205
869.18 943.8808642402183
656.4 881.1260826869589
471.29 526.8040257825243
694.57 732.2892421325907
1326.68 722.7574885946204
598.28 829.9524866380214
1071.54 707.3290106126102
618.6 772.7919335778569
1463.62 1252.2879277894326
1079.61 1252.524545811526
1013.09 847.1418818907919
688.13 594.4097099565703
1074.51 592.6824860837124
2318.17 1115.6143212922007
1844.72 942.1121459113535
2373.28 899.3456249219734
475.25 597.4477471353594
2709.79 990.0177565747242
1158.02 983.5503815166486
581.47 719.3898147121889
704.16 864.8045780248592
414.87 640.2893217135337
647.3 673.5820412527462
740.54 665.2341768517966
934.09 846.4964607532669
922.46 410.0561948395878
1208.51 1030.268630932177
470.07 154.3733285260718
469.84 165.14555076602613
592.52 420.2707064706537
682.78 412.17217406581244
796.75 1193.5716811130392
846.48 290.3151410776778
825.85 424.0963722470057
2325.89 798.5241505187115
839.8 938.6728457191771
813.29 881.7935891720164
856.77 1174.4121076381323
885.64 1128.324939591754
952.63 157.03212530490572
659.51 502.922608335633
987.45 977.6485006200994
1017.91 843.5683652404475
1854.29 577.8930314254226
2200.12 325.2197979551043
1705.86 1008.8178775094578
2329.0 501.0232247430207
2415.83 1068.6763917254461
2331.78 741.9063261473724
614.88 618.8954349179505
1517.97 1400.732985414856
1500.8 1131.2513062004439
695.12 856.1396193024774
901.77 936.4694607832869
1068.86 694.1159447961179
862.94 721.8538455452721
528.3 295.5588957089066
3897.16 939.1063359985985
506.6 832.5826858636168
993.62 710.2982643632106
771.25 623.0063984469605
1245.58 1103.6083197262979
853.15 762.0949145285707
888.38 589.1409598157102
1180.36 1185.9397499144914
897.57 1021.9987192020193
799.66 863.2261884325926
1652.97 1046.545271401705
1484.87 1186.4784273251285
2243.12 1171.4652879789896
2077.51 774.5318698846279
1444.52 457.43166218758313
1182.29 1136.451629660181
1563.03 1419.861685650954
1330.83 843.7265488331647
1093.64 486.67639197224213
1271.74 1185.8694105463633
1612.87 387.9068321348898
1679.43 360.6020189497394
1836.33 309.30927117202015
1749.43 1123.659628526112
2011.35 1015.078771601372
1354.61 1267.3041274456061
1660.46 1094.8267516757574
1596.51 1015.0991830764377
1740.67 1424.0286246206438
1522.1 247.9124736930387
1854.74 1326.831757026047
1725.05 1296.5819737141694
870.0 657.0723741548293
1400.33 710.0942518444507
2288.66 1306.2550355971794
1648.8 1298.7477799508365
1543.29 1409.6256310911863
1182.36 836.7757366616113
1350.48 734.6186657038874
1889.27 1153.3925184535951
1181.76 756.8629248907605
2076.83 1244.7009183230844
2973.24 602.7109757943045
1569.4 1364.640857169872
2686.56 1524.8550078998298
2487.1 1086.0020420338146
2309.59 865.8965066908813
2111.44 718.8297830577019
1806.77 1029.3744232221409
1602.7 1127.0524009657502
1873.08 718.848032692495
1946.43 1189.9567069907553
1965.68 1189.5262853759823
1280.73 1149.0635790107756
1641.19 1127.3276443985292
2322.47 995.5617239261103
1490.01 375.88418794107366
2125.95 856.0717059985241
2873.67 1563.2192861742983
4414.96 941.932995031685
