34.25 1997.0933105040338
200.8 -983.0262638580549
136.73 1770.5759652601935
121.84 -200.28641414140162
94.66 -1258.2207736657788
85.8 3134.8508466048647
70.67 -282.8122607398115
82.77 20.17590095546192
104.08 1375.072348994021
254.31 7012.700889634385
252.08 1227.3333541289555
224.41 -2239.333523690777
88.6 -691.2061409111432
196.82 55.60461079359354
277.25 695.6745930957801
232.07 2734.6811277310735
124.44 1243.7221254676965
237.55 3193.903509211205
481.76 -3407.280895312248
341.53 3228.2472386920977
1087.87 12545.410087754977
463.95 6120.25845585057
352.7 7997.016695390036
263.13 -43.61789826516835
495.72 -1226.0657748262074
360.34 -222.782506410092
519.64 -123.07596166477933
442.93 -2856.1495662498537
389.53 5763.31346813314
374.08 3547.5732339677024
573.39 -3082.82748364702
347.05 -13597.92467903508
348.05 -2016.9755375254888
698.54 -1351.8039236189836
467.33 6249.884600356991
650.61 2857.345356356538
299.1 667.4334627553678
250.58 -623.7282670113884
275.99 1005.7769274741651
671.64 2887.503047430794
439.01 5065.512866100409
487.18 4105.042013621895
542.63 2755.611388419173
416.81 10543.84166216622
463.3 -5315.66398982539
463.14 542.1672443156998
531.38 2416.6232485423975
316.92 8262.187484386943
382.01 -1502.393746326198
390.22 1947.6884590729578
253.91 3589.972889338183
688.18 8723.907413211145
433.15 5528.155532211181
387.14 2454.813690968002
276.11 -5339.3199156185065
363.9 513.914760890793
287.26 -116.58279780604856
563.01 -1597.0026517800384
760.67 1188.0667468353229
518.14 8106.225512054215
510.36 4391.929336015982
688.75 1358.845331111473
446.07 1821.6947795075614
470.82 8033.964976006398
237.66 1363.7826396818743
433.72 -1985.0804978384892
275.04 -2869.9071890458727
633.26 -6189.0519584393705
175.81 -9211.694241557805
532.39 -120.0993918090677
368.18 -1725.3914384891827
328.56 2738.6823240510207
516.23 -1798.3012458509563
497.77 5961.502872509234
197.12 2020.6496447051431
538.9 460.82599497114325
262.66 -1110.3848447531122
352.99 -1291.5466824314794
292.32 -2436.494377412164
344.16 -2812.6906654299787
338.09 1007.2849920317922
321.44 1145.5703819624948
438.32 4024.0615937428483
438.78 5516.968568784242
415.35 2755.0830004810787
428.74 3089.9664370304577
357.97 -806.1400433755967
433.18 -5759.502122326867
399.23 5429.4233173618
350.58 -2853.2469721587404
379.9 -711.9045259480389
235.54 -1170.9217710998705
197.3 -2705.03810411664
279.74 -1029.6314865311112
633.46 -4714.892149837798
386.2 1611.4528429120187
466.52 5236.274217545169
351.16 1008.2774955953506
218.55 775.8079956143642
312.38 7293.823447189889
382.2 2038.371496146549
485.66 5611.780399158822
314.03 -5486.577862585705
383.36 -2800.7176246447593
463.2 4564.588981994432
297.05 -3115.171216696237
326.12 2664.795413106878
245.47 8132.923190147529
466.86 -8589.835805370667
520.76 -11932.621950900826
366.74 7058.922539548049
508.33 1773.368048329015
499.29 1482.9576594819546
1259.83 12553.54892167064
680.8 -7468.467010485514
687.86 -4635.43780200067
498.69 141.96778868399593
599.43 9259.019494352788
383.45 9338.917679957665
1436.74 9138.750917293275
439.47 2520.246092447724
351.38 -3016.383060270299
472.16 -731.151086352203
251.98 9610.69451649682
295.27 3104.9756054958148
1112.38 6985.127761494409
929.72 -1651.2859492923624
762.16 11012.25158947167
668.13 3288.804002609857
520.58 8763.471096059535
719.68 -1914.679110230068
765.75 -4030.569174616773
544.43 3664.953153020852
507.17 -2640.277950522286
600.06 6501.656567972966
441.6 4327.13286513214
776.91 -1632.7279848528656
924.03 4547.721245282591
473.86 3052.5597647686286
559.31 -1395.450168858198
763.5 -2629.9340767703334
563.47 2122.9694659748257
1143.42 -7686.983360739604
1059.03 -634.5855843809336
1668.73 3737.0875582691247
330.18 -3764.6018259693633
473.62 -3606.1685387854936
563.09 -6965.330452703266
853.06 -2460.33602506957
3916.89 -888.18535854275
1009.3 5192.465953445852
897.31 -3373.0253206220095
697.78 724.8364408509301
943.34 2208.6797560505647
728.15 10345.782660892766
594.62 3709.3295940162384
535.23 4046.038400591995
545.91 5183.9465219560925
499.64 -289.02576784286833
398.05 3841.5549510405963
817.16 1362.3099900001346
845.49 -3601.722195036155
633.66 654.7755455194272
1356.96 -1356.3913611392152
495.14 1378.6362482627744
676.78 -23354.882853093124
889.52 -1095.4185823691055
721.6 134.20371987359252
897.14 -9.736422492712391
682.54 -2334.7668753634216
424.21 4180.780703849555
1274.49 -3148.1520902689094
630.81 3941.78196756434
865.4 8534.092313929787
450.14 1317.0824349575773
639.87 -10247.345114582711
819.62 4083.882634861282
737.36 546.9433369655385
827.39 5086.554483794746
587.89 479.62200203005517
533.67 97.69417922004372
535.91 4307.301631393414
402.3 10243.391785725238
970.65 -858.3711623851248
416.99 2712.6775677138176
594.42 378.79921625050724
550.07 4802.465385463415
1139.86 8954.131898281592
787.67 11448.38940507358
578.52 17223.951329027663
622.81 -3591.6392182086465
1153.88 -3870.1988903858787
1067.23 -3248.396380461324
742.7 2585.62643693236
632.58 15442.45266767862
1168.05 605.4407175401403
766.0 -10418.338944202605
308.31 5709.557852394692
774.28 2362.431758256565
602.12 -1170.4620612550557
541.8 -1608.7682230166513
763.16 -7923.280598163881
745.56 1251.2027661844577
992.64 -4995.121314623814
1215.96 1243.790041966344
725.84 -7827.341960639829
697.83 -7305.32344532351
1081.22 1410.355333231302
394.32 4997.531801475197
457.39 -8461.062256172761
495.6 5865.268018140894
470.38 1805.341563763158
438.59 7190.982270759119
745.67 -4574.243340090334
832.64 1892.7508778279873
773.83 -4511.177627673006
775.82 447.4575389482317
648.61 5033.8465822276685
703.69 3013.762850621373
434.35 -1000.2577488133846
740.7 9269.240197153755
555.85 -2460.0508496051625
729.12 -5208.033192760315
1185.42 -3112.3681424185365
1113.99 -4639.85454797128
970.7 1317.0050688275912
392.9 4412.317099362235
805.37 -1815.7849696092858
733.04 -6719.856827767933
709.85 6308.127217926659
736.98 -8273.884524463901
435.04 -4227.325196238825
956.62 -3215.405956351242
813.09 -364.3435670005168
524.02 -1207.2130663377293
801.96 1395.8682593575172
598.14 -9184.698219647062
652.86 5253.022334088553
737.21 4232.452697110219
887.95 1699.2110168666854
1753.56 1078.0530136953905
810.34 -3937.5835044961154
881.96 -1081.3757177723164
654.58 3922.334377072941
377.97 -1927.6289880184247
790.48 -8398.528103126939
533.94 -8435.023841961145
536.13 -3876.3361575124018
785.54 -183.4093624927341
622.55 -4061.1331611307933
755.44 6928.864961475539
516.1 -5016.077825180239
956.71 -324.35430044210875
920.24 2352.341110809178
1005.12 2748.1664924568554
893.11 -6312.554546392149
947.55 7072.078837199919
372.39 -2735.459320725144
569.4 7415.7271498476175
341.24 8935.00388927516
859.51 -611.7080185423923
759.64 -4331.706705303203
1023.36 1631.4891152818225
836.1 1529.8013880582796
1304.79 -2355.300537052119
1103.88 7474.614598836554
837.84 -6559.911177857804
425.97 1015.1380820153232
1292.95 8155.110620319683
751.36 -3580.2584926727022
437.24 -10066.759618574733
866.93 4423.868927876739
1055.1 4940.949702991272
1178.33 1376.2214186310327
395.06 974.1464038978729
403.47 -982.0518412756753
484.88 -1584.011498552532
746.38 538.611745417324
815.37 -760.2748125827355
502.55 -1008.7061679841964
835.76 -688.4544622744089
603.57 -3097.597588433242
368.69 -433.555332577412
346.18 12650.726433922524
792.55 634.9545731836093
607.72 -893.7343261705371
1230.36 960.1448719557669
1162.36 -1625.6870861345224
512.3 30105.249590271396
518.51 -2359.379331066615
457.13 -679.0200449525399
908.6 -5155.187283311589
988.94 1982.6326113979612
638.34 -1630.2096072179156
850.24 2636.7535495641096
592.98 1201.5314259785682
515.45 2770.7969080403113
815.58 4049.348230569412
656.64 43.87912184266055
397.11 -6198.868797448807
499.63 17.663572448504922
367.06 1706.8054352777465
879.93 -2075.4956672036715
788.07 3937.387203758548
792.02 9317.869562286634
1070.12 3126.3846945852247
867.5 10226.685128611492
868.54 -409.2264327206043
710.99 7399.891214546975
501.56 2550.0450811033716
606.89 -3943.9381735203447
956.13 -6247.44686478087
965.69 1038.5460220707894
1052.07 4221.879518776467
671.34 4127.670365220302
863.12 3495.0828709730654
701.66 6510.847273628072
642.69 -626.6547999028832
1366.72 1803.2034145689724
995.06 7590.472016130745
708.38 7678.948062951198
698.49 8581.550950687655
706.66 3590.7057049859836
721.01 -1316.8979152594031
548.78 1218.9521638738952
865.15 -7431.919897106128
633.06 3957.1241516080245
747.34 2352.2201717606786
449.31 4009.9476254932433
530.27 1319.6988989046718
789.44 1540.0339164863408
652.13 -825.2292469319183
812.77 -3898.1516215622933
772.94 -186.35377326464078
701.21 2537.270039111526
593.26 -3865.851264667614
474.11 7506.897010344234
487.99 -3936.9439283572374
636.4 16106.820081582122
468.65 -3944.953143506492
681.82 1098.0772395413233
550.12 5048.832444188223
778.27 7408.247958353335
727.88 -5865.487431566212
393.85 7950.313355766174
311.26 7289.643195095187
555.83 3686.1576615186355
507.67 -2826.0133391464437
336.12 8695.057846754407
518.47 -2060.9225879310634
1212.69 -189.46875374017657
742.85 2473.1896727244025
983.87 3149.1924462227025
1168.28 5810.849631467433
395.16 3128.4099080952924
636.68 11453.31685415149
563.77 3521.912165453386
942.89 8239.650271583632
588.2 567.6299628880768
439.0 -2193.425802156113
828.73 408.3377572563874
531.78 10071.901693108384
490.98 -1628.927523384802
719.69 2526.9907108743837
539.97 -1798.5695771879953
589.49 6988.401069015172
607.35 -4200.530066672622
554.8 -3870.681844623909
488.37 -10749.624614807633
568.75 3592.3436091906497
589.82 4591.76422851495
642.96 62.050497512503426
905.61 -2211.5793537303607
509.3 2420.3281729684395
722.17 -264.8826440940909
639.26 -3760.6379170542646
681.38 12950.423260647132
307.17 1964.1088240806039
238.87 -366.25987988840336
621.1 -697.5704833694153
282.6 428.66887474135297
637.11 -87.98840876948898
496.55 -3177.0982390956838
885.12 -1783.1239118158378
438.56 1760.3088894845405
680.04 5025.553013301168
836.18 4148.023762038447
431.39 87.11270359926831
630.58 -5038.5361226095865
722.4 -4315.994891978552
868.87 -1602.7538503249157
968.49 -2851.6197430777825
807.46 1968.0719750839667
427.86 685.9783420151829
604.97 2694.5844529869296
439.18 4080.096796064223
793.77 4410.776010909142
393.92 7609.563987970875
836.16 2277.842009571043
516.32 -2467.9660937593
1047.71 2567.0522583352526
805.68 1942.9558987939854
1092.01 -4518.026553595236
719.19 -10806.826632490545
697.27 1235.0750951147058
803.88 2514.417101496523
455.49 -1329.3104928610433
603.03 -5987.973040323262
717.42 -2119.605439428986
527.7 12717.015076776142
488.37 8801.363857542465
731.02 12144.05863913918
941.26 -7267.295477896747
768.61 18906.309704533753
641.28 868.7442899555914
875.29 10396.985070117511
1039.38 1429.1912741841725
476.88 8640.237049751195
361.37 3030.300434936852
708.06 6985.226960561946
972.52 5187.075847359087
774.43 3655.3566267787146
619.35 4140.965688015578
902.12 835.9557912060777
683.36 6657.118697481059
477.35 7752.940547702813
704.2 6985.399979670599
500.92 3165.953964023333
461.35 10098.472987942983
951.15 10208.237839715548
614.76 -871.0847850448745
630.45 -3741.949718951282
670.38 9793.04073607845
740.73 7783.86228032066
900.18 10078.600891699518
667.97 461.74215642120834
688.45 -10892.85150457791
827.24 -6483.828408299851
620.06 6396.550183761153
980.25 5390.31042216838
646.03 11810.278841837688
563.28 -3907.6110989830618
568.47 -5196.121982327409
561.0 8550.863850499725
989.75 8527.708327993032
762.79 8623.094084718925
399.74 6796.258293711589
462.96 4787.827902938623
485.31 1074.9097788420513
820.76 9795.157755899954
727.99 -8080.256240623747
629.38 1792.843078796558
650.16 -8692.119720826175
860.92 159.34652730908286
1094.22 -12967.536749225179
670.73 8826.321752002426
835.06 -3593.953627267521
553.53 -4352.395390163888
480.27 -1663.448245073391
781.52 -1850.8773714127951
689.66 6827.822673151797
616.76 -8626.15261382205
799.57 4136.548643660618
721.73 3431.451073307415
1111.28 1787.8357484997437
441.34 3633.835211995463
787.46 -7142.076787491141
861.11 -12231.958731960676
703.99 -1747.1639500064532
461.04 -1397.3214794966736
1530.5 -2460.7310636212896
600.43 4162.391734096136
450.09 -9604.913519756852
528.18 15591.440040034673
861.38 35956.04096750721
735.77 -8484.54822216659
785.82 -1099.545260191146
864.89 -1012.1213055222748
750.76 -2085.6348426693726
602.27 -15091.46704158107
422.79 14703.33820006169
640.82 -3491.329325503759
1252.95 -240.19314608853318
544.48 -1504.3822483844772
1006.55 -1354.9766518687102
578.86 848.3554830269286
1378.77 789.5900882269582
959.39 -2543.273345479014
759.05 3757.524150873501
450.03 -2889.015481407463
430.89 10682.618808485258
973.1 -8121.440312121808
625.7 14405.577947194817
888.52 3376.169095384759
426.96 -3974.6065079686246
753.87 -787.9117941686694
788.6 1287.3617751513464
545.21 5940.412045360353
658.87 416.3034919745466
387.85 12436.81475846601
603.02 2845.202170081901
509.16 476.41771137866715
618.34 1703.8676186164992
594.69 9863.183712727177
958.03 5602.855328110414
437.64 13330.95798216994
434.66 -11830.694201292372
552.37 -7292.837428809573
637.98 8397.125952293465
543.31 12941.537336915773
264.16 1812.8854676589303
735.24 18517.02535051846
733.41 9329.381715804713
788.84 778.5393446111627
763.65 -5381.890686861647
802.91 -104.37244676589249
814.95 -16213.082118347987
898.27 12306.743273756649
575.85 10194.038858317232
917.29 10610.67379465416
942.09 2146.5317655794524
859.85 7868.325974878812
695.71 3386.5012385625114
774.94 -2017.7430981844623
965.15 8414.78525602742
743.8 -774.049462342756
706.93 6470.837221632548
575.5 -8794.885564621929
894.6 2371.1536241077574
1415.09 -4846.107438454955
651.69 1551.9945149972878
843.49 -5530.722289161198
1006.24 4513.8379783023765
811.08 -10903.901029572686
473.12 2056.1018962767566
1030.41 -1373.3933717128302
466.29 6830.254217846499
935.04 1388.5271559452365
721.16 3932.9625986015903
1166.86 5571.906329569196
799.06 7948.947276510958
830.53 -3920.5579720462956
1108.91 -14619.546052557569
841.22 1222.2209245349989
746.91 -13827.545206947892
973.17 -1818.8957344386356
989.35 3836.278809762418
1677.77 8683.402018118637
1304.87 19605.98029518901
1066.37 8632.694097549762
854.67 2593.763410158729
986.66 -994.7015395964422
896.88 14486.626049785207
789.42 -12061.611938938699
929.02 -4395.248268711267
1109.51 -1810.163252139751
1045.81 50.053657892015636
1098.0 -4682.189910627771
1066.79 4421.555150411865
1317.13 2741.77796253207
911.45 2200.452182164259
989.22 -2562.22275135987
855.24 1940.7899960144155
1231.51 -646.8385445044714
809.33 5823.3794051550985
1116.42 -5271.93529326572
1168.86 2554.6825876927846
633.02 -10115.305328490536
1058.7 -21059.18807822039
1220.42 -11250.240247614647
1187.5 16249.653002624304
955.16 -5176.938028904104
879.06 -3113.1879684636506
1005.92 1960.8478633801803
1276.23 4498.040939306281
770.04 6713.396545325805
1256.27 11167.987532488805
1303.84 -14929.056291040282
1010.76 -3773.598193959994
1129.07 -18393.14981135996
1102.93 21462.38961951423
932.04 -8482.277566422927
1185.94 -8949.528148486515
1132.6 463.3974818074835
857.65 -913.020265338834
1079.2 -5912.74489097626
1207.22 -422.7059283316032
1146.32 -478.74345745801526
880.44 -15826.048059365248
932.78 -2960.6239412490363
1439.54 5965.448174889519
707.8 -810.1745095014793
1217.82 -6061.509872659414
1088.66 -22223.178088704914
1054.38 9825.59773717699
